-0.014 -1 -1 258 0 4 2 -6490 -772 2197
0.000 -1 1 258 -1 0 0 -6455 -687 2212
0.000 2 1 254 3 1 -3 -6435 -707 2202
0.000 0 0 256 -2 0 2 -6465 -697 2185
0.000 0 0 259 -2 0 -1 -6490 -792 2170
0.000 0 -1 258 -2 -1 -2 -6412 -735 2170
0.000 1 1 257 1 0 0 -6465 -745 2145
0.000 3 -1 257 -2 0 0 -6455 -712 2237
0.000 1 0 255 1 0 3 -6465 -712 2170
0.000 1 -3 258 1 1 0 -6475 -740 2207
0.000 2 -3 255 0 1 1 -6460 -750 2202
0.000 0 -2 256 -1 2 -3 -6460 -765 2217
0.000 -2 -1 256 8 18 -9 -6455 -765 2190
0.000 7 4 250 6 69 -3 -6465 -717 2227
0.000 9 -1 268 -6 145 6 -6402 -765 2155
0.000 7 -6 265 2 190 4 -6445 -760 2165
0.000 8 -4 254 -2 251 3 -6455 -740 2170
0.000 7 -2 247 -9 308 -1 -6455 -782 2155
-0.014 -42 9 216 48 164 19 -6470 -802 2155
-0.014 -34 31 240 5 -45 -23 -6507 -777 2150
0.000 -17 1 222 -17 -44 -15 -6470 -755 2117
0.000 -3 -11 244 -17 -44 -23 -6475 -707 2165
0.000 4 -8 258 18 -9 -15 -6460 -740 2135
0.000 11 5 266 -2 40 -4 -6455 -712 2145
0.000 4 5 262 -1 46 9 -6435 -750 2097
0.000 -2 -6 255 -1 25 3 -6427 -745 2145
0.014 -11 0 248 0 -22 -4 -6527 -750 2135
0.000 -3 5 254 3 -27 -19 -6512 -777 2170
0.000 -1 7 257 -1 -15 -34 -6470 -772 2190
0.000 0 -4 258 -3 -7 -51 -6455 -835 2175
0.000 -2 -9 257 -1 -12 -55 -6475 -777 2207
0.000 0 -3 255 -3 -18 -54 -6512 -760 2185
0.000 6 2 256 1 -28 -44 -6485 -735 2130
0.014 6 4 253 -3 -19 -33 -6450 -745 2155
0.000 14 0 261 3 -4 -19 -6460 -735 2112
0.000 14 2 258 3 4 -14 -6485 -755 2165
0.014 15 0 254 5 21 -2 -6470 -782 2190
0.014 13 -2 257 -3 19 6 -6435 -755 2175
0.000 10 -4 258 5 -6 5 -6480 -755 2165
0.028 5 1 258 9 -6 10 -6517 -760 2170
0.000 7 4 250 -5 1 10 -6485 -787 2202
0.028 4 4 251 -1 10 12 -6502 -835 2102
0.014 16 -4 250 7 45 5 -6502 -745 2130
0.014 7 -3 262 0 39 10 -6480 -735 2107
0.014 10 -3 254 18 45 18 -6475 -772 2175
0.028 6 4 249 0 45 20 -6527 -772 2150
0.014 3 0 267 -3 24 16 -6512 -765 2117
0.014 0 3 258 24 -4 22 -6490 -755 2190
0.028 -1 -1 258 -7 -2 37 -6435 -765 2180
0.028 -9 4 261 3 -8 26 -6455 -772 2185
0.028 10 -3 247 6 20 32 -6465 -772 2160
0.028 14 -3 242 -3 41 35 -6460 -745 2185
0.028 9 -6 241 11 -3 70 -6465 -765 2155
0.028 9 -3 244 -1 22 72 -6497 -745 2150
0.043 4 -9 263 12 10 104 -6485 -755 2165
0.014 6 -5 261 12 6 112 -6497 -740 2190
0.028 1 -2 282 -25 31 114 -6507 -735 2155
0.028 4 2 288 42 -21 91 -6497 -692 2130
0.043 2 7 263 -3 14 95 -6450 -717 2170
0.028 -3 -1 263 5 42 70 -6497 -682 2107
0.028 -14 3 270 10 20 64 -6555 -712 2130
0.028 5 3 245 19 -3 46 -6527 -707 2112
0.043 2 0 251 6 9 31 -6522 -712 2107
0.028 2 -6 255 4 16 16 -6480 -735 2160
0.028 0 -3 260 10 7 -1 -6460 -725 2135
0.057 -2 0 261 17 8 -12 -6485 -717 2130
0.028 3 -1 261 2 10 -15 -6470 -702 2155
0.028 2 0 259 -10 19 -16 -6502 -677 2130
0.043 0 2 259 4 21 -28 -6475 -745 2122
0.028 -2 2 249 -7 6 -35 -6485 -677 2170
0.043 -3 1 257 -7 7 -38 -6470 -717 2155
0.043 -5 2 260 -3 -4 -39 -6470 -682 2185
0.028 2 -3 248 -12 6 -50 -6517 -712 2112
0.028 -3 -5 271 -18 -29 -50 -6485 -750 2170
0.057 -1 1 251 -4 -16 -59 -6465 -717 2102
0.028 1 -2 272 -21 -18 -70 -6565 -735 2180
0.043 3 -3 248 -9 -8 -90 -6532 -712 2165
0.057 -7 2 236 -10 -50 -98 -6490 -735 2165
0.043 -3 0 267 -13 -37 -108 -6502 -772 2150
0.028 0 -11 234 7 -15 -124 -6507 -765 2180
0.057 -7 -5 216 11 -63 -123 -6502 -820 2185
0.043 4 7 245 -22 -15 -138 -6507 -712 2122
0.043 -3 3 251 -1 -54 -152 -6490 -745 2130
0.028 0 -1 242 0 -22 -148 -6497 -777 2107
0.057 11 -17 316 -47 -81 -139 -6507 -782 2150
0.043 28 -21 253 -16 3 -130 -6475 -797 2165
0.043 12 4 250 -10 32 -140 -6507 -807 2160
0.057 3 -2 248 17 -9 -105 -6490 -777 2140
0.043 -1 -1 248 -15 -16 -85 -6445 -787 2097
0.057 15 -11 252 6 -22 -59 -6480 -845 2107
0.057 1 -1 261 -2 -8 -55 -6512 -797 2107
0.043 17 10 262 -20 7 -4 -6507 -815 2155
0.057 -8 5 265 -13 96 -30 -6512 -815 2170
0.057 -44 -3 272 33 -72 -19 -6465 -825 2150
0.057 34 -4 203 -42 -7 -19 -6455 -830 2145
0.028 16 -8 230 7 38 -23 -6475 -862 2112
0.057 -24 5 257 21 -13 -29 -6502 -835 2130
0.057 -4 0 254 1 -39 -30 -6450 -862 2107
0.057 -1 4 260 -4 -7 -33 -6490 -792 2150
0.043 -1 0 271 16 -10 -48 -6517 -792 2122
0.057 2 2 260 -35 48 -54 -6512 -820 2150
0.142 -8 -1 256 20 -4 -71 -6517 -825 2170
0.043 -1 -7 243 14 -9 -53 -6537 -840 2165
0.057 -2 -4 252 6 -14 -40 -6512 -820 2155
0.057 0 -5 255 5 -24 -28 -6485 -797 2117
0.057 -7 -1 260 14 -32 -10 -6485 -840 2170
0.043 -5 -1 264 11 -30 -3 -6512 -835 2117
0.057 -1 2 260 7 -17 1 -6490 -862 2150
0.043 4 -3 246 9 18 -2 -6490 -845 2150
0.057 -3 -3 254 21 -4 -7 -6445 -867 2180
0.057 2 0 253 2 -6 -8 -6517 -830 2130
0.057 5 -1 257 11 4 -15 -6470 -825 2135
0.057 -4 1 259 15 -10 -28 -6455 -787 2160
0.043 -4 -1 259 10 -9 -41 -6490 -892 2130
0.085 -6 0 262 8 -8 -62 -6460 -845 2190
0.057 -8 -1 270 4 14 -78 -6470 -840 2207
0.043 0 -1 259 18 2 -87 -6512 -845 2150
0.057 -1 0 258 11 9 -86 -6417 -862 2150
0.057 -2 -1 248 4 -10 -79 -6512 -855 2155
0.043 4 -3 257 15 1 -64 -6507 -855 2122
0.057 0 -5 256 17 6 -49 -6527 -872 2165
0.057 3 1 257 0 5 -36 -6480 -840 2175
0.057 5 -1 258 -1 7 -21 -6460 -862 2170
0.057 -1 -1 257 2 12 -17 -6475 -872 2140
0.057 2 -3 258 7 27 -18 -6455 -910 2155
0.057 0 -2 261 13 34 -17 -6455 -882 2197
0.057 -3 -1 255 11 26 -26 -6480 -862 2145
0.057 -1 -1 258 10 15 -39 -6465 -905 2135
0.057 -3 1 253 11 9 -51 -6485 -855 2227
0.071 -1 3 257 11 13 -61 -6517 -797 2072
0.057 -4 3 261 20 -15 -70 -6502 -835 2067
0.057 -16 4 277 22 -52 -74 -6480 -840 2117
0.057 -7 0 292 -19 -23 -99 -6527 -887 2155
0.057 11 3 279 9 -8 -84 -6527 -925 2130
0.071 6 2 265 11 -7 -79 -6522 -872 2112
0.057 5 1 261 -4 -6 -71 -6490 -892 2130
0.057 0 0 263 -9 -13 -71 -6502 -905 2155
0.057 4 -3 243 -7 17 -62 -6547 -910 2140
0.071 4 -2 254 -11 55 -64 -6507 -897 2140
0.085 -16 -1 313 47 -8 -66 -6490 -920 2145
0.057 -2 8 260 -1 -1 -73 -6512 -930 2135
0.057 -1 2 246 -4 18 -73 -6527 -925 2150
0.071 -3 -6 260 13 2 -79 -6517 -935 2155
0.057 -5 3 261 4 0 -97 -6512 -935 2160
0.071 2 6 263 -21 30 -111 -6542 -925 2107
0.057 -1 -2 257 -1 55 -138 -6440 -920 2135
0.057 -5 2 259 -8 58 -168 -6512 -925 2097
0.071 -6 -1 256 -15 44 -186 -6502 -945 2130
0.057 -11 0 254 -8 0 -184 -6475 -972 2107
0.071 5 -1 241 3 20 -177 -6517 -957 2122
0.071 5 1 244 0 23 -156 -6517 -995 2122
0.071 11 0 241 -15 52 -132 -6445 -962 2130
0.071 4 -1 251 16 9 -105 -6490 -1035 2160
0.057 3 -2 256 11 -22 -81 -6527 -982 2145
0.085 -9 -1 266 23 -100 -52 -6502 -1005 2072
0.057 20 0 184 -39 63 -58 -6485 -1010 2122
0.071 10 -19 255 12 44 -35 -6512 -1052 2112
0.071 7 -10 263 56 -6 -45 -6480 -1025 2155
0.071 10 6 271 29 -59 -33 -6475 -977 2150
0.071 -6 10 258 -28 37 -14 -6527 -1020 2092
0.071 -20 -3 306 23 -26 -30 -6565 -1020 2092
0.085 -16 3 242 20 -97 -18 -6512 -1005 2145
0.057 -14 -8 238 -25 -31 -22 -6517 -1030 2130
0.113 26 -13 238 54 37 -35 -6465 -1042 2122
0.057 -27 7 276 19 -4 -19 -6490 -1052 2117
0.085 -15 7 260 -32 22 -18 -6527 -1015 2122
0.057 -11 -3 251 9 1 -28 -6532 -1057 2102
0.071 -6 -4 253 2 -1 -38 -6497 -1042 2097
0.071 5 -5 239 10 16 -41 -6512 -1005 2117
0.071 -20 3 259 4 3 -44 -6570 -1020 2175
0.085 -7 1 244 12 0 -46 -6522 -1042 2165
0.057 0 -4 250 22 2 -30 -6542 -1047 2097
0.071 -1 -3 263 16 -24 -21 -6502 -1020 2122
0.071 -1 1 267 6 5 -17 -6455 -1030 2102
0.071 12 1 262 9 -5 -8 -6527 -1025 2130
0.099 1 3 256 4 3 5 -6527 -1062 2117
0.071 -7 0 269 2 -18 0 -6580 -1030 2135
0.071 -4 -2 254 1 -32 -4 -6507 -1042 2130
0.071 -11 -2 258 -3 -8 -12 -6507 -1085 2165
0.071 -18 -5 284 9 -43 -32 -6455 -1072 2160
0.071 6 -7 252 13 -31 -28 -6490 -1067 2135
0.071 4 6 231 -9 -3 -50 -6480 -1057 2135
0.071 -11 5 265 -26 27 -55 -6475 -1085 2097
0.071 -12 5 247 -4 43 -66 -6522 -1067 2107
0.071 -9 -2 259 21 30 -64 -6497 -1062 2155
0.071 2 -1 260 21 -20 -45 -6527 -1030 2145
0.057 2 4 259 0 19 -35 -6527 -1047 2097
0.085 -7 2 263 15 20 -22 -6537 -1072 2197
0.085 -5 1 253 4 13 -20 -6542 -1072 2202
0.057 3 -6 250 17 31 -20 -6555 -1042 2135
0.085 4 -3 260 -7 9 -17 -6512 -1072 2102
0.057 3 -2 266 1 4 -28 -6502 -1085 2145
0.085 -13 1 272 2 1 -29 -6517 -1085 2130
0.057 3 -5 245 10 -2 -41 -6527 -1057 2112
0.071 -7 4 277 -12 -4 -47 -6502 -1072 2117
0.057 13 -9 254 -5 29 -65 -6470 -1020 2140
0.085 -23 4 265 22 32 -76 -6532 -1057 2087
0.057 -10 0 267 -19 24 -75 -6497 -1072 2107
0.071 -3 -1 256 11 7 -69 -6517 -1067 2140
0.057 -10 3 243 14 14 -67 -6507 -1125 2165
0.184 -12 -4 264 -12 13 -6 -6507 -1095 2102
0.071 -4 -4 261 5 14 -1 -6537 -1062 2077
0.071 5 -7 260 3 13 12 -6470 -1115 2082
0.057 2 -1 257 7 16 26 -6507 -1125 2087
0.071 -7 0 257 0 10 27 -6475 -1120 2092
0.071 -4 -1 254 2 -2 23 -6490 -1115 2092
0.071 -7 -2 266 4 18 12 -6527 -1085 2087
0.057 -10 3 276 10 -12 11 -6532 -1110 2102
0.071 -13 4 255 -13 4 13 -6537 -1137 2072
0.071 6 -3 270 3 -33 8 -6497 -1120 2077
0.057 4 -1 266 -17 -34 8 -6570 -1110 2102
0.085 -15 -1 286 14 -4 -13 -6537 -1030 2055
0.085 -7 3 243 0 6 22 -6522 -1095 2107
0.057 -7 -4 273 23 1 50 -6475 -1137 2107
0.085 -6 -6 272 6 -25 73 -6532 -1105 2107
0.057 3 -2 263 10 -4 86 -6485 -1095 2160
0.071 0 -1 262 16 -2 103 -6560 -1072 2062
0.057 -8 2 260 7 -8 115 -6490 -1035 2062
0.071 -10 5 254 11 -5 121 -6560 -1052 2107
0.057 -9 5 264 3 0 120 -6547 -1105 2092
0.071 -9 3 255 15 11 109 -6555 -1072 2112
0.057 -3 -2 254 -3 20 93 -6485 -1067 2140
0.071 -13 1 301 26 -11 98 -6527 -1047 2097
0.057 -14 0 265 -12 0 82 -6517 -1095 2107
0.085 -4 -1 234 -28 29 67 -6512 -1035 2117
0.057 -8 0 252 1 9 71 -6512 -1030 2122
0.071 -11 2 257 -22 9 78 -6522 -1025 2112
0.057 -19 7 256 -15 -16 71 -6490 -995 2112
0.057 -7 -1 252 -19 -22 62 -6507 -1025 2130
0.057 -1 2 243 -28 -12 44 -6490 -987 2145
0.071 -6 4 257 -23 -41 30 -6480 -1010 2155
0.057 -4 6 248 -30 -46 18 -6445 -1005 2122
0.057 0 4 253 -19 -19 3 -6460 -1000 2160
0.057 -12 6 265 -13 -38 1 -6465 -1020 2107
0.057 -11 1 258 -5 -30 1 -6485 -987 2117
0.057 -8 -2 263 -7 -22 -4 -6490 -1025 2112
0.085 -9 3 265 -21 -2 1 -6497 -1025 2062
0.057 -7 -1 264 -11 27 -6 -6485 -1042 2072
0.057 -28 2 260 -11 -22 -25 -6547 -1062 2155
0.057 1 2 250 -24 21 -14 -6470 -1005 2112
0.057 -17 1 269 15 -13 -20 -6497 -987 2107
0.057 -10 -6 243 19 -50 6 -6560 -1042 2097
0.057 0 -6 257 3 -19 10 -6507 -1005 2082
0.057 1 -3 258 5 3 19 -6522 -1030 2112
0.057 -5 0 255 12 6 16 -6497 -1010 2135
0.057 -6 2 255 5 5 8 -6490 -1020 2150
0.057 -7 0 246 8 -15 -1 -6480 -1010 2117
0.057 -8 1 259 2 -30 -6 -6480 -1035 2130
0.057 -4 1 250 12 -18 -8 -6450 -1015 2112
0.071 -8 -4 259 13 -3 -19 -6497 -1000 2130
0.057 -4 -6 261 7 -16 -19 -6445 -982 2107
0.043 -5 1 260 2 -31 -19 -6460 -1020 2130
0.057 -2 3 250 -7 -25 -25 -6497 -1005 2102
0.043 -4 1 261 5 -28 -36 -6517 -982 2117
0.057 1 2 251 1 5 -40 -6532 -957 2155
0.057 -8 1 272 12 -32 -40 -6537 -1057 2112
0.057 5 5 237 -10 11 -42 -6475 -1005 2150
0.043 -1 -2 254 13 19 -49 -6497 -952 2117
0.057 -9 -2 281 18 -44 -48 -6502 -952 2122
0.057 0 0 266 -10 -29 -53 -6460 -1052 2112
0.057 -15 1 266 -20 -16 -57 -6480 -1042 2082
0.071 -4 -6 261 14 24 -85 -6502 -1042 2150
0.057 0 0 251 -5 7 -94 -6440 -1057 2140
0.043 12 3 235 -19 28 -104 -6490 -1062 2117
0.057 -14 5 268 -6 14 -102 -6527 -1062 2112
0.028 -11 -4 246 13 -12 -102 -6502 -1085 2117
0.071 -7 -3 253 16 -43 -89 -6480 -1132 2082
0.057 0 0 246 1 -20 -78 -6502 -1110 2112
0.028 0 -5 262 13 -28 -70 -6480 -1062 2107
0.057 6 -3 253 3 8 -64 -6522 -1052 2112
0.057 7 -1 251 6 46 -68 -6502 -1025 2122
0.043 -5 1 288 14 -34 -64 -6547 -1132 2150
0.057 -4 3 262 -30 14 -65 -6532 -1142 2135
0.085 -2 3 265 15 -39 -68 -6497 -1095 2097
0.043 -4 0 251 1 -20 -65 -6475 -1120 2140
0.057 -11 1 259 -2 -15 -68 -6485 -1115 2185
0.057 -12 0 260 5 -23 -65 -6455 -1125 2140
0.043 -4 2 251 17 -47 -55 -6502 -1142 2102
0.043 0 3 247 3 -11 -53 -6450 -1125 2112
0.057 6 -4 268 5 38 -54 -6485 -1090 2087
0.043 -1 -4 257 13 10 -66 -6537 -1132 2130
0.057 6 4 258 7 51 -75 -6502 -1167 2122
0.043 -4 6 274 36 -16 -75 -6517 -1162 2112
0.057 -4 1 258 3 -1 -80 -6560 -1072 2150
0.057 1 -1 255 11 -7 -80 -6497 -1110 2150
0.057 -2 1 263 -3 -11 -90 -6547 -1115 2145
0.057 0 1 262 5 15 -98 -6465 -1152 2112
0.043 -3 0 261 4 31 -112 -6532 -1105 2122
0.057 2 0 249 -5 37 -125 -6480 -1142 2087
0.043 -3 4 256 3 3 -134 -6507 -1162 2160
0.057 -7 4 255 -16 -7 -137 -6490 -1162 2160
0.043 -4 1 252 -7 -21 -129 -6475 -1132 2135
0.057 -5 -4 258 -14 -37 -121 -6497 -1162 2175
0.043 1 -3 259 -11 -17 -111 -6490 -1162 2130
0.057 -6 -5 243 11 -5 -116 -6480 -1195 2145
0.057 -5 -2 258 3 -3 -116 -6497 -1242 2107
0.043 -5 -2 255 10 15 -135 -6527 -1210 2140
0.142 -6 1 256 14 -1 -179 -6532 -1185 2102
0.057 -5 2 257 6 -8 -192 -6537 -1232 2092
0.043 -3 1 261 11 -6 -204 -6497 -1175 2140
0.043 -2 0 258 -2 0 -208 -6507 -1210 2102
0.057 0 -1 260 6 8 -223 -6537 -1270 2117
0.043 -3 -2 257 17 4 -241 -6542 -1275 2117
0.043 -2 -1 259 4 7 -261 -6480 -1285 2112
0.071 -6 0 257 4 1 -279 -6460 -1275 2170
0.043 -6 -1 255 4 -5 -297 -6522 -1322 2135
0.043 -5 1 257 7 1 -311 -6497 -1312 2092
0.057 -2 0 263 -7 -7 -329 -6507 -1305 2122
0.043 -7 2 255 -9 -13 -362 -6517 -1355 2117
0.071 -3 1 259 -2 -13 -403 -6485 -1385 2122
0.057 -6 0 259 -17 -14 -428 -6527 -1427 2097
0.043 -8 0 254 -9 -14 -443 -6502 -1407 2087
0.057 -7 0 255 -9 -5 -461 -6507 -1455 2097
0.028 -5 2 261 -18 -6 -480 -6497 -1470 2122
0.057 -8 -4 255 -2 -17 -491 -6507 -1455 2135
0.043 -12 -4 262 -11 -17 -508 -6485 -1470 2140
0.043 -2 -3 266 -17 -28 -519 -6460 -1512 2145
0.057 -5 -1 252 -17 -37 -532 -6475 -1502 2145
0.043 -2 2 267 -19 -11 -550 -6475 -1582 2107
0.043 -5 4 263 -18 -4 -566 -6480 -1592 2140
0.071 -1 -1 257 -11 3 -598 -6475 -1612 2112
0.043 -4 3 255 -26 -13 -618 -6450 -1707 2072
0.043 -8 1 257 4 -10 -634 -6455 -1745 2050
0.057 -9 3 253 -16 9 -657 -6460 -1735 2112
0.043 3 -6 252 -21 -20 -653 -6537 -1815 2077
0.043 2 -14 253 -3 6 -686 -6502 -1810 2067
0.043 -9 2 267 -10 8 -690 -6527 -1815 2087
0.043 -3 -4 245 -13 -17 -691 -6470 -1862 2102
0.043 3 -6 255 -8 2 -700 -6445 -1882 2117
0.043 0 -5 254 -2 -17 -708 -6460 -1947 2112
0.057 -4 -2 252 -17 -8 -725 -6455 -1990 2082
0.043 -6 -3 253 -13 -21 -745 -6402 -2042 2082
0.057 -7 -3 260 -15 -27 -765 -6445 -2047 2082
0.043 -6 -3 263 -8 -14 -777 -6435 -2152 2117
0.043 -6 -1 262 -19 -3 -788 -6455 -2147 2117
0.043 -7 -1 254 -14 -5 -797 -6427 -2222 2077
0.043 -8 -3 251 -1 -9 -801 -6372 -2190 2072
0.043 -4 -1 255 -8 -13 -795 -6407 -2285 2055
0.043 -1 -3 257 3 -7 -784 -6440 -2237 2062
0.043 -4 1 258 -8 5 -772 -6402 -2350 2072
0.043 -9 -3 253 4 3 -769 -6450 -2375 2050
0.028 -4 -2 257 -18 4 -775 -6440 -2407 2112
0.043 -5 -9 245 -2 -15 -774 -6407 -2427 2067
0.043 -5 -3 252 -8 -20 -784 -6387 -2455 2082
0.057 -2 -2 254 -17 9 -792 -6340 -2545 2072
0.043 -2 -3 270 7 -18 -810 -6365 -2607 2050
0.028 -10 9 246 -11 10 -821 -6345 -2607 2102
0.043 -10 -5 252 18 -34 -806 -6345 -2625 2055
0.043 2 3 228 -21 56 -822 -6320 -2725 2112
0.043 4 -7 248 0 -30 -808 -6277 -2725 2102
0.043 -17 9 257 12 -29 -780 -6325 -2805 2122
0.043 12 -2 199 9 -78 -762 -6302 -2805 2082
0.043 -3 3 291 12 -7 -764 -6320 -2852 2067
0.043 5 -11 270 -2 19 -761 -6307 -2872 2150
0.043 5 -1 271 -1 46 -764 -6262 -2900 2055
0.057 -7 -2 254 -2 2 -782 -6240 -2920 2035
0.043 -2 -2 266 -6 11 -795 -6240 -2985 2082
0.043 0 -3 257 2 -10 -810 -6215 -3047 2072
0.043 -12 -1 255 -5 -10 -813 -6200 -3062 2055
0.043 -2 -2 257 -13 3 -815 -6200 -3122 2040
0.043 -6 -4 253 -21 -8 -813 -6172 -3122 2092
0.043 -4 -5 250 -20 -21 -802 -6162 -3165 2092
0.043 -6 -6 258 -4 -25 -786 -6152 -3165 2050
0.043 -5 -5 261 -11 -4 -778 -6142 -3207 2067
0.043 -5 -7 259 -3 10 -772 -6110 -3265 2082
0.043 -6 -5 258 2 11 -774 -6105 -3280 2055
0.028 -6 -2 254 7 10 -779 -6120 -3327 2045
0.043 -7 -2 257 -2 -2 -784 -6000 -3345 2077
0.043 -4 -4 249 7 1 -788 -6052 -3407 2077
0.043 -4 -8 259 1 18 -797 -6032 -3422 2040
0.043 -7 -8 259 6 28 -804 -5995 -3482 2035
0.043 -6 -5 256 2 26 -810 -5995 -3502 1995
0.014 -3 -4 256 -2 22 -811 -6017 -3535 2030
0.043 -7 2 250 3 -2 -817 -5975 -3565 2035
0.043 -1 3 255 -14 -22 -820 -6012 -3582 2010
0.043 0 2 254 -23 -29 -820 -5932 -3635 2072
0.028 -3 1 255 -34 -35 -815 -5955 -3682 1977
0.043 -6 0 254 -36 -55 -806 -5927 -3752 1995
0.043 -5 -2 253 -47 -74 -809 -5892 -3725 2025
0.057 1 -6 263 -21 -35 -808 -5870 -3715 2025
0.043 1 -1 264 -32 -27 -812 -5835 -3800 2077
0.043 2 -2 254 -19 -39 -821 -5822 -3847 2062
0.043 -5 -2 259 -18 -34 -815 -5777 -3915 2015
0.028 2 -8 253 -15 -29 -818 -5720 -4000 2020
0.043 -1 -3 258 -7 -45 -814 -5730 -3967 2005
0.043 -9 4 262 -18 -7 -813 -5735 -4005 2030
0.028 -10 -6 246 -13 -12 -796 -5725 -4010 2025
0.043 2 -2 260 -18 -9 -796 -5682 -4037 2030
0.043 -7 -2 262 -13 -7 -782 -5635 -4057 2055
0.043 -1 -3 241 -22 6 -776 -5657 -4080 2025
0.113 -5 -1 252 -20 -5 -746 -5652 -4170 2045
0.028 -8 -2 252 -1 -22 -742 -5577 -4195 2077
0.043 -2 -2 260 -8 -12 -728 -5547 -4265 2015
0.043 0 -4 257 -11 4 -719 -5495 -4170 2015
0.057 -5 -9 257 -3 13 -708 -5490 -4265 2020
0.028 -5 -5 254 -11 24 -692 -5505 -4302 2020
0.043 -7 -5 258 2 25 -685 -5470 -4332 1982
0.043 -6 -3 253 -3 25 -676 -5437 -4387 2010
0.028 -4 -4 252 -5 17 -665 -5417 -4382 2030
0.043 -3 0 256 -10 6 -654 -5390 -4435 2010
0.028 -6 -2 253 -7 27 -653 -5370 -4407 1977
0.043 -13 -4 276 -6 19 -634 -5345 -4422 1987
0.043 -8 -1 258 -9 18 -642 -5340 -4477 2050
0.043 -12 -4 252 12 25 -628 -5292 -4472 2067
0.028 -1 -3 272 3 15 -620 -5332 -4507 1972
0.028 -22 5 279 34 -2 -615 -5275 -4520 2020
0.043 -15 13 301 -20 10 -579 -5245 -4592 2010
0.028 10 -4 260 6 34 -577 -5255 -4567 1995
0.028 -4 -4 267 18 0 -565 -5260 -4687 2025
0.057 4 -2 265 -9 51 -561 -5240 -4635 2055
0.028 -19 5 260 33 23 -583 -5212 -4620 1995
0.028 -11 -2 255 7 37 -583 -5182 -4667 2035
0.028 -5 -2 257 6 35 -603 -5162 -4677 2005
0.043 -7 0 250 -3 11 -613 -5155 -4667 1995
0.043 -9 1 269 -12 -1 -628 -5155 -4720 1972
0.028 -5 -1 257 3 -18 -641 -5100 -4720 2000
0.028 -4 2 260 -1 -9 -645 -5067 -4777 2020
0.043 -6 3 257 -15 -2 -640 -5020 -4757 2067
0.028 -6 -3 255 -13 -9 -639 -5015 -4762 2020
0.043 -6 -3 252 -15 -22 -635 -5000 -4810 2015
0.028 -8 -3 254 -24 -39 -623 -4957 -4847 1995
0.028 -8 -3 254 -25 -39 -622 -4962 -4820 2000
0.043 -6 -3 259 -19 -33 -620 -4967 -4905 2015
0.028 2 -3 262 -13 -20 -626 -4880 -4862 2050
0.028 -1 1 259 -9 -4 -637 -4875 -4937 2010
0.057 0 -3 256 -2 6 -643 -4875 -4927 1987
0.028 -3 -3 255 -1 5 -656 -4855 -4957 2005
0.028 -4 -2 255 -1 0 -667 -4865 -4985 1982
0.043 -1 -3 253 -7 -3 -672 -4765 -4975 1972
0.028 0 -1 255 -3 3 -677 -4702 -5065 1987
0.043 2 -4 261 2 0 -677 -4722 -5022 1977
0.028 -2 -2 260 -3 0 -670 -4702 -5032 1977
0.043 -2 -4 260 -4 3 -663 -4665 -5010 2015
0.028 -1 -1 257 -1 -2 -653 -4607 -5065 1977
0.043 -2 0 255 -7 0 -653 -4640 -5122 1977
0.028 -3 -4 253 -17 -9 -659 -4567 -5060 1962
0.043 -3 -2 254 -12 -24 -663 -4587 -5127 1995
0.043 -6 -3 258 -24 -30 -674 -4582 -5122 1987
0.043 -2 -6 250 -13 -26 -683 -4510 -5165 1987
0.043 -3 0 257 -13 -28 -682 -4467 -5165 2025
0.043 -1 -2 263 -26 -14 -674 -4487 -5202 1962
0.043 -4 -7 256 -15 -16 -668 -4452 -5185 2005
0.043 -1 -5 257 -14 -8 -654 -4447 -5227 1952
0.028 -2 -5 258 -28 -14 -637 -4415 -5212 1972
0.043 -3 -4 256 -17 -17 -630 -4375 -5232 1987
0.057 0 0 256 -26 -17 -626 -4300 -5255 1977
0.028 0 -4 256 -23 -18 -618 -4332 -5260 2005
0.043 1 -3 254 -14 -14 -616 -4300 -5265 1952
0.071 -1 -3 256 -22 -12 -612 -4300 -5335 1972
0.028 0 -4 249 -17 -11 -609 -4192 -5312 1967
0.043 4 -6 255 -16 -6 -602 -4192 -5330 1937
0.057 1 -1 260 -19 -13 -601 -4165 -5307 2010
0.028 -1 -4 250 -11 -12 -589 -4135 -5365 1977
0.043 1 -7 248 -8 16 -597 -4087 -5360 1982
0.057 1 -5 250 -16 -14 -585 -4050 -5435 1987
0.028 -5 -5 251 -14 -17 -593 -4010 -5412 1977
0.057 1 -6 257 -12 5 -592 -4030 -5365 1947
0.043 -6 -1 254 -20 -5 -597 -4020 -5420 1937
0.057 -2 -1 256 -21 -10 -603 -4010 -5407 1967
0.057 -2 -6 257 -21 -12 -598 -3915 -5420 1995
0.043 2 -5 253 -16 -13 -599 -3947 -5430 1995
0.043 -1 -7 258 -15 -10 -589 -3915 -5482 1947
0.057 -4 -3 253 -18 -3 -586 -3900 -5487 1952
0.043 -6 -5 256 -21 -6 -580 -3867 -5497 1957
0.043 -6 -9 254 -6 -7 -581 -3810 -5525 1962
0.043 -6 -9 253 -17 -2 -596 -3785 -5497 1937
0.057 0 -5 261 -4 7 -606 -3770 -5530 1982
0.043 4 -5 261 -11 10 -609 -3685 -5540 1977
0.028 -2 -1 260 -8 4 -627 -3757 -5530 1987
0.057 -4 -7 256 -12 4 -637 -3665 -5550 1987
0.043 -5 -4 254 -11 -10 -644 -3675 -5540 2010
0.071 -5 -4 257 -11 -5 -642 -3637 -5545 1967
0.043 -4 -6 255 -7 -12 -633 -3587 -5605 1905
0.057 -5 -3 254 -28 -7 -620 -3502 -5587 1952
0.043 -4 -4 259 -11 -5 -609 -3435 -5577 1957
0.057 -8 -6 256 -9 -4 -600 -3415 -5657 1915
0.043 0 -3 257 -11 2 -590 -3420 -5610 1967
0.057 2 -5 257 -10 -4 -585 -3520 -5647 1982
0.028 2 -3 249 -20 -10 -590 -3440 -5635 2005
0.057 4 -3 260 -11 -2 -588 -3450 -5630 1987
0.057 0 -7 259 0 -5 -586 -3357 -5630 1942
0.043 -3 -7 255 3 3 -579 -3362 -5620 1910
0.128 -3 -7 259 -1 9 -559 -3227 -5652 1982
0.057 -3 -6 254 0 9 -553 -3237 -5635 2035
0.043 -2 -6 256 -8 1 -542 -3222 -5677 1962
0.057 -4 -4 255 -2 -7 -533 -3185 -5710 1967
0.057 0 -4 258 7 -8 -525 -3227 -5667 1972
0.057 -1 -2 259 -11 -5 -513 -3142 -5695 1952
0.043 -2 -3 252 -18 -20 -505 -3147 -5705 1977
0.057 -3 -9 256 -2 -20 -486 -3112 -5640 1920
0.057 -4 -6 257 3 -17 -475 -3040 -5720 1957
0.057 0 -6 258 1 3 -466 -3045 -5695 1982
0.043 1 -9 258 6 19 -471 -3040 -5672 1942
0.043 -3 -10 265 13 12 -482 -2992 -5725 1932
0.085 3 -7 258 14 7 -493 -2992 -5752 1925
0.057 -4 -2 255 13 12 -500 -2960 -5720 1937
0.057 -2 -5 258 16 13 -500 -2930 -5725 1942
0.043 -2 -5 254 5 20 -500 -2930 -5715 1957
0.057 -4 -10 254 0 17 -498 -2915 -5720 1920
0.057 -5 -8 256 -1 6 -488 -2907 -5772 1952
0.043 -4 -6 253 -3 3 -487 -2867 -5715 1995
0.043 -4 0 257 -9 -6 -486 -2835 -5715 1962
0.057 -7 5 253 -17 -10 -485 -2782 -5737 1977
0.057 -7 0 254 -24 -28 -484 -2777 -5832 1910
0.057 -9 -3 253 -23 -48 -473 -2715 -5785 1910
0.057 -8 -2 257 -34 -58 -465 -2705 -5772 1957
0.085 -3 -3 258 -38 -71 -458 -2695 -5785 1942
0.057 -1 -5 264 -37 -42 -447 -2705 -5785 1910
0.043 -3 -8 258 -26 -31 -455 -2632 -5742 1977
0.057 -1 -8 258 -17 -24 -465 -2642 -5762 1972
0.057 -2 -9 257 -23 -18 -473 -2600 -5777 1962
0.057 -4 -7 258 -17 -20 -477 -2550 -5790 1952
0.057 -2 -3 260 -15 -10 -481 -2575 -5785 1947
0.043 -2 -3 256 -20 -4 -480 -2527 -5800 1937
0.057 -3 -7 257 -12 -5 -476 -2497 -5795 1942
0.057 -4 -3 253 -6 -5 -468 -2507 -5767 1932
0.057 -4 -5 256 -4 -9 -459 -2465 -5790 1932
0.071 -3 -6 254 -10 -8 -442 -2435 -5790 1962
0.057 -1 -7 255 -2 -7 -429 -2402 -5752 1957
0.057 2 -5 260 -17 -2 -413 -2382 -5805 1957
0.057 0 -3 258 -9 2 -400 -2377 -5800 2020
0.043 -2 -6 253 -1 -4 -384 -2392 -5752 1967
0.057 -3 -4 256 -8 2 -383 -2335 -5800 1957
0.057 -2 -5 255 -8 1 -389 -2320 -5762 1957
0.043 -2 -7 252 -9 -5 -397 -2315 -5795 1942
0.071 1 -8 260 -6 -12 -400 -2302 -5767 1910
0.057 -1 -5 255 4 -7 -400 -2272 -5762 1962
0.043 -2 -3 257 6 -3 -390 -2230 -5795 1920
0.057 2 -1 258 -2 8 -367 -2200 -5810 1905
0.085 1 -2 255 2 -9 -340 -2172 -5767 1982
0.043 2 -2 258 0 -9 -316 -2132 -5747 2000
0.071 4 -1 257 -5 -4 -295 -2172 -5777 2015
0.043 3 -6 256 5 1 -274 -2137 -5742 1932
0.071 3 -6 256 15 3 -257 -2132 -5785 1925
0.057 4 -3 260 9 15 -245 -2105 -5800 1937
0.057 3 -5 253 9 12 -230 -2115 -5747 1962
0.071 -2 -7 258 13 5 -224 -2090 -5810 1962
0.057 1 -5 259 15 8 -228 -2052 -5777 1967
0.057 3 -6 259 18 17 -229 -2042 -5805 1915
0.057 1 -6 258 21 32 -238 -2037 -5730 1942
0.071 0 -7 255 19 36 -231 -2012 -5752 1987
0.071 -6 -4 252 21 8 -220 -2047 -5757 2010
0.071 -3 -2 255 -3 10 -218 -2022 -5795 1925
0.057 -5 1 260 -10 3 -219 -2007 -5747 1957
0.057 -3 -1 254 6 3 -225 -2007 -5747 1967
0.071 0 -3 258 2 6 -230 -2017 -5762 2005
0.057 -4 -3 255 -2 -1 -225 -2007 -5762 1987
0.071 -7 -6 253 -5 -17 -216 -2007 -5757 1987
0.057 -6 -2 252 -20 -34 -203 -1945 -5772 2040
0.057 -5 -3 256 -13 -37 -184 -1932 -5805 2000
0.071 3 -3 266 -9 -8 -173 -1922 -5777 1952
0.057 4 -3 261 -4 3 -163 -1950 -5785 1972
0.071 4 -2 261 3 2 -151 -1927 -5747 1952
0.085 4 -5 252 -3 -7 -133 -1917 -5795 1962
0.071 2 -3 260 -8 -11 -126 -1937 -5790 1920
0.057 4 -5 259 2 -2 -120 -1937 -5800 2005
0.071 2 -4 260 6 15 -123 -1912 -5757 1925
0.057 -6 -3 262 6 -1 -135 -1892 -5795 1957
0.071 2 -6 255 0 3 -142 -1902 -5810 1952
0.057 0 -3 257 -11 11 -147 -1912 -5757 1967
0.085 -6 -2 250 -1 2 -153 -1907 -5752 1972
0.071 -4 -1 253 -6 -4 -144 -1870 -5715 1932
0.057 -6 -1 256 -16 -6 -136 -1875 -5720 1977
0.071 -2 -4 249 -11 -26 -117 -1855 -5772 1982
0.071 -1 -1 257 -26 -29 -94 -1865 -5752 2010
0.085 1 -1 259 -34 -23 -77 -1807 -5752 1987
0.085 -1 -1 270 -15 6 -77 -1860 -5742 1942
0.071 -7 -5 254 -18 -7 -76 -1902 -5725 1972
0.057 -1 -7 255 -22 0 -75 -1882 -5752 1972
0.085 -3 -7 256 -19 -4 -82 -1817 -5762 1947
0.057 -1 -7 257 -23 -5 -97 -1825 -5767 1972
0.071 -1 -7 253 -16 -15 -114 -1860 -5777 1925
0.071 -4 -5 251 -15 -29 -127 -1835 -5757 1962
0.085 1 -4 254 -13 -35 -131 -1777 -5757 1915
0.057 -1 -3 251 -9 -30 -117 -1755 -5720 1932
0.071 6 -4 255 -7 -17 -91 -1797 -5757 1957
0.213 4 -7 259 -1 -4 -14 -1797 -5762 1962
0.071 3 -4 257 7 -15 11 -1740 -5715 1957
0.085 4 -4 254 12 -24 34 -1755 -5682 1972
0.071 6 -1 256 -5 -22 46 -1715 -5757 1967
0.071 2 -5 254 2 -31 56 -1825 -5742 1942
0.085 -1 -2 254 1 -27 63 -1840 -5742 1952
0.085 -1 -3 258 1 -11 52 -1802 -5757 1957
0.071 -3 -3 253 0 -13 41 -1740 -5795 2005
0.071 -2 -4 258 -7 -19 34 -1797 -5747 1982
0.085 -4 -3 255 -13 -21 27 -1792 -5737 1977
0.071 -3 -3 257 -1 -14 21 -1777 -5687 1967
0.085 -2 2 263 -6 -8 22 -1792 -5730 1957
0.113 4 3 262 -27 20 30 -1797 -5730 1952
0.085 2 -3 256 -8 13 44 -1817 -5747 1920
0.057 6 -7 254 -5 11 64 -1840 -5790 1987
0.085 2 -5 257 -9 2 74 -1807 -5752 1952
0.085 1 -4 255 11 -7 79 -1830 -5742 1987
0.071 3 -5 261 -2 5 76 -1817 -5777 2015
0.085 0 -7 258 7 -3 64 -1830 -5785 1982
0.085 -3 -2 254 10 -4 45 -1830 -5772 1925
0.085 2 0 262 -24 0 23 -1825 -5772 1947
0.071 -3 -2 256 -19 18 2 -1825 -5762 1977
0.085 -1 -5 260 -2 22 -12 -1845 -5737 1982
0.085 1 -6 253 -1 15 -13 -1835 -5772 1957
0.071 -6 -6 250 3 -11 2 -1817 -5730 1995
0.113 -4 -4 250 2 -32 20 -1850 -5752 1937
0.085 -4 -1 254 14 -42 34 -1835 -5752 2005
0.085 5 -3 256 17 -24 49 -1860 -5777 1995
0.085 3 -1 259 0 -6 60 -1860 -5762 1987
0.085 3 -8 259 12 -6 69 -1870 -5747 2005
0.071 2 -6 254 4 -14 80 -1875 -5747 2015
0.085 -1 -12 245 18 6 72 -1875 -5720 1987
0.085 2 -9 256 18 10 71 -1865 -5757 1915
0.085 2 -6 262 3 17 60 -1855 -5742 1987
0.099 -2 -7 255 23 0 44 -1875 -5752 1952
0.071 -6 5 261 -14 20 33 -1882 -5790 1937
0.085 -5 -1 258 -7 29 16 -1887 -5772 1967
0.113 -5 -7 256 2 24 10 -1892 -5687 1942
0.085 -4 -9 255 18 9 17 -1897 -5762 1947
0.071 -6 -6 253 6 -10 31 -1907 -5742 1972
0.085 -9 -6 249 4 -33 54 -1902 -5757 1967
0.099 -7 -8 247 17 -40 78 -1845 -5767 2015
0.085 4 0 264 10 -20 84 -1892 -5815 2015
0.071 2 -5 264 16 7 91 -1882 -5737 1937
0.085 3 -7 261 27 16 82 -1882 -5720 1995
0.085 -2 -6 252 16 29 71 -1870 -5742 2035
0.085 -3 -6 252 14 31 51 -1937 -5737 1982
0.071 -6 -5 256 22 30 32 -1875 -5772 1995
0.085 -10 -3 257 29 27 28 -1882 -5747 1995
0.113 -3 -7 259 -3 40 23 -1922 -5747 1995
0.085 -5 -4 261 -1 38 14 -1887 -5742 1972
0.071 -4 0 254 1 37 11 -1917 -5757 2040
0.071 -5 1 243 -3 -11 22 -1932 -5737 1982
0.085 2 1 252 -5 -21 45 -1902 -5772 1952
0.085 1 5 260 -14 -17 59 -1875 -5777 1987
0.085 0 -1 256 -15 -30 75 -1870 -5767 1982
0.085 -1 -7 252 -19 -48 85 -1922 -5705 2005
0.085 1 -5 249 -29 -63 90 -1917 -5730 1972
0.085 3 -6 254 -25 -73 81 -1922 -5682 2040
0.085 1 -6 255 -2 -77 76 -1950 -5742 1982
0.099 11 2 255 -24 -42 68 -1965 -5737 1977
0.113 11 -2 253 -10 -17 59 -1955 -5752 1977
0.085 10 -3 254 -1 -17 47 -2002 -5767 2005
0.099 10 -5 261 -26 -4 41 -1990 -5742 2010
0.099 6 2 261 -56 30 19 -1985 -5767 1995
0.085 -2 -4 257 -8 22 -5 -1950 -5737 1995
0.085 -1 -1 258 -20 29 -11 -1980 -5700 2020
0.099 2 -9 253 -13 27 -1 -1965 -5687 1962
0.085 -1 -4 249 -13 23 5 -1950 -5720 1972
0.099 -1 -5 254 11 8 11 -1960 -5737 2005
0.085 0 -4 251 10 -8 25 -1970 -5687 1947
0.099 3 -3 257 24 -28 38 -1960 -5710 2010
0.099 5 -7 254 21 -28 50 -1995 -5790 2020
0.099 10 -13 258 18 -25 61 -1980 -5737 1987
0.113 8 -7 264 4 -5 62 -1960 -5730 1957
0.113 4 -6 263 8 4 50 -1970 -5725 1962
0.099 6 -1 266 18 2 53 -2002 -5705 2000
0.085 4 4 259 -9 10 50 -1990 -5752 2015
0.113 5 -6 256 5 15 38 -1990 -5720 2010
0.085 -4 0 259 -3 28 28 -1990 -5715 2045
0.099 -1 -4 259 19 29 16 -2032 -5715 2072
0.099 -4 -10 263 20 19 24 -2047 -5725 2015
0.099 -6 -5 259 18 20 21 -2022 -5710 1967
0.099 -11 -3 256 21 15 20 -2047 -5695 2045
0.099 -7 -6 259 26 24 17 -2032 -5695 2062
0.085 -5 -6 260 47 33 4 -2007 -5747 2040
0.142 -5 -3 261 23 54 -29 -1990 -5742 2010
0.085 -12 -4 255 30 36 -50 -1970 -5720 2062
0.085 -13 -1 253 8 15 -66 -2027 -5687 2072
0.099 -13 -2 244 9 -14 -81 -2007 -5687 2015
0.085 -10 7 261 -28 1 -84 -1995 -5677 2045
0.085 -9 2 260 -12 -18 -80 -1970 -5682 2030
0.099 -3 -5 255 -12 -23 -64 -1965 -5737 2040
0.085 -3 -4 255 -22 -25 -42 -1995 -5752 1995
0.085 -3 -9 254 -12 -37 -28 -1975 -5705 2025
0.099 2 -5 260 -7 -19 -19 -2022 -5695 2050
0.099 8 -9 259 0 4 -14 -2012 -5720 2077
0.085 10 -8 283 -7 14 -21 -2022 -5700 2077
0.227 7 -4 255 0 26 -74 -1945 -5742 2045
0.099 3 -5 265 5 11 -87 -1975 -5715 2087
0.085 -1 -1 258 2 -4 -88 -1990 -5737 2035
0.099 -1 -2 249 6 -14 -85 -1975 -5667 2035
0.099 1 2 258 -38 10 -94 -1927 -5705 2040
0.085 2 -1 257 -22 26 -88 -2022 -5762 2040
0.099 -1 -5 257 -24 20 -85 -1975 -5720 2015
0.085 0 -6 257 -7 7 -74 -2002 -5737 2062
0.099 1 -4 256 -25 3 -67 -1937 -5747 2067
0.085 2 -6 259 -10 -2 -61 -1980 -5700 2040
0.113 -1 -10 256 -16 -18 -53 -2002 -5747 2045
0.085 -2 -8 260 -10 -30 -52 -1950 -5772 2055
0.142 -3 0 252 -16 -38 -54 -1917 -5752 2087
0.099 10 -3 260 -8 -17 -58 -1922 -5715 2082
0.085 11 -8 258 -18 -7 -52 -1870 -5742 2020
0.113 -3 -4 264 17 -16 -40 -1887 -5742 2005
0.099 -3 -1 256 -2 -28 -22 -1945 -5710 2030
0.099 -3 -2 259 14 -36 -16 -1950 -5705 2025
0.099 5 0 255 -14 -30 -13 -1902 -5715 2062
0.099 2 -7 253 6 -21 -12 -1907 -5700 2040
0.099 -4 -9 255 13 -24 -19 -1870 -5667 2092
0.099 -4 0 263 -12 -12 -30 -1907 -5687 2062
0.099 -3 -3 251 -19 -8 -33 -1882 -5687 2067
0.142 7 -5 265 -7 23 -33 -1855 -5705 2140
0.085 -8 6 282 -12 -4 -13 -1860 -5725 2122
0.113 -1 -5 251 -20 -2 -13 -1855 -5730 2140
0.099 -4 -7 258 6 -8 -10 -1875 -5757 2107
0.099 1 -4 258 -2 1 -13 -1855 -5705 2087
0.099 -1 -8 261 -2 0 -22 -1897 -5747 2102
0.099 -1 -3 253 11 -10 -29 -1912 -5715 2087
0.099 3 1 254 -30 23 -43 -1887 -5700 2122
0.085 3 -12 255 -27 40 -55 -1922 -5742 2072
0.113 -7 -9 263 17 16 -53 -1875 -5742 2072
0.085 0 -7 241 17 -19 -38 -1830 -5742 2055
0.099 3 -6 244 -26 -27 -29 -1870 -5725 2055
0.142 -4 -3 250 24 -47 -14 -1875 -5752 2072
0.099 5 -9 255 14 -38 -2 -1882 -5720 2092
0.099 1 -6 258 -1 -7 -2 -1860 -5682 2112
0.099 -2 -10 263 13 -4 1 -1917 -5667 2112
0.099 1 -6 266 6 9 11 -1870 -5705 2092
0.085 4 -9 259 18 10 13 -1875 -5737 2077
0.113 0 -4 253 8 22 21 -1840 -5725 2102
0.085 3 -4 258 19 12 27 -1870 -5647 2097
0.099 -2 4 262 -22 23 22 -1897 -5687 2117
0.099 -5 -3 256 -7 18 12 -1855 -5700 2112
0.099 -7 -8 249 27 17 11 -1917 -5720 2072
0.099 2 -10 245 3 -5 17 -1887 -5737 2077
0.099 -5 -3 250 -6 -34 28 -1875 -5710 2092
0.142 1 0 267 31 -60 35 -1830 -5700 2087
0.085 -2 -6 268 -8 -28 53 -1850 -5705 2112
0.113 -2 -13 270 20 0 48 -1855 -5710 2117
0.085 15 -11 246 57 16 54 -1892 -5672 2117
0.113 1 -2 252 21 22 44 -1887 -5672 2097
0.099 4 -12 227 49 47 57 -1897 -5700 2107
0.085 18 -11 292 66 12 66 -1835 -5667 2145
0.113 14 -10 249 -13 42 76 -1870 -5677 2102
0.099 11 -3 253 -10 -5 61 -1902 -5687 2145
0.113 22 -14 233 26 17 66 -1860 -5705 2077
0.099 7 6 271 1 -5 67 -1865 -5682 2102
0.113 -12 6 257 2 -34 83 -1887 -5710 2145
0.142 -16 2 241 -35 -62 81 -1860 -5630 2122
0.113 -22 5 232 -36 -70 62 -1840 -5672 2107
0.113 -11 17 268 -10 -123 77 -1882 -5720 2135
0.113 9 9 269 -27 -85 69 -1875 -5710 2165
0.113 8 -8 249 -19 -5 58 -1865 -5687 2097
0.113 3 -11 272 4 14 26 -1882 -5705 2122
0.113 -5 4 271 -49 46 -5 -1892 -5672 2112
0.099 -20 -9 256 -12 35 -37 -1887 -5725 2170
0.113 -6 -5 243 -27 54 -61 -1892 -5725 2112
0.085 -7 -7 233 1 49 -74 -1892 -5725 2185
0.113 -14 -7 252 -2 26 -72 -1860 -5742 2185
0.099 -5 -2 261 -6 -1 -76 -1892 -5730 2107
0.142 -11 -4 244 24 -27 -89 -1882 -5737 2135
0.113 -4 -1 260 1 -31 -95 -1825 -5705 2175
0.099 -2 -7 252 25 -33 -97 -1855 -5720 2135
0.113 -4 -9 251 12 -16 -96 -1870 -5715 2102
0.099 -3 -12 260 13 6 -107 -1840 -5705 2112
0.113 -5 -3 262 -5 19 -115 -1855 -5705 2117
0.085 -5 -9 248 33 2 -126 -1797 -5695 2155
0.099 -4 1 254 -18 13 -135 -1830 -5715 2160
0.113 -3 -7 260 5 19 -142 -1807 -5715 2135
0.099 -1 -10 259 13 34 -151 -1812 -5730 2145
0.099 1 -7 259 -7 39 -163 -1807 -5762 2170
0.142 -7 -11 250 43 28 -152 -1772 -5720 2140
0.099 -4 1 259 41 26 -131 -1782 -5672 2145
0.085 3 4 261 16 33 -119 -1740 -5695 2140
0.099 2 1 255 8 30 -96 -1777 -5695 2140
0.113 -3 -4 248 24 2 -90 -1772 -5762 2135
0.085 6 -4 255 17 -18 -78 -1715 -5725 2170
0.113 1 -1 253 4 -22 -86 -1750 -5700 2140
0.099 -2 2 259 -22 -10 -83 -1735 -5710 2175
0.113 -3 -5 248 -16 -20 -82 -1740 -5705 2145
0.085 -2 -4 255 -29 -15 -72 -1750 -5730 2165
0.113 -1 -9 256 5 -18 -67 -1750 -5715 2155
0.099 7 -8 259 8 -11 -48 -1730 -5710 2102
0.284 8 -5 262 4 17 -16 -1730 -5737 2155
0.085 5 -3 260 5 15 -11 -1672 -5687 2117
0.113 5 -4 253 -10 -6 7 -1715 -5737 2130
0.113 4 -8 249 19 -9 11 -1700 -5715 2150
0.085 2 4 264 -33 10 1 -1692 -5720 2145
0.113 0 -4 259 -10 4 -1 -1700 -5737 2175
0.113 -1 -7 251 -19 -12 -9 -1730 -5705 2140
0.113 3 -4 257 -24 0 -8 -1677 -5715 2145
0.099 1 -2 260 -43 1 -8 -1730 -5730 2135
0.099 -1 -6 256 -19 -4 0 -1687 -5742 2190
0.113 2 -7 260 -28 -5 20 -1672 -5725 2165
0.113 -2 -5 256 -22 -11 28 -1682 -5677 2165
0.113 -2 -3 253 -13 -14 33 -1740 -5795 2160
0.142 1 -6 254 -4 -23 45 -1682 -5777 2170
0.113 -1 -11 261 5 -16 48 -1682 -5687 2135
0.113 1 -6 257 12 -12 54 -1700 -5795 2140
0.099 3 -7 258 14 -5 66 -1730 -5747 2145
0.113 -1 -1 258 10 -4 75 -1700 -5715 2097
0.113 -3 -5 254 2 -9 93 -1745 -5767 2112
0.099 0 -4 257 11 -5 88 -1692 -5737 2092
0.113 -6 -1 257 2 -6 77 -1700 -5747 2117
0.085 -8 -1 258 -7 -25 57 -1672 -5725 2145
0.113 0 -3 264 -13 -19 37 -1715 -5710 2102
0.113 -3 0 258 -13 1 19 -1692 -5720 2150
0.113 1 1 260 -30 11 15 -1750 -5625 2087
0.142 -1 -11 255 2 25 20 -1740 -5705 2107
0.113 -3 -11 253 12 15 36 -1750 -5742 2087
0.099 -1 -10 253 1 10 43 -1705 -5767 2185
0.099 1 -7 262 10 -7 43 -1705 -5682 2140
0.099 4 -4 252 3 -18 50 -1710 -5730 2102
0.113 5 3 261 -40 9 42 -1710 -5757 2117
0.113 -3 -1 263 -7 28 28 -1735 -5700 2130
0.085 4 -8 259 10 10 25 -1710 -5737 2097
0.113 -6 -10 250 -11 -8 36 -1740 -5737 2087
0.113 -5 -9 249 9 -39 30 -1740 -5725 2112
0.113 -7 -8 254 24 -47 20 -1750 -5772 2122
0.099 3 -3 261 1 -26 13 -1687 -5720 2102
0.142 3 -13 256 10 -9 24 -1677 -5742 2135
0.113 5 -7 262 20 21 21 -1710 -5757 2087
0.099 -1 -3 259 11 51 14 -1710 -5725 2117
0.113 -1 -3 251 25 32 13 -1755 -5725 2062
0.099 -2 -1 257 4 13 6 -1725 -5742 2117
0.113 -3 -4 255 -22 20 -8 -1682 -5737 2097
0.099 -8 -8 254 15 15 -14 -1720 -5737 2112
0.099 0 -7 250 7 8 -16 -1745 -5730 2140
0.113 -5 -9 254 -4 -18 -2 -1730 -5767 2112
0.099 -13 -10 253 38 -49 10 -1745 -5725 2135
0.099 2 0 263 10 -27 12 -1725 -5777 2117
0.113 8 -4 268 12 -12 28 -1730 -5757 2097
0.142 5 -10 258 36 -2 29 -1720 -5742 2135
0.085 3 -4 257 12 24 29 -1730 -5772 2145
0.113 -5 -4 258 29 33 20 -1705 -5767 2135
0.099 -1 -13 252 27 37 19 -1735 -5810 2097
0.099 -6 -8 255 -1 33 8 -1772 -5730 2112
0.099 -3 0 256 -2 9 3 -1745 -5777 2112
0.113 -3 3 257 10 0 -4 -1750 -5737 2130
0.085 -4 2 253 -29 -22 -3 -1755 -5737 2122
0.113 0 -5 249 -28 -44 1 -1710 -5757 2140
0.113 2 -2 261 -27 -48 9 -1750 -5757 2197
0.085 -4 -1 253 -31 -65 10 -1725 -5762 2130
0.113 0 4 255 -11 -75 21 -1730 -5752 2130
0.113 0 1 255 -10 -66 18 -1715 -5737 2107
0.142 5 -2 259 -13 -42 12 -1735 -5742 2087
0.113 4 -10 259 6 -33 2 -1735 -5762 2102
0.085 1 -3 266 -14 -19 -11 -1735 -5752 2130
0.113 3 0 269 -42 14 -30 -1720 -5810 2107
0.113 -5 -4 259 -15 42 -59 -1740 -5767 2130
0.099 -4 -9 260 -15 40 -67 -1740 -5747 2145
0.099 -4 -9 259 -16 38 -68 -1730 -5795 2102
0.099 -5 -4 253 -23 13 -56 -1745 -5747 2092
0.113 4 -8 248 4 -13 -38 -1725 -5777 2122
0.099 2 -5 252 31 -38 -23 -1745 -5772 2130
0.099 16 -9 252 16 -39 -15 -1705 -5747 2107
0.156 9 -10 258 34 -33 0 -1730 -5742 2107
0.099 14 -7 256 15 -3 -2 -1797 -5737 2135
0.113 3 -4 261 1 11 -19 -1652 -5762 2155
0.099 10 -8 257 26 15 -28 -1677 -5747 2160
0.113 1 -4 254 7 16 -36 -1692 -5790 2130
0.113 0 -4 257 4 23 -47 -1682 -5747 2135
0.113 -2 -5 257 9 36 -63 -1720 -5800 2170
0.085 -3 -6 259 -4 48 -65 -1692 -5785 2155
0.113 -3 -12 253 47 29 -57 -1720 -5757 2102
0.113 1 -7 253 41 34 -38 -1692 -5785 2150
0.099 1 1 254 25 35 -26 -1657 -5790 2117
0.113 4 1 259 16 32 -18 -1710 -5747 2122
0.099 1 -6 242 26 6 -16 -1740 -5767 2150
0.156 3 -4 255 12 8 -17 -1725 -5795 2155
0.113 -3 1 261 -8 -11 -27 -1687 -5810 2165
0.099 -7 -2 255 -14 -42 -29 -1700 -5757 2175
0.113 -11 1 257 -32 -36 -32 -1692 -5752 2155
0.099 0 -11 252 3 -43 -32 -1687 -5737 2165
0.113 -4 -9 250 6 -15 -27 -1682 -5730 2122
0.113 -2 -2 260 -5 2 -17 -1677 -5772 2150
0.113 1 -8 260 10 14 -8 -1672 -5730 2140
0.085 6 -5 257 1 15 6 -1662 -5827 2140
0.113 -1 -4 259 3 31 1 -1677 -5785 2227
0.113 -7 -8 252 1 9 -7 -1715 -5777 2117
0.085 -8 -7 254 2 5 -23 -1730 -5737 2150
0.284 -3 -4 252 -9 -13 -36 -1700 -5730 2117
0.099 -1 -3 256 -25 -2 -30 -1657 -5762 2140
0.099 0 -3 257 -34 -8 -22 -1705 -5762 2130
0.099 -3 -1 260 -21 -3 -11 -1700 -5772 2097
0.113 2 -12 256 -25 -8 7 -1682 -5777 2112
0.099 2 -11 254 -27 -20 14 -1700 -5777 2122
0.099 4 -7 257 -17 -40 11 -1677 -5790 2145
0.113 -1 -4 258 -4 -47 10 -1657 -5790 2102
0.099 0 -1 259 -1 -35 12 -1682 -5785 2150
0.113 -5 -1 264 8 -33 22 -1700 -5795 2155
0.099 1 -1 259 -3 -20 23 -1692 -5762 2107
0.099 1 -3 258 10 -11 38 -1705 -5772 2185
0.142 3 -4 256 5 -25 43 -1705 -5785 2170
0.113 4 -4 251 -9 -9 49 -1705 -5805 2145
0.099 4 -5 257 13 -12 41 -1657 -5777 2122
0.099 -4 0 264 7 -12 33 -1692 -5795 2160
0.113 -4 1 259 -14 -12 36 -1710 -5805 2145
0.099 -10 -4 257 -4 -12 36 -1720 -5785 2150
0.113 -7 -2 257 0 -7 35 -1705 -5772 2112
0.085 -4 2 264 -32 25 31 -1762 -5762 2122
0.113 -9 -8 252 4 7 47 -1720 -5790 2160
0.085 -1 -15 242 0 25 60 -1700 -5767 2107
0.099 -5 -9 264 20 10 67 -1740 -5785 2087
0.099 -5 -3 255 5 -7 75 -1715 -5842 2130
0.128 -6 -6 251 20 -9 76 -1730 -5785 2135
0.113 -3 4 268 -39 20 70 -1715 -5785 2102
0.085 -2 -6 256 -4 18 64 -1745 -5800 2107
0.099 -3 -6 259 10 15 64 -1725 -5827 2102
0.085 -2 -7 253 -2 1 66 -1767 -5832 2117
0.113 -3 -8 252 -6 -15 79 -1755 -5777 2135
0.085 -8 -10 251 18 -36 82 -1720 -5790 2117
0.099 -3 -4 258 16 -26 88 -1725 -5837 2140
0.085 -2 -4 260 10 -10 93 -1710 -5762 2122
0.099 -1 -9 256 15 -17 100 -1755 -5777 2155
0.085 -1 -3 261 -6 -4 107 -1715 -5772 2140
0.113 0 -6 258 25 8 109 -1745 -5777 2092
0.128 -5 -7 260 7 5 117 -1792 -5805 2117
0.085 -5 0 255 7 12 106 -1762 -5777 2135
0.085 0 0 255 -11 27 96 -1792 -5795 2145
0.099 -6 -3 253 13 16 93 -1750 -5790 2140
0.085 -8 -8 253 8 -1 92 -1787 -5805 2130
0.085 -3 -7 249 19 -13 106 -1787 -5762 2122
0.099 -1 -4 254 20 -34 110 -1807 -5832 2122
0.085 -2 -4 256 5 -41 122 -1782 -5777 2122
0.099 2 0 261 -5 -36 146 -1792 -5790 2122
0.085 5 -6 261 31 -33 160 -1812 -5790 2160
0.085 3 0 264 18 -2 161 -1825 -5827 2212
0.085 3 -3 264 3 8 153 -1802 -5847 2145
0.128 -2 -4 254 15 4 129 -1835 -5805 2130
0.085 -1 -5 260 24 5 117 -1835 -5737 2155
0.099 -3 -2 258 8 15 106 -1830 -5800 2197
0.085 -1 2 264 -5 33 89 -1870 -5820 2117
0.085 -6 -11 256 15 33 74 -1850 -5790 2117
0.099 0 -14 254 18 32 66 -1860 -5832 2150
0.071 -2 -5 256 6 27 57 -1835 -5832 2155
0.085 2 -6 256 17 18 50 -1825 -5810 2197
0.085 0 1 260 15 8 48 -1830 -5805 2145
0.085 -2 0 256 3 -4 39 -1892 -5827 2202
0.085 -3 0 252 -23 -13 33 -1912 -5747 2130
0.099 -4 -6 251 -22 -44 37 -1897 -5757 2107
0.085 -5 -6 243 -28 -80 37 -1850 -5800 2145
0.142 -4 5 257 -11 -77 24 -1835 -5810 2112
0.085 1 2 262 -14 -55 13 -1875 -5790 2102
0.085 -3 -5 267 -21 -27 7 -1865 -5772 2102
0.085 3 0 254 -48 24 -15 -1860 -5777 2097
0.085 -9 -4 260 -15 37 -46 -1817 -5820 2087
0.085 -8 -9 248 -17 36 -55 -1845 -5815 2107
0.085 -10 -5 252 -16 11 -56 -1860 -5815 2150
0.099 -8 -4 253 -3 3 -54 -1865 -5875 2155
0.071 -6 -4 266 -1 13 -46 -1865 -5795 2150
0.085 1 -6 256 5 2 -38 -1817 -5820 2145
0.085 4 -10 254 15 -17 -39 -1865 -5847 2150
0.085 0 -10 252 25 -33 -43 -1830 -5820 2155
0.113 5 -3 252 -2 -53 -38 -1870 -5890 2160
0.085 3 -5 254 24 -54 -32 -1792 -5852 2140
0.085 3 0 258 8 -22 -26 -1782 -5857 2180
0.085 3 -8 262 7 -10 -37 -1825 -5842 2160
0.085 0 -4 263 11 7 -44 -1850 -5820 2165
0.071 2 -6 259 12 11 -48 -1807 -5790 2170
0.085 -2 -4 253 19 5 -58 -1792 -5785 2117
0.085 -2 -1 261 -16 2 -67 -1807 -5762 2185
0.085 -4 -7 257 -2 -1 -85 -1835 -5800 2140
0.085 -5 -8 255 9 18 -104 -1855 -5862 2160
0.071 1 -1 261 -17 26 -106 -1840 -5875 2140
0.085 -2 -8 249 19 24 -110 -1825 -5842 2160
0.128 6 -3 251 4 14 -96 -1802 -5810 2117
0.071 1 -9 258 22 3 -79 -1782 -5805 2140
0.085 1 -5 258 16 -8 -62 -1772 -5810 2160
0.085 4 -7 257 21 12 -50 -1755 -5785 2160
0.085 4 -5 262 27 30 -47 -1750 -5790 2217
0.085 5 -6 258 29 39 -43 -1787 -5795 2165
0.057 -1 -4 261 23 39 -54 -1782 -5832 2180
0.085 -6 -2 251 28 24 -69 -1797 -5795 2180
0.085 -6 1 256 7 10 -79 -1750 -5815 2170
0.085 -2 -3 260 27 5 -78 -1762 -5805 2160
0.085 -1 0 265 -11 7 -84 -1740 -5772 2212
0.085 -4 1 259 -14 5 -87 -1762 -5725 2207
0.199 -5 -6 255 -10 -35 -46 -1692 -5815 2140
0.085 4 -4 253 -10 -34 -33 -1705 -5752 2140
0.085 9 -4 260 1 -8 -36 -1735 -5810 2160
0.085 3 -3 263 -5 6 -34 -1662 -5800 2155
0.085 0 -7 259 7 12 -37 -1740 -5810 2117
0.085 3 -5 258 5 14 -43 -1657 -5867 2155
0.085 -1 -3 256 1 8 -48 -1662 -5875 2170
0.071 -4 -1 253 17 -2 -65 -1635 -5847 2130
0.085 -2 1 264 -7 17 -75 -1682 -5810 2130
0.085 5 -1 255 37 3 -108 -1672 -5747 2140
0.085 -19 1 246 -8 22 -86 -1682 -5790 2117
0.071 -1 -5 254 -11 8 -87 -1692 -5800 2150
0.113 0 -3 257 -14 8 -61 -1710 -5772 2170
0.085 -1 -1 258 -29 18 -66 -1687 -5772 2107
0.071 3 -8 253 -19 16 -51 -1662 -5795 2140
0.085 3 -8 250 -2 -6 -41 -1672 -5785 2165
0.085 1 -5 259 -25 4 -30 -1652 -5800 2145
0.085 -1 -6 256 -6 -15 -18 -1662 -5805 2102
0.071 -5 -3 260 -26 -17 -21 -1647 -5757 2117
0.085 5 -8 249 -18 -30 -8 -1662 -5767 2160
0.085 -5 -1 248 -13 -56 -5 -1710 -5785 2102
0.071 9 -3 255 -26 -33 2 -1657 -5790 2092
0.085 1 -8 247 10 -39 0 -1615 -5815 2130
0.085 6 -5 260 11 -42 6 -1667 -5795 2097
0.113 1 -5 256 11 -19 27 -1720 -5805 2107
0.085 8 -6 262 8 -9 38 -1700 -5785 2112
0.085 6 -1 257 -3 -6 49 -1652 -5795 2122
0.085 -3 -11 254 30 -15 55 -1652 -5810 2097
0.085 0 0 260 -13 -2 48 -1687 -5795 2082
0.071 -6 -7 284 5 -20 31 -1647 -5800 2122
0.085 -3 -1 252 19 5 23 -1677 -5810 2150
0.071 6 -4 236 14 12 5 -1672 -5785 2165
0.085 -11 2 257 0 -15 -3 -1652 -5767 2077
0.085 -7 3 255 -4 -21 -2 -1667 -5795 2117
0.071 -8 -1 261 -17 -5 9 -1657 -5747 2077
0.085 0 -7 256 -4 0 21 -1672 -5800 2102
0.113 -3 -3 259 -11 16 22 -1672 -5772 2160
0.071 -9 -3 257 -9 -3 24 -1672 -5752 2087
0.071 -1 -8 252 5 -20 27 -1672 -5800 2092
0.085 2 -2 256 -1 -32 38 -1672 -5800 2077
0.085 -1 6 264 -6 20 33 -1677 -5795 2112
0.057 -2 -6 248 -8 -2 40 -1682 -5772 2092
0.085 6 -8 241 15 6 28 -1682 -5810 2062
0.085 -16 5 246 -18 17 37 -1657 -5810 2097
0.057 -3 -4 286 -31 -14 22 -1715 -5772 2082
0.085 -11 2 265 -8 -5 8 -1647 -5810 2140
0.071 -5 -4 250 5 17 16 -1620 -5795 2122
0.071 7 -5 258 15 -5 5 -1662 -5767 2112
0.113 16 -16 241 -1 -11 27 -1647 -5805 2040
0.071 -1 -7 263 -7 -11 -1 -1662 -5862 2117
0.085 9 -7 250 23 -5 26 -1705 -5800 2087
0.071 11 -7 238 23 -48 18 -1720 -5810 2092
0.071 -18 -4 232 -22 -3 31 -1667 -5832 2050
0.085 -9 -5 244 1 0 11 -1715 -5767 2067
0.071 9 -20 253 3 -29 25 -1652 -5777 2107
0.071 5 -12 261 1 5 16 -1677 -5785 2092
0.071 -23 4 238 16 -13 36 -1700 -5810 2102
0.071 5 -21 232 20 27 41 -1672 -5795 2102
0.085 9 -11 275 -1 15 35 -1735 -5785 2077
0.057 -14 -6 269 24 14 35 -1657 -5800 2072
0.085 -5 -9 258 -2 8 19 -1657 -5842 2107
0.085 -22 -1 264 21 16 11 -1710 -5795 2122
0.057 -15 -2 262 -21 22 14 -1652 -5800 2150
0.085 -1 -16 263 26 -9 -1 -1715 -5772 2092
0.057 -7 -3 297 15 -32 29 -1745 -5762 2107
0.057 -12 11 265 11 -9 15 -1710 -5772 2107
0.071 3 4 264 22 -23 27 -1715 -5790 2067
0.057 6 -6 252 3 -1 29 -1700 -5777 2077
0.071 -12 -5 258 5 -23 32 -1730 -5767 2082
0.057 -8 -4 259 0 -8 36 -1735 -5777 2092
0.071 -6 -11 256 20 -18 40 -1625 -5790 2135
0.057 -2 -8 256 10 -7 36 -1710 -5815 2102
0.057 1 -7 254 14 -17 28 -1682 -5795 2092
0.085 2 -1 256 8 -3 21 -1720 -5795 2067
0.057 -5 -2 252 5 -1 11 -1710 -5805 2130
0.043 -3 -1 257 19 3 9 -1672 -5752 2087
0.057 2 -3 260 5 2 0 -1730 -5785 2087
0.057 0 -7 261 17 10 -9 -1720 -5772 2092
0.057 3 -9 258 20 18 -17 -1720 -5842 2135
0.057 -1 -3 253 1 21 -15 -1745 -5815 2117
0.043 -1 -3 256 5 16 -14 -1720 -5805 2097
0.057 -1 -2 257 1 17 -17 -1725 -5790 2087
0.057 -3 -2 261 3 9 -22 -1755 -5810 2072
0.057 0 -5 253 10 14 -28 -1767 -5815 2097
0.057 -1 -5 255 3 2 -31 -1720 -5790 2117
0.057 -3 -6 255 6 -7 -40 -1755 -5800 2072
0.057 1 -7 252 4 -3 -52 -1755 -5737 2092
0.057 -6 -5 266 6 5 -64 -1750 -5800 2092
0.057 -3 -1 264 3 -5 -76 -1735 -5820 2040
0.043 -5 -2 253 -12 -8 -85 -1725 -5837 2062
0.057 -10 -4 250 -12 -19 -93 -1720 -5800 2097
0.057 -11 0 255 -16 -49 -97 -1692 -5795 2077
0.043 -5 0 254 -17 -54 -95 -1677 -5767 2092
0.057 2 -1 258 -19 -38 -97 -1700 -5820 2067
0.057 0 -3 256 -4 -25 -102 -1672 -5795 2055
0.043 5 -6 264 -9 -3 -102 -1677 -5752 2077
0.057 4 -6 265 -9 25 -109 -1687 -5795 2077
0.128 -1 -1 266 -24 -3 -132 -1652 -5827 2077
0.043 -7 -7 254 7 4 -147 -1647 -5777 2072
0.043 -3 -2 252 -8 2 -159 -1620 -5772 2130
0.057 2 -4 254 0 1 -167 -1625 -5772 2102
0.043 -1 -3 258 -4 -8 -169 -1647 -5777 2130
0.043 1 -1 256 -8 -5 -171 -1625 -5790 2082
0.057 2 -7 256 2 -7 -177 -1630 -5815 2040
0.043 3 -8 252 3 14 -178 -1610 -5777 2062
0.043 3 -8 252 2 -11 -183 -1625 -5790 2077
0.057 8 -6 258 -10 -8 -191 -1547 -5810 2050
0.043 2 -3 255 -10 -3 -197 -1605 -5805 2062
0.043 3 -4 257 -16 -2 -210 -1552 -5795 2067
0.071 0 -5 256 -7 1 -220 -1537 -5837 2045
0.043 -4 -5 256 -13 -1 -217 -1527 -5805 2055
0.043 -3 -2 258 -13 -1 -213 -1532 -5767 2062
0.057 0 -3 258 -9 1 -209 -1517 -5832 2082
0.043 1 -5 255 -5 3 -211 -1552 -5762 2092
0.043 1 -7 259 -4 6 -213 -1542 -5800 2072
0.043 4 -2 255 -7 8 -216 -1505 -5820 2072
0.043 8 -4 257 -2 8 -212 -1490 -5785 2045
0.043 3 0 258 -3 12 -199 -1490 -5795 2072
0.043 6 -2 259 -2 16 -188 -1470 -5795 2082
0.057 6 -2 259 3 15 -169 -1447 -5777 2040
0.043 9 -7 257 1 22 -158 -1460 -5772 2055
0.057 10 -10 254 0 20 -151 -1460 -5767 2117
0.043 8 -8 252 0 4 -142 -1460 -5785 2040
0.057 5 -8 251 10 -10 -134 -1417 -5785 2025
0.043 7 -7 254 12 -11 -126 -1422 -5805 2055
0.057 9 -6 257 11 -1 -124 -1407 -5790 2055
0.043 6 -4 254 3 1 -119 -1460 -5757 2025
0.057 3 -8 255 19 -7 -121 -1447 -5757 2107
0.043 4 -4 252 11 -10 -121 -1402 -5810 2025
0.071 3 -5 257 16 -11 -121 -1412 -5767 2010
0.043 3 -7 257 8 -4 -116 -1375 -5757 2010
0.057 5 -4 258 4 9 -121 -1407 -5747 2082
0.057 0 -3 256 9 9 -128 -1385 -5737 2062
0.057 2 -8 254 12 8 -134 -1385 -5790 2015
0.057 -1 -4 254 9 6 -140 -1375 -5747 2082
0.057 7 -4 259 15 16 -147 -1340 -5720 2035
0.057 3 -2 256 16 17 -153 -1340 -5725 2030
0.043 4 -2 261 11 18 -157 -1360 -5785 2067
0.057 3 -2 255 17 14 -167 -1307 -5777 2050
0.043 3 -3 258 6 13 -170 -1312 -5730 2050
0.057 -1 -1 258 1 18 -174 -1292 -5737 2050
0.043 4 -5 255 8 17 -181 -1240 -5710 2092
0.071 0 -4 254 5 14 -187 -1277 -5752 2087
0.043 0 -2 255 -2 16 -192 -1255 -5757 2107
0.057 0 -4 254 0 1 -198 -1277 -5757 2097
0.071 0 0 256 -12 -12 -207 -1260 -5730 2055
0.043 1 -1 256 -10 -20 -205 -1187 -5752 2072
0.071 3 -7 253 -9 -28 -202 -1182 -5800 2055
0.043 3 -6 259 -15 -20 -199 -1167 -5757 2030
0.057 6 -8 252 -6 -16 -199 -1140 -5742 2000
0.057 6 -10 258 0 -12 -214 -1197 -5720 2092
0.057 6 -7 260 7 -12 -209 -1192 -5757 2072
0.057 6 -4 259 -5 -4 -218 -1162 -5710 2112
0.043 3 -5 258 1 -4 -235 -1182 -5747 2062
0.071 3 -6 256 5 -1 -247 -1167 -5772 2067
0.043 2 -7 257 2 7 -257 -1177 -5747 2050
0.043 1 -7 258 -4 6 -267 -1172 -5725 2097
0.085 4 -7 255 8 2 -285 -1145 -5742 2040
0.057 0 -3 256 3 -3 -302 -1115 -5772 2087
0.057 3 -2 253 -6 -4 -319 -1095 -5705 2062
0.057 3 -4 251 7 -1 -331 -1077 -5710 2040
0.057 -1 0 258 -4 -5 -349 -1047 -5677 2107
0.043 -3 -2 260 -6 -7 -368 -1062 -5705 2030
0.057 -6 -4 259 -2 -13 -388 -1042 -5715 2020
0.057 -6 -5 261 -14 -17 -404 -1057 -5742 2097
0.057 -5 -10 257 -14 -26 -413 -1010 -5687 2062
0.057 -4 -7 255 -12 -23 -416 -980 -5720 2062
0.043 -1 -5 256 -17 -16 -424 -985 -5695 2062
0.071 -4 -6 256 -13 -17 -434 -922 -5730 2067
0.043 -5 -3 259 -22 -13 -446 -927 -5695 2035
0.057 -6 -3 255 -19 -12 -467 -895 -5705 2077
0.057 -5 -4 252 -13 -25 -482 -832 -5635 2025
0.043 -4 -2 253 -23 -23 -495 -855 -5625 2072
0.057 -3 -2 258 -14 -28 -510 -817 -5647 2072
0.028 2 -6 257 -17 -19 -519 -775 -5652 2077
0.057 -1 -10 254 -11 -17 -535 -745 -5635 2082
0.057 2 -7 257 -14 -6 -540 -745 -5592 2050
0.028 1 -5 257 -7 -4 -546 -712 -5610 2030
0.057 1 -3 259 -18 -5 -552 -697 -5597 2062
0.028 -1 -6 254 -8 -21 -554 -667 -5620 2050
0.071 2 -5 255 -8 -6 -558 -610 -5625 2025
0.057 0 -4 256 -9 -5 -564 -640 -5630 2025
0.028 3 -8 248 -9 -5 -562 -597 -5615 2072
0.057 -1 -7 255 -6 -8 -563 -540 -5557 2030
0.043 0 -4 258 -13 -13 -560 -505 -5577 2082
0.043 2 -3 258 -12 -14 -566 -490 -5577 2045
0.043 3 -2 256 -20 -11 -569 -427 -5530 2082
0.043 3 -6 256 -20 -17 -570 -437 -5577 2107
0.043 1 -8 254 -1 7 -566 -357 -5520 2082
0.057 8 -11 252 -11 -2 -574 -352 -5515 2050
0.028 4 -5 254 -17 2 -567 -337 -5502 2062
0.057 -3 -5 253 -10 -12 -571 -332 -5520 2077
0.113 4 -9 248 -1 -9 -583 -285 -5477 2067
0.028 1 -8 252 -2 -1 -590 -222 -5507 2102
0.057 -6 0 254 -8 1 -596 -202 -5420 2035
0.043 3 -6 255 -2 2 -608 -155 -5407 2050
0.028 -5 1 261 -9 3 -609 -87 -5355 2097
0.057 7 -5 258 -9 4 -611 -77 -5412 2067
0.028 -1 -2 255 -4 -10 -608 -72 -5407 2045
0.057 1 -2 255 -10 -3 -608 -50 -5377 2067
0.043 -3 -3 259 -14 -6 -610 15 -5387 2067
0.028 -4 -8 256 -12 -9 -615 10 -5340 2067
0.043 -1 -8 254 -14 -11 -618 92 -5335 2055
0.043 -3 -4 257 -14 -21 -624 72 -5340 2067
0.057 -3 -3 254 -10 -5 -648 125 -5317 2082
0.043 0 -4 254 -13 -9 -656 165 -5302 2087
0.028 -8 -3 258 -12 -12 -664 160 -5297 2050
0.043 8 -6 283 -20 1 -667 212 -5260 2087
0.028 -10 2 261 -8 -7 -676 260 -5270 2035
0.043 -1 -2 265 3 -3 -685 275 -5260 2050
0.014 -1 -3 259 -2 1 -692 300 -5255 2087
0.043 -2 -2 259 -7 10 -694 317 -5207 2067
0.028 1 -4 255 -7 -2 -694 317 -5175 2050
0.028 1 -6 253 2 -2 -696 375 -5180 2130
0.043 3 -3 258 -10 5 -691 410 -5180 2135
0.028 4 -8 257 -8 -2 -692 500 -5160 2040
0.057 2 -3 253 -11 -9 -684 540 -5117 2025
0.028 3 -5 260 -10 -3 -673 577 -5137 2010
0.028 4 -4 257 -16 -2 -668 582 -5070 2082
0.028 4 -3 254 -17 -11 -658 610 -5065 2067
0.028 2 -5 254 -23 -17 -644 655 -5075 2112
0.043 -1 -5 254 -14 -20 -632 692 -5052 2055
0.028 3 -4 260 -5 10 -623 702 -5017 2067
0.028 2 -5 261 -7 6 -628 717 -4920 2097
0.028 0 -6 257 -16 8 -620 770 -4962 2045
0.043 -2 -6 253 -4 7 -625 792 -4942 2077
0.028 -3 -5 256 -2 9 -619 827 -4915 2010
0.028 2 -8 256 1 7 -618 837 -4942 2050
0.028 2 -4 261 -4 15 -616 842 -4890 2067
0.028 7 -5 259 0 17 -613 880 -4920 2040
0.028 4 -6 257 -5 23 -617 947 -4837 2062
0.028 4 -7 255 -5 18 -618 980 -4852 2135
0.028 4 -1 259 -3 11 -625 985 -4825 2102
0.028 3 2 255 -3 10 -627 1025 -4830 2087
0.043 2 4 250 -3 0 -632 1000 -4752 2112
0.028 3 3 256 -9 -10 -626 1032 -4735 2045
0.014 6 -2 257 -10 -15 -619 1067 -4725 2092
0.028 6 -3 256 -6 -15 -615 1067 -4762 2062
0.043 7 -4 257 -20 -12 -617 1082 -4687 2082
0.028 8 -3 257 -25 -22 -614 1135 -4667 2055
0.028 5 -3 251 -36 -38 -617 1187 -4625 2072
0.043 6 0 253 -36 -63 -617 1207 -4640 2082
0.043 10 -1 249 -24 -51 -610 1255 -4620 2082
0.028 10 -4 267 -14 -29 -595 1260 -4620 1987
0.057 13 0 269 -27 -9 -585 1312 -4567 2050
0.028 13 -5 281 4 -18 -578 1327 -4567 2045
0.028 24 -1 286 -35 1 -565 1375 -4540 2055
0.043 8 -9 250 -9 -27 -573 1385 -4535 2072
0.028 13 1 268 -26 16 -586 1437 -4540 2082
0.057 7 -6 256 -9 -13 -574 1470 -4477 2062
0.028 8 -6 252 -17 -9 -571 1522 -4465 2097
0.043 9 -5 260 -7 5 -555 1480 -4450 2045
0.043 -2 -3 254 -7 -4 -551 1495 -4430 2055
0.043 6 -3 256 -13 -3 -535 1600 -4387 2082
0.057 3 -5 253 -13 -6 -533 1567 -4365 2107
0.028 6 -4 260 -15 -4 -538 1557 -4340 2092
0.043 3 -5 255 -5 -3 -539 1562 -4327 2077
0.043 6 0 257 -16 0 -548 1595 -4237 2117
0.043 7 -4 256 -12 1 -552 1662 -4280 2067
0.043 4 -3 255 -8 -6 -557 1672 -4297 2050
0.043 5 0 256 -7 -10 -561 1745 -4292 2072
0.028 7 -4 252 -10 3 -571 1730 -4250 2072
0.057 7 -4 254 -8 -1 -572 1777 -4207 2097
0.028 6 -5 259 -11 -1 -581 1802 -4190 2122
0.057 5 -4 256 -7 1 -584 1825 -4160 2092
0.043 6 -4 260 -3 10 -590 1870 -4185 2107
0.043 2 -1 255 -9 6 -607 1892 -4165 2062
0.043 2 -1 254 -7 -1 -620 1860 -4117 2010
0.043 2 -2 253 -6 -5 -631 1902 -4047 2067
0.043 8 0 257 -7 8 -638 1932 -4042 2072
0.043 4 -1 263 -3 14 -647 1970 -4042 2087
0.043 4 -7 256 1 18 -647 1985 -4000 2087
0.043 5 -5 261 -2 17 -657 2012 -3967 2135
0.043 4 -5 260 -1 23 -667 2022 -3962 2072
0.043 2 -4 256 -8 15 -671 2022 -3867 2072
0.043 4 -5 257 0 8 -669 2090 -3925 2077
0.028 3 -4 258 8 19 -680 2095 -3877 2107
0.071 5 -6 257 3 24 -698 2157 -3782 2082
0.043 3 -3 256 5 27 -706 2147 -3745 2122
0.043 0 -3 254 7 20 -719 2177 -3777 2087
0.028 2 -3 256 -5 10 -728 2200 -3757 2072
0.043 -1 -5 254 10 4 -728 2200 -3730 2112
0.043 3 -1 256 -5 6 -728 2247 -3687 2107
0.057 3 -4 257 -10 5 -722 2302 -3672 2150
0.043 -2 0 255 -13 -4 -724 2287 -3645 2117
0.028 0 -3 254 -23 -13 -718 2282 -3630 2145
0.043 -2 -4 253 -22 -27 -721 2325 -3577 2122
0.043 -1 -3 254 -21 -28 -724 2350 -3572 2145
0.043 1 -4 258 -14 -20 -731 2325 -3460 2097
0.113 -2 -5 258 -1 18 -736 2422 -3440 2130
0.043 -4 -4 256 -1 11 -733 2480 -3397 2135
0.028 0 -1 256 5 -8 -727 2522 -3337 2160
0.043 20 -2 243 -16 20 -733 2497 -3290 2150
0.043 24 8 269 4 74 -730 2550 -3255 2135
0.028 -33 15 277 37 -5 -722 2622 -3265 2145
0.043 -8 -3 268 -17 -10 -719 2617 -3170 2175
0.043 3 -3 249 -9 7 -707 2637 -3165 2102
0.028 6 -2 248 -12 2 -704 2647 -3127 2122
0.043 -4 -4 257 -13 -21 -700 2637 -3165 2150
0.043 1 -6 259 -21 -31 -693 2685 -3057 2170
0.028 -1 -3 259 -26 -21 -696 2710 -3080 2117
0.057 1 -6 256 -14 -12 -689 2767 -3042 2145
0.043 2 -1 257 -15 -5 -693 2762 -2952 2107
0.028 -1 -4 256 -16 -10 -689 2772 -2915 2165
0.043 -1 -4 255 -21 -20 -693 2825 -2920 2170
0.043 2 -6 252 -29 -20 -699 2835 -2857 2117
0.028 -2 -4 255 -20 -24 -702 2862 -2862 2140
0.043 4 0 257 -27 -21 -706 2857 -2867 2097
0.028 4 0 257 -23 -17 -704 2867 -2797 2112
0.043 1 0 258 -16 -18 -694 2830 -2702 2117
0.028 5 0 262 -14 -16 -676 2887 -2650 2130
0.043 8 3 253 -14 3 -654 2930 -2672 2175
0.043 -3 -4 257 -5 -10 -648 2935 -2692 2160
0.057 2 -6 254 -13 -3 -632 2950 -2612 2140
0.028 1 -4 257 -20 -9 -634 2982 -2570 2130
0.043 -1 -3 255 -6 -15 -625 3027 -2540 2140
0.028 0 2 261 -7 -7 -618 3060 -2487 2175
0.028 7 2 259 -13 1 -609 3040 -2480 2117
0.043 3 -5 254 -8 -6 -596 3055 -2412 2150
0.028 2 -3 255 -10 -9 -596 3065 -2432 2145
0.028 4 -5 256 -13 -10 -589 3132 -2390 2122
0.057 4 -3 257 -14 -6 -594 3137 -2397 2155
0.028 0 -2 256 -14 -10 -599 3107 -2365 2122
0.043 2 -2 259 -20 -14 -600 3117 -2370 2150
0.028 0 -1 257 -19 -25 -594 3152 -2265 2122
0.043 7 -2 253 -2 -18 -601 3137 -2247 2140
0.043 9 -1 261 -15 -3 -607 3175 -2200 2117
0.043 3 -5 253 -19 -11 -606 3200 -2195 2160
0.043 6 -5 252 -15 -22 -601 3237 -2152 2130
0.028 5 -5 258 -11 -17 -590 3217 -2142 2170
0.043 3 -5 256 -12 -14 -594 3237 -2120 2097
0.028 4 0 258 -4 -5 -592 3295 -2090 2135
0.043 0 -1 259 -12 7 -591 3242 -2072 2122
0.043 -1 -1 258 -14 -7 -591 3272 -2037 2102
0.028 2 -4 257 1 -11 -594 3310 -2020 2102
0.043 3 -2 259 -13 -8 -597 3305 -1995 2092
0.028 4 -4 254 -12 -6 -592 3280 -1925 2160
0.057 5 -2 258 -13 -3 -595 3347 -1915 2165
0.043 4 1 253 -12 -8 -599 3330 -1825 2202
0.028 3 -1 254 -7 -7 -600 3347 -1840 2160
0.043 6 -2 250 -12 -5 -598 3330 -1815 2122
0.028 3 -3 259 -20 -14 -611 3362 -1725 2150
0.057 2 -5 258 -17 -19 -625 3367 -1767 2150
0.028 3 -3 257 -14 -9 -639 3367 -1702 2122
0.043 5 -3 257 -7 0 -653 3415 -1720 2165
0.028 6 -1 257 -15 0 -664 3382 -1677 2160
0.043 5 -4 256 -11 -6 -670 3410 -1640 2155
0.043 5 0 252 -15 -13 -662 3455 -1545 2190
0.028 4 1 252 10 -4 -651 3445 -1512 2122
0.071 8 2 260 -11 20 -639 3472 -1502 2135
0.028 4 -2 257 -4 17 -648 3477 -1455 2150
0.043 2 -2 255 -4 0 -660 3450 -1422 2122
0.043 3 -3 255 -7 2 -676 3497 -1385 2145
0.043 5 -5 258 -8 -9 -690 3455 -1285 2190
0.043 9 -3 258 -8 0 -698 3507 -1347 2190
0.043 6 -1 256 -12 1 -697 3497 -1332 2212
0.043 14 -1 258 -7 -2 -695 3525 -1290 2207
0.043 11 -2 257 -17 -7 -689 3550 -1247 2170
0.057 8 0 251 -24 -14 -675 3540 -1222 2145
0.028 9 1 253 -11 -20 -654 3535 -1152 2185
0.057 9 1 257 -13 -9 -646 3555 -1105 2150
0.057 12 -3 259 -7 21 -637 3607 -1137 2145
0.057 7 -5 255 -6 19 -641 3597 -1067 2175
0.043 4 -5 256 2 22 -649 3565 -987 2150
0.057 5 -1 259 -5 21 -650 3602 -977 2160
0.043 8 -3 255 -5 20 -651 3575 -952 2217
0.057 9 -12 254 -8 31 -658 3607 -905 2190
0.043 9 -15 257 -4 24 -678 3612 -845 2170
0.057 11 -10 258 -11 31 -695 3612 -850 2180
0.043 8 -4 255 -15 28 -717 3637 -802 2190
0.057 8 2 252 -13 16 -730 3645 -772 2185
0.071 9 2 253 -24 -4 -741 3665 -702 2185
0.043 6 1 247 -55 -32 -738 3622 -702 2202
0.085 4 4 247 -52 -82 -738 3597 -660 2165
0.057 8 4 254 -39 -94 -718 3637 -660 2175
0.071 16 8 261 -40 -59 -697 3637 -565 2190
0.057 15 2 263 -27 -20 -667 3670 -507 2202
0.071 9 -3 260 -19 -1 -647 3622 -502 2185
0.057 9 -4 255 -13 4 -635 3685 -455 2170
0.071 8 -2 257 -30 -9 -629 3702 -432 2212
0.057 8 -5 253 -12 -26 -625 3670 -417 2197
0.071 8 -1 252 -23 -12 -610 3695 -370 2175
0.057 10 -3 263 -13 -4 -589 3685 -370 2247
0.071 7 -7 259 -16 5 -569 3680 -327 2207
0.071 10 -10 258 -12 9 -552 3665 -300 2222
0.170 -3 -5 250 -8 -6 -512 3617 -205 2170
0.085 2 -3 258 -13 -1 -492 3695 -177 2165
0.057 3 -3 255 -9 4 -473 3707 -167 2175
0.071 3 -2 254 -12 12 -456 3685 -95 2222
0.057 4 -3 255 4 8 -439 3690 -100 2180
0.085 6 1 256 -12 12 -422 3702 -40 2222
0.057 0 -4 251 1 -4 -411 3707 -47 2190
0.071 1 -3 254 6 -11 -397 3702 -25 2207
0.057 2 1 264 9 -8 -374 3722 -35 2242
0.071 3 1 259 10 3 -362 3665 -20 2165
0.071 -1 0 262 3 21 -344 3717 0 2232
0.071 -2 -2 255 7 12 -325 3702 20 2242
0.057 -3 -2 256 -1 9 -313 3680 47 2217
0.099 -2 -4 255 14 7 -285 3717 87 2207
0.057 5 -3 261 16 21 -265 3702 110 2190
0.057 2 -2 261 9 32 -250 3665 115 2212
0.071 -3 -3 256 16 30 -237 3690 120 2212
0.071 -5 -1 254 9 27 -236 3690 82 2222
0.057 -5 3 256 -1 13 -227 3685 110 2160
0.057 -3 -3 256 18 13 -216 3690 137 2247
0.071 -4 1 262 1 7 -209 3765 195 2202
0.057 0 0 254 -3 1 -207 3702 185 2242
0.071 0 4 253 -9 -4 -195 3680 200 2197
0.043 2 4 257 -13 -12 -167 3732 232 2237
0.071 4 7 255 -18 -29 -136 3712 215 2217
0.057 5 7 254 -16 -30 -102 3707 227 2247
0.085 8 2 257 -11 -22 -75 3675 200 2202
0.071 8 1 261 -14 -6 -63 3690 252 2280
0.057 9 -1 261 -12 27 -51 3670 215 2202
0.071 5 -7 266 -8 27 -35 3722 247 2155
0.071 6 -6 248 7 22 -27 3707 190 2170
0.057 3 -5 253 4 28 -12 3702 200 2170
0.057 6 -1 253 3 19 2 3707 215 2212
0.085 1 -1 253 5 17 19 3707 262 2190
0.057 1 0 254 7 18 37 3717 227 2232
0.057 1 0 254 7 18 37 3717 227 2232
0.028 2 3 257 2 21 62 3685 195 2227
0.057 -1 3 256 10 7 81 3690 215 2175
0.071 1 5 257 -3 6 99 3702 242 2180
0.057 3 9 260 -24 18 109 3695 232 2197
0.099 0 2 253 -8 7 130 3732 185 2217
0.057 -3 0 255 -4 1 137 3707 227 2217
0.071 3 -1 253 -4 -14 143 3685 190 2170
0.057 3 2 261 -12 -23 142 3732 167 2185
0.071 -2 0 252 0 -24 145 3717 152 2180
0.071 0 3 261 4 -25 148 3702 177 2185
0.057 -3 0 256 4 -27 160 3732 172 2212
0.085 -2 3 257 -2 -22 177 3695 200 2217
0.057 -1 2 254 1 -18 194 3712 110 2175
0.057 -3 1 259 0 -17 200 3712 115 2237
0.071 -1 0 256 -9 -33 203 3685 152 2217
0.057 -3 0 251 -11 -33 201 3707 77 2232
0.071 5 0 256 8 -35 190 3737 40 2140
0.099 8 2 263 -4 -16 170 3747 77 2165
0.057 -2 -4 256 11 -11 158 3712 82 2160
0.071 1 0 261 -14 -3 142 3702 120 2175
0.057 0 -2 260 -14 15 118 3727 105 2150
0.071 -5 -4 262 3 14 103 3757 40 2185
0.057 -9 -1 256 5 5 94 3690 62 2140
0.071 -5 2 256 0 -2 94 3702 40 2175
0.057 1 2 256 3 -6 97 3665 57 2165
0.057 2 2 256 7 -13 102 3685 57 2212
0.071 4 -1 255 7 -20 111 3742 35 2190
0.057 5 1 260 12 -13 105 3722 30 2145
0.057 4 2 258 14 -4 97 3727 25 2190
0.071 4 1 255 4 -8 86 3702 25 2202
0.085 -2 2 257 12 -9 78 3722 5 2175
0.057 -3 -1 255 10 -15 72 3690 47 2165
0.071 -1 2 258 2 -4 71 3722 25 2170
0.057 -2 0 259 -1 -2 63 3702 15 2145
0.057 -2 -1 257 2 0 51 3727 10 2150
0.057 -1 -1 254 -5 -6 45 3685 -52 2150
0.071 2 0 257 -9 -6 39 3707 -47 2122
0.057 -1 -4 254 5 -19 38 3752 -10 2140
0.057 1 3 254 -4 -11 30 3727 5 2135
0.057 0 5 261 -8 4 23 3742 -10 2165
0.057 -6 3 253 -7 -1 22 3765 0 2145
0.057 0 1 256 -4 5 19 3690 5 2170
0.057 -3 -5 255 8 2 13 3695 15 2165
0.057 2 -3 257 -5 -2 8 3707 10 2155
0.085 2 -2 256 4 2 1 3695 -20 2170
0.057 1 1 255 7 1 -4 3680 -57 2165
0.057 5 0 256 3 -3 2 3665 -30 2185
0.057 4 -1 255 2 -2 15 3747 -30 2165
0.057 -1 -1 254 11 0 28 3737 -30 2202
0.057 -1 3 256 9 -5 40 3727 30 2165
0.057 -2 3 261 7 6 55 3702 -67 2150
0.071 -1 2 253 0 2 64 3717 -10 2175
0.057 1 2 261 11 -4 68 3680 -30 2102
0.057 -1 3 258 11 -1 81 3732 -67 2135
0.043 -1 4 260 -9 4 79 3690 -5 2165
0.057 2 -1 255 3 -3 67 3742 -52 2190
0.057 2 -1 255 3 -3 67 3742 -52 2190
0.028 5 0 253 5 -2 59 3690 -57 2170
0.057 4 -1 256 -1 2 56 3712 -82 2190
0.071 2 -1 255 3 -2 57 3702 -47 2130
0.057 0 4 257 -21 5 49 3660 -87 2145
0.057 -4 4 263 -14 20 41 3690 -72 2180
0.057 -3 3 260 -12 28 33 3702 -52 2180
0.057 -3 -5 256 -1 40 33 3712 -57 2155
0.057 -5 -1 260 -14 24 34 3680 -72 2155
0.043 -1 -2 253 -9 15 33 3712 -20 2135
0.057 1 0 258 -8 10 37 3712 -47 2160
0.057 2 0 257 -3 14 42 3717 -35 2170
0.043 3 0 257 -7 14 54 3727 -35 2180
0.043 0 2 257 10 24 66 3690 -105 2165
0.057 1 1 257 8 27 74 3660 -82 2150
0.057 0 -1 255 16 13 82 3712 -120 2145
0.128 -1 1 254 16 -14 86 3702 -52 2212
0.057 0 -2 258 17 -10 88 3775 -67 2150
0.057 0 2 255 18 -3 89 3690 -82 2155
0.043 -2 2 260 9 -6 86 3680 -157 2237
0.057 -1 1 258 5 -3 84 3702 -105 2212
0.043 -4 2 258 12 -2 83 3712 -152 2155
0.057 -2 2 259 4 -1 88 3717 -125 2180
0.043 -1 0 257 -1 6 93 3680 -152 2155
0.057 -4 0 257 6 0 90 3680 -130 2170
0.028 -1 1 251 7 0 89 3675 -142 2170
0.057 -5 3 256 2 -9 88 3707 -110 2180
0.043 -4 2 258 -2 3 89 3660 -130 2160
0.057 -4 2 256 -12 0 89 3712 -177 2175
0.057 -4 -3 254 -5 1 80 3702 -177 2165
0.043 -6 -1 257 -6 3 73 3695 -130 2180
0.057 -4 0 255 3 2 73 3695 -125 2112
0.028 -2 1 261 -3 8 62 3727 -167 2165
0.057 -4 2 261 4 14 62 3732 -172 2117
0.043 -3 -1 256 5 8 59 3685 -105 2170
0.028 -3 0 253 4 -3 65 3727 -142 2217
0.057 -1 0 252 3 -6 69 3722 -172 2175
0.028 2 -1 256 9 -5 80 3690 -185 2160
0.043 2 0 258 13 -3 87 3707 -157 2122
0.043 2 1 254 5 5 90 3695 -215 2117
0.043 1 1 259 6 8 95 3695 -190 2160
0.043 1 2 258 5 8 94 3690 -210 2170
0.028 -1 2 256 8 6 101 3685 -205 2140
0.071 -2 0 256 16 1 99 3707 -242 2170
0.028 -3 1 253 11 2 100 3707 -210 2150
0.043 0 2 259 5 8 99 3690 -185 2170
0.028 -1 1 259 7 16 93 3707 -205 2145
0.057 -1 -3 254 12 7 92 3680 -205 2185
0.028 -3 -2 256 9 2 90 3637 -232 2180
0.043 -1 -2 256 7 7 86 3660 -227 2247
0.028 0 -1 256 8 8 75 3732 -290 2170
0.043 -1 2 256 6 12 67 3665 -252 2160
0.028 -1 -2 256 8 8 65 3690 -242 2165
0.043 -2 2 253 0 3 45 3645 -237 2170
0.043 -4 4 256 3 5 31 3707 -227 2212
0.028 -4 2 257 1 7 21 3660 -262 2202
0.043 -3 -2 258 -1 6 12 3702 -252 2117
0.043 -2 -2 256 6 1 5 3632 -267 2145
0.028 1 -2 256 3 -2 5 3680 -280 2150
0.043 2 1 256 6 -3 -5 3717 -275 2160
0.028 5 0 257 -2 -7 -7 3717 -285 2185
0.028 7 3 258 -5 -14 -9 3675 -275 2170
0.043 7 6 251 -10 -15 -15 3707 -275 2150
0.043 4 3 251 -9 -22 -9 3717 -275 2130
0.028 0 -1 253 -17 -31 -11 3690 -300 2097
0.043 -1 2 253 -18 -25 -11 3680 -262 2170
0.043 -3 2 272 -14 -32 -16 3675 -237 2145
0.043 -1 -1 239 -17 -25 -10 3665 -227 2160
0.028 -3 0 256 -9 -3 -9 3707 -257 2140
0.043 0 0 259 -8 -8 -20 3685 -237 2170
0.043 -2 1 262 -7 -12 -24 3732 -227 2117
0.057 2 0 257 -9 -21 -28 3702 -252 2150
0.028 -1 1 259 -6 -17 -42 3712 -227 2180
0.028 -2 0 264 1 -20 -45 3660 -205 2150
0.043 -7 0 252 -3 -2 -47 3717 -232 2135
0.043 2 -3 252 1 -9 -43 3722 -290 2150
0.028 -2 1 258 2 -9 -46 3685 -215 2170
0.028 -2 -2 263 -3 -8 -36 3727 -215 2150
0.043 0 2 261 -4 -3 -24 3742 -215 2135
0.028 0 2 254 -6 -6 -15 3707 -257 2170
0.028 2 0 256 -4 4 0 3727 -275 2140
0.028 2 -3 255 -9 -4 3 3670 -190 2155
0.028 0 0 256 -4 -7 6 3637 -252 2150
0.057 0 1 257 0 6 2 3690 -237 2185
0.028 4 2 260 4 4 -9 3695 -247 2150
0.028 5 -1 255 -3 7 -8 3712 -257 2185
0.028 5 -4 252 2 8 -11 3627 -205 2150
0.043 7 -2 257 -1 3 -15 3727 -232 2135
0.043 3 -1 255 -4 0 -12 3722 -232 2130
0.028 4 -2 257 -8 2 -11 3722 -190 2112
0.028 6 0 259 0 5 -3 3680 -232 2145
0.043 4 2 256 -7 9 0 3717 -220 2130
0.028 7 1 258 -8 5 2 3695 -252 2145
0.028 6 -1 255 -7 6 13 3690 -190 2122
0.043 6 0 254 -5 4 12 3637 -267 2117
0.028 6 -2 258 -2 7 10 3622 -227 2175
0.057 5 -1 259 -5 9 4 3655 -232 2140
0.028 6 -1 264 -5 17 -3 3670 -237 2190
0.043 3 0 255 -6 4 -14 3650 -262 2092
0.043 2 -1 254 -5 0 -14 3675 -252 2155
0.028 8 -2 256 0 2 -25 3695 -267 2150
0.043 6 -3 259 0 2 -21 3732 -205 2160
0.028 4 0 257 2 11 -25 3690 -232 2160
0.043 4 1 256 1 12 -26 3650 -247 2160
0.043 4 -1 252 -2 4 -32 3660 -232 2122
0.028 4 -1 256 1 -3 -31 3712 -242 2150
0.057 0 0 259 -1 0 -33 3690 -195 2140
0.028 -2 0 255 6 2 -37 3645 -220 2180
0.043 4 -2 257 -2 8 -35 3675 -177 2130
0.028 -4 -1 256 -10 11 -25 3680 -247 2150
0.057 -7 12 269 -6 4 -36 3707 -237 2107
0.028 7 -5 261 11 8 -44 3685 -237 2150
0.057 -5 -1 267 15 7 -45 3650 -167 2185
0.028 -6 1 257 2 -6 -40 3645 -195 2155
0.028 -3 -1 258 -2 -15 -34 3665 -157 2170
0.043 3 1 255 3 -7 -23 3702 -185 2150
0.043 3 2 256 2 -1 -11 3627 -185 2190
0.028 3 1 261 3 7 -4 3675 -172 2145
0.043 5 3 260 5 14 6 3707 -195 2160
0.028 6 -1 256 7 11 10 3707 -237 2087
0.043 2 0 254 3 -1 16 3732 -210 2170
0.043 1 -1 252 9 -7 18 3712 -177 2122
0.028 1 0 255 8 -7 22 3680 -162 2145
0.099 0 1 260 5 7 28 3727 -167 2112
0.028 -2 -1 254 6 7 19 3690 -167 2140
0.057 -1 -2 250 4 2 11 3645 -215 2117
0.028 -2 -3 255 8 -1 1 3695 -215 2160
0.028 -2 -3 256 4 -2 -3 3707 -200 2165
0.057 0 -3 258 6 2 -2 3695 -167 2175
0.028 0 -2 255 4 3 -5 3707 -200 2122
0.028 0 -4 259 6 8 -6 3727 -237 2150
0.028 -4 1 256 10 10 -6 3747 -177 2150
0.057 -4 0 255 10 14 -8 3742 -200 2140
0.028 -1 -2 259 5 20 -15 3675 -242 2112
0.028 -1 -1 258 8 19 -19 3680 -257 2155
0.028 0 -5 255 9 18 -21 3670 -242 2185
0.057 -2 1 256 5 15 -30 3722 -220 2190
0.028 -1 -1 257 10 17 -32 3717 -247 2190
0.028 0 1 258 1 20 -30 3690 -177 2135
0.028 5 0 256 4 21 -23 3702 -205 2145
0.043 5 -1 255 3 23 -18 3695 -237 2165
0.028 4 3 258 6 14 -13 3670 -195 2150
0.028 3 2 255 -1 2 -7 3680 -167 2130
0.028 0 2 255 1 0 -5 3690 -220 2170
0.043 4 2 257 4 3 -5 3695 -185 2145
0.043 4 -1 259 4 10 -4 3685 -232 2122
0.028 1 0 258 2 11 -5 3685 -232 2155
0.028 3 -2 257 5 11 -8 3665 -252 2170
0.028 3 -2 255 3 16 -19 3690 -172 2175
0.043 2 0 256 2 5 -23 3680 -177 2202
0.043 2 0 255 1 -10 -24 3702 -242 2175
0.043 4 2 257 -3 -3 -24 3712 -200 2150
0.043 3 2 259 -4 -9 -25 3675 -185 2145
0.028 1 4 256 -7 -6 -25 3660 -210 2140
0.043 3 2 255 -7 -14 -32 3665 -177 2150
0.028 -1 -1 253 -7 -13 -36 3695 -195 2130
0.043 2 -1 255 -3 -11 -41 3695 -152 2165
0.043 -1 0 254 -9 -9 -45 3685 -200 2150
0.028 0 -1 258 -11 -6 -49 3665 -147 2180
0.043 -1 0 259 -12 5 -59 3685 -215 2165
0.028 -4 -1 256 -4 8 -64 3690 -190 2165
0.043 -3 -1 260 -3 11 -65 3632 -185 2145
0.043 -2 1 258 -3 7 -65 3670 -157 2150
0.028 -2 1 255 -2 0 -64 3675 -172 2165
0.043 0 0 253 -2 -5 -69 3717 -105 2155
0.028 -1 -3 255 1 -7 -77 3732 -125 2180
0.028 -3 0 259 5 1 -81 3690 -172 2122
0.043 -1 0 257 6 5 -88 3665 -152 2155
0.028 1 0 259 2 8 -93 3690 -200 2117
0.028 -2 0 256 4 8 -101 3695 -137 2180
0.043 -2 -2 255 3 3 -98 3670 -130 2140
0.028 3 -1 259 5 3 -91 3632 -162 2150
0.028 2 1 256 0 9 -87 3632 -125 2122
0.043 5 -1 254 4 4 -79 3712 -142 2155
0.028 2 1 253 6 -6 -73 3685 -125 2130
0.028 1 0 255 0 -4 -70 3685 -147 2122
0.057 -1 2 259 10 -8 -61 3690 -105 2180
0.043 2 2 259 4 -5 -54 3675 -87 2217
0.028 0 1 256 0 -4 -54 3727 -95 2155
0.028 1 -1 256 3 1 -47 3690 -95 2122
0.028 2 -1 256 -2 -9 -45 3670 -115 2197
0.043 1 -3 255 -2 -8 -42 3680 -120 2160
0.043 0 -3 255 -2 -5 -37 3685 -115 2155
0.028 0 1 257 -5 -10 -30 3695 -110 2165
0.028 -2 2 257 0 -9 -22 3685 -57 2212
0.043 0 1 255 2 -9 -12 3675 -100 2122
0.028 3 0 258 -4 -5 -8 3645 -115 2155
0.028 1 -1 257 -7 -4 1 3655 -95 2122
0.028 0 0 255 1 -2 5 3685 -87 2145
0.057 -1 2 257 -1 -3 14 3702 -110 2197
0.028 -4 -2 253 2 -8 21 3670 -87 2202
0.028 -2 -1 256 -2 -3 30 3685 -77 2145
0.043 0 -3 255 -4 -4 35 3665 -82 2190
0.028 -1 -1 255 0 -12 44 3675 -110 2185
0.028 -3 0 254 3 -6 51 3655 -87 2190
0.028 -7 0 256 0 -12 58 3670 -147 2185
0.028 -7 2 258 -2 -5 62 3650 -157 2160
0.043 -7 1 258 -1 1 63 3680 -125 2180
0.028 -5 -2 256 -8 6 58 3707 -110 2107
0.028 -5 -2 255 -6 5 59 3707 -142 2185
0.028 -4 -4 256 -6 6 58 3695 -142 2135
0.028 -3 -1 253 -7 -2 60 3660 -147 2170
0.014 -3 0 251 -3 -4 59 3707 -125 2160
0.028 0 1 256 -6 -4 72 3660 -172 2170
0.028 1 0 259 -1 0 82 3695 -142 2117
0.028 0 1 254 0 1 90 3645 -185 2165
0.028 2 0 257 0 -4 96 3702 -177 2170
0.014 1 3 256 -3 -8 106 3685 -130 2155
0.028 7 1 255 4 -4 113 3665 -185 2190
0.028 2 1 256 4 -5 117 3695 -185 2212
0.028 1 -1 253 5 -4 119 3680 -162 2145
0.028 2 1 255 6 -12 118 3695 -177 2130
0.028 1 3 260 5 -12 113 3722 -157 2190
0.028 1 1 252 4 -14 113 3685 -190 2135
0.014 4 0 256 8 -18 110 3717 -142 2155
0.028 3 -1 256 7 -10 103 3680 -167 2122
0.043 3 -1 257 2 -5 94 3722 -205 2180
0.028 2 -1 257 3 -5 90 3695 -195 2122
0.028 -1 -2 257 3 0 86 3680 -210 2175
0.014 -3 1 258 3 -1 80 3712 -220 2135
0.028 -6 0 256 3 -11 76 3655 -185 2155
0.028 -6 -1 255 10 -15 67 3685 -190 2165
0.028 -6 -1 258 5 -10 62 3685 -167 2160
0.014 -6 0 256 3 -11 51 3675 -195 2130
0.028 -6 -3 258 6 -7 46 3660 -242 2122
0.028 -3 -1 254 7 -7 37 3675 -242 2145
0.014 -1 -3 256 1 -1 37 3722 -227 2135
0.014 -1 -1 259 1 -3 32 3747 -220 2165
0.028 3 0 257 -1 1 28 3680 -227 2117
0.057 1 2 255 2 1 26 3602 -247 2160
0.014 0 -2 256 0 -7 29 3650 -257 2185
0.028 0 0 256 3 -3 20 3752 -275 2145
0.028 -1 0 256 6 -5 21 3752 -247 2117
0.000 -1 -1 258 4 3 18 3775 -252 2175
0.028 -2 -1 257 4 4 16 3727 -247 2185
0.014 -3 1 259 3 2 12 3722 -247 2165
0.014 -3 1 255 4 2 10 3655 -237 2175
0.028 -1 2 254 4 -6 2 3660 -262 2140
0.014 -6 2 253 -2 -9 -1 3702 -210 2155
0.014 -5 1 255 2 -10 0 3712 -247 2222
0.014 -7 0 258 2 -8 -7 3665 -267 2140
0.014 -7 -1 257 1 -6 -3 3680 -257 2145
0.014 -8 1 258 0 -3 -5 3660 -262 2155
0.014 -8 -2 256 -1 -8 -3 3707 -262 2140
0.014 -7 -3 259 2 -1 -9 3712 -310 2122
0.014 -6 -1 256 0 -2 -14 3707 -275 2145
0.000 -6 -1 256 1 -3 -15 3655 -252 2170
0.014 -6 -1 256 -2 0 -18 3690 -262 2165
0.014 -2 -1 257 -3 3 -22 3660 -247 2107
0.000 -2 0 258 -1 6 -17 3660 -242 2140
0.000 0 0 257 -2 7 -19 3702 -285 2140
0.000 1 0 255 -1 9 -22 3685 -215 2160
0.014 -3 2 257 3 4 -22 3665 -257 2135
0.000 -6 1 255 -1 1 -21 3712 -247 2135
0.014 -2 -2 255 1 -2 -25 3675 -205 2207
0.000 -4 0 254 -1 1 -17 3712 -242 2097
0.000 -3 1 258 -2 -1 -17 3685 -242 2145
0.000 1 0 257 0 4 -14 3645 -257 2140
0.014 -3 0 254 -1 4 -10 3685 -275 2180
0.000 -3 -1 255 0 4 -2 3645 -262 2175
0.000 -2 -2 256 0 1 3 3685 -227 2145
0.000 0 -3 260 0 3 7 3675 -232 2165
0.000 0 -2 255 2 2 8 3690 -232 2155
0.000 3 -1 256 2 5 12 3702 -232 2155
0.000 1 0 256 2 4 10 3732 -262 2175
0.000 5 -1 254 1 3 10 3685 -215 2122
0.000 2 0 252 -3 0 5 3675 -247 2150
0.000 3 1 258 0 2 2 3690 -215 2130
0.000 -2 1 255 0 -5 -5 3707 -232 2082
0.000 0 1 255 2 -6 -11 3675 -262 2155
0.000 1 -2 255 -2 -5 -17 3695 -262 2140
0.000 2 -1 255 -2 -6 -20 3680 -275 2135
0.000 -1 0 256 -5 -5 -29 3617 -205 2160
0.000 -2 0 257 0 3 -34 3690 -227 2165
0.000 -4 1 254 -1 6 -39 3670 -220 2117
0.000 0 -1 255 0 4 -35 3665 -262 2117
0.000 -1 1 255 -1 4 -31 3685 -275 2097
-0.014 0 0 257 -2 -3 -21 3675 -247 2155
0.000 4 0 255 0 0 -10 3665 -227 2160
0.000 5 -5 254 -2 1 -4 3707 -247 2155
0.000 9 -1 257 2 -3 6 3685 -220 2122
0.000 11 -1 257 0 3 10 3680 -232 2145
0.000 10 -2 257 1 2 12 3695 -257 2135
0.000 5 -3 260 1 -1 5 3707 -257 2140
0.000 5 0 256 1 -8 5 3727 -267 2145
0.014 7 5 256 -4 -18 8 3707 -237 2122
0.000 2 2 255 -2 -22 14 3722 -280 2112
0.000 2 1 254 -1 -10 20 3670 -210 2155
0.000 4 1 259 2 -8 23 3582 -237 2145
0.014 0 -2 254 -1 -2 27 3660 -195 2170
0.000 1 2 258 0 12 24 3680 -232 2160
0.000 0 -3 257 2 15 22 3690 -257 2207
0.000 -4 1 259 0 17 18 3617 -257 2212
0.000 -3 -1 256 2 15 8 3612 -205 2207
0.000 -4 -1 257 -2 5 1 3645 -237 2117
0.000 -5 0 255 -3 1 -5 3690 -220 2130
0.000 -3 0 257 -1 -6 -12 3685 -257 2150
0.000 1 -3 258 1 -14 -15 3695 -275 2170
0.000 1 -1 257 3 -20 -19 3712 -232 2150
0.000 0 1 254 0 -35 -23 3670 -285 2175
0.000 1 -1 255 0 -33 -25 3747 -215 2130
0.000 3 1 255 0 -37 -18 3702 -220 2130
0.000 4 0 258 0 -40 -14 3727 -227 2130
0.000 3 0 257 2 -33 -10 3645 -252 2135
0.000 3 3 258 0 -34 -2 3645 -220 2145
0.000 3 1 257 3 -39 0 3650 -215 2150
0.000 0 -1 255 -2 -43 -2 3685 -227 2122
0.000 0 -2 256 -3 -57 -5 3690 -237 2072
0.000 -3 -2 255 4 -70 -10 3732 -210 2140
0.000 1 1 260 1 -84 -15 3742 -242 2112
0.000 1 1 254 0 -90 -18 3685 -195 2140
-0.014 6 -1 257 7 -76 -15 3732 -227 2112
0.000 14 3 265 -11 -9 -12 3727 -242 2145
0.000 10 2 250 1 -10 9 3702 -205 2092
0.000 10 2 247 3 -5 32 3747 -177 2122
0.000 11 -1 259 3 -1 45 3702 -242 2067
0.000 8 -4 256 3 -5 55 3707 -210 2145
0.014 7 -2 259 -2 -8 64 3712 -205 2145
0.000 5 -1 258 3 -6 63 3690 -237 2097
0.000 5 2 255 1 -11 59 3717 -220 2102
0.000 0 3 256 2 -7 48 3702 -195 2097
0.000 1 0 256 1 -1 38 3695 -215 2097
0.000 1 -1 258 3 -2 26 3690 -257 2087
0.014 0 -1 259 -1 -11 16 3737 -237 2092
0.000 -1 -1 255 3 -3 6 3695 -200 2122
0.000 2 0 254 2 2 -1 3712 -267 2097
0.000 2 0 256 2 3 -1 3685 -252 2102
0.000 3 -2 256 4 0 1 3680 -267 2062
0.000 3 2 257 3 0 -3 3722 -275 2087
0.000 3 1 255 2 1 0 3680 -275 2117
0.000 4 0 258 -2 -4 3 3742 -257 2102
0.000 4 -2 255 3 -7 6 3707 -247 2067
0.000 7 0 258 4 -8 6 3722 -275 2097
0.000 3 -1 259 -2 -5 6 3695 -232 2135
0.000 3 1 254 5 6 8 3712 -257 2107
0.000 6 -2 253 17 25 -3 3737 -220 2117
0.000 3 1 256 -5 42 -13 3737 -210 2122
0.000 -6 -1 254 1 -3 -23 3680 -267 2140
0.000 -4 1 255 4 -30 -10 3645 -257 2130
0.000 -6 1 256 2 -35 -5 3717 -215 2117
0.000 0 1 264 8 -26 -4 3685 -232 2107
-0.014 -1 0 250 -1 -16 0 3722 -232 2135
0.000 3 -3 253 1 7 -4 3670 -205 2140
0.000 3 -3 253 1 8 -2 3722 -177 2117
0.000 2 -5 258 0 0 -4 3695 -237 2092
-0.014 2 0 260 -3 0 -4 3717 -177 2130
0.000 3 -1 261 6 -6 -3 3670 -247 2102
0.000 7 2 256 3 -1 1 3712 -200 2122
-0.014 4 1 253 0 0 2 3717 -232 2082
0.000 4 0 254 4 4 1 3690 -220 2112
0.000 5 -2 259 3 0 2 3707 -210 2097
-0.014 4 0 256 6 -4 3 3685 -205 2135
0.000 5 -1 256 0 -5 4 3685 -295 2092
0.000 5 -1 257 0 -3 5 3675 -285 2092
0.000 4 -1 255 1 2 6 3747 -252 2097
-0.014 4 0 254 0 3 5 3680 -215 2117
0.000 4 1 256 2 -4 5 3712 -237 2112
0.000 4 1 257 2 -4 6 3670 -220 2145
0.000 4 -1 253 1 -9 10 3702 -232 2072
-0.014 3 0 258 -1 -6 10 3695 -215 2122
0.000 4 -2 257 3 -8 9 3690 -227 2170
0.000 2 1 254 1 -6 9 3665 -242 2117
0.000 5 0 256 -1 -11 8 3727 -177 2067
0.000 6 1 260 -1 -10 7 3685 -185 2072
0.000 5 -3 256 4 -6 8 3717 -237 2087
-0.014 7 1 253 3 0 6 3712 -220 2087
0.000 6 2 255 1 8 7 3695 -195 2112
-0.014 3 2 255 1 5 5 3675 -172 2130
0.000 5 0 256 1 -2 6 3732 -257 2150
0.000 6 -1 257 0 -5 6 3757 -257 2107
0.000 7 -1 257 2 -6 5 3780 -252 2082
0.000 5 -1 255 2 1 2 3680 -252 2055
0.000 4 -2 255 5 3 0 3757 -267 2102
0.000 5 0 256 3 3 -1 3727 -232 2102
0.000 4 2 254 2 0 2 3722 -247 2107
0.000 5 1 257 1 2 3 3717 -257 2035
0.000 4 -2 259 3 -2 4 3707 -247 2102
0.000 5 -4 258 2 1 0 3717 -227 2130
0.000 5 1 254 4 3 1 3707 -280 2067
0.000 5 -1 257 0 3 3 3732 -262 2155
0.000 6 0 261 3 -1 0 3717 -267 2097
0.000 4 1 257 1 1 0 3680 -242 2160
0.000 3 0 256 -3 0 0 3707 -242 2062
0.000 6 0 258 -1 0 0 3645 -210 2055
0.000 6 -2 255 2 -6 3 3727 -237 2077
0.000 4 -2 256 1 -3 5 3695 -310 2097
0.000 4 0 255 5 1 8 3675 -242 2117
0.000 6 0 257 2 2 3 3712 -280 2102
0.000 4 -2 256 2 5 -1 3712 -285 2112
0.000 6 0 256 -1 2 2 3717 -280 2097
-0.014 5 -1 256 2 1 4 3747 -247 2117
0.000 5 0 255 2 1 2 3675 -252 2092
0.000 3 2 255 1 2 -3 3712 -237 2107
0.000 4 -2 257 0 3 4 3685 -257 2092
0.000 3 -2 260 2 3 0 3650 -247 2112
0.000 4 1 257 4 1 4 3685 -215 2112
0.000 5 -2 257 2 5 -2 3702 -257 2082
-0.014 4 1 255 3 0 0 3737 -205 2107
0.000 3 0 259 1 0 -1 3752 -242 2112
0.000 4 -2 258 1 -3 2 3732 -227 2092
0.000 4 0 257 3 -1 1 3732 -267 2087
0.000 6 -2 255 4 -1 1 3712 -247 2135
0.000 6 0 256 2 1 2 3702 -242 2130
0.000 2 0 256 3 0 0 3690 -257 2087
0.000 5 1 256 -4 0 5 3742 -242 2122
0.000 3 -1 255 -2 2 1 3695 -242 2102
0.000 5 1 255 0 0 4 3722 -252 2107
0.000 4 -1 254 -2 3 1 3690 -285 2102
0.000 6 -1 257 0 3 0 3722 -220 2130
0.000 4 2 257 1 -2 0 3707 -220 2122
0.000 5 -2 257 0 0 4 3702 -215 2145
0.000 4 1 255 1 0 1 3702 -247 2102
0.000 3 1 255 -1 1 0 3712 -262 2112
0.000 4 -1 258 2 2 0 3690 -267 2112
0.000 5 -1 257 2 2 4 3655 -227 2145
0.000 4 -1 254 3 3 0 3732 -232 2135
0.000 4 -2 256 0 4 1 3737 -237 2107
0.000 2 1 256 2 0 2 3732 -237 2155
0.000 5 0 258 0 2 0 3690 -242 2170
0.000 2 0 255 1 2 2 3722 -232 2140
0.000 3 1 259 2 -1 3 3665 -242 2155
0.000 2 2 256 -2 2 4 3742 -252 2082
0.000 4 -1 257 -1 0 3 3712 -290 2087
0.000 5 -2 262 1 0 1 3675 -257 2130
0.000 5 -1 258 -3 -1 3 3717 -275 2092
0.000 6 -1 256 4 -1 1 3680 -237 2077
0.000 5 -1 255 4 1 1 3737 -275 2117
0.000 3 0 259 3 -2 -1 3712 -242 2145
0.000 4 -1 257 -1 3 1 3702 -285 2077
0.000 4 -1 254 1 1 3 3702 -322 2117
0.000 3 2 256 2 0 2 3732 -242 2202
0.000 5 -1 256 -2 -1 5 3722 -290 2155
0.000 2 0 258 1 -4 1 3695 -210 2087
0.000 2 -1 259 1 0 2 3675 -257 2097
0.000 2 0 254 1 2 2 3670 -237 2150
0.000 4 -1 257 1 2 4 3712 -257 2130
0.000 6 -2 258 2 -2 -2 3707 -290 2122
0.000 5 1 257 -2 -2 3 3702 -267 2112
0.000 3 0 257 1 0 -3 3712 -215 2082
0.000 4 -1 256 3 2 1 3680 -215 2097
-0.014 3 1 256 5 2 1 3707 -237 2140
0.000 5 1 258 4 0 2 3722 -267 2112
0.000 4 -1 256 4 1 1 3670 -257 2112
0.000 3 1 258 4 -1 0 3650 -275 2135
0.000 4 1 256 -1 5 2 3702 -220 2087
0.000 5 0 257 3 0 2 3717 -205 2117
0.000 3 0 255 6 1 4 3732 -215 2160
0.000 4 -1 261 1 -2 -1 3690 -237 2077
0.000 6 -1 255 -1 2 1 3707 -247 2055
0.000 3 0 257 3 4 4 3722 -247 2087
0.000 6 -1 255 -1 3 2 3717 -257 2112
0.000 3 0 255 1 -1 2 3690 -262 2092
0.000 3 -1 255 0 0 0 3707 -242 2082
0.000 4 0 256 1 1 2 3690 -177 2135
0.000 3 -2 255 -2 -2 0 3702 -200 2140
0.000 2 -2 257 2 -2 3 3660 -200 2135
0.000 4 -2 255 0 1 0 3695 -210 2170
0.000 4 -3 256 -1 -1 2 3722 -220 2107
0.000 4 1 256 2 0 5 3702 -227 2117
0.000 5 0 256 5 5 2 3727 -210 2185
0.000 4 0 256 -1 -2 0 3702 -232 2140
0.000 5 -3 259 3 2 2 3712 -275 2145
0.000 3 1 253 2 0 2 3675 -247 2102
0.000 5 -1 257 1 -1 1 3695 -247 2087
0.000 4 -2 255 0 0 1 3722 -267 2092
0.000 5 2 258 -2 3 1 3655 -280 2112
0.000 4 0 256 0 -1 -2 3702 -257 2135
0.000 5 0 254 1 -1 2 3650 -252 2077
0.000 3 1 256 4 0 2 3695 -252 2092
0.000 3 -2 254 0 8 2 3732 -232 2130
0.000 4 -1 258 3 1 0 3695 -205 2122
0.000 5 -3 256 3 3 3 3717 -262 2107
0.000 6 0 256 0 -1 0 3690 -227 2102
0.000 5 -3 256 0 -3 1 3717 -247 2107
0.000 5 -2 255 4 -1 3 3702 -215 2145
0.000 3 -2 255 1 -2 -2 3712 -267 2097
0.000 4 -3 258 2 1 -2 3737 -247 2107
0.000 6 -2 258 2 2 1 3727 -300 2107
0.000 2 2 253 1 1 0 3675 -232 2117
0.000 1 1 257 5 -1 -1 3675 -252 2087
0.000 6 0 254 2 1 0 3747 -220 2135
0.000 4 1 260 3 1 -1 3712 -257 2087
0.000 5 0 256 1 2 -1 3707 -232 2122
0.000 4 1 256 -1 -1 1 3702 -275 2097
0.000 5 0 259 1 1 0 3690 -252 2082
0.000 4 1 256 2 -1 1 3717 -242 2112
0.000 4 -1 256 0 1 1 3727 -205 2092
0.000 4 -1 256 0 1 1 3727 -205 2092
0.000 3 1 253 2 -4 -2 3717 -242 2087
0.000 4 0 255 -2 -1 0 3717 -205 2140
0.000 3 -2 257 0 0 2 3727 -220 2150
0.000 4 0 255 0 3 0 3707 -285 2135
0.000 5 2 256 2 1 1 3747 -252 2107
0.000 5 0 257 -4 2 2 3722 -252 2087
0.000 4 -2 257 1 0 3 3690 -220 2087
0.000 5 1 257 2 -1 -2 3717 -227 2135
0.000 3 -1 257 2 -1 2 3717 -220 2140
0.000 3 -1 256 1 -3 -1 3707 -262 2092
0.000 6 -2 255 4 0 2 3752 -237 2077
0.000 4 1 257 1 1 1 3722 -267 2107
0.000 3 -1 257 2 3 4 3695 -280 2117
0.000 3 1 255 0 2 3 3685 -210 2087
0.000 4 -1 256 1 -2 1 3717 -257 2122
0.000 3 -1 257 1 0 0 3702 -227 2135
0.000 2 -2 256 -1 0 -2 3722 -232 2117
0.000 3 0 252 3 0 0 3702 -257 2107
0.000 6 -1 257 1 -1 1 3732 -262 2140
0.000 4 1 257 1 1 4 3690 -262 2092
0.000 6 1 258 -3 0 -3 3690 -267 2092
0.000 4 1 256 4 -1 0 3695 -220 2097
0.000 3 0 257 -1 0 1 3702 -237 2102
0.000 5 1 257 2 0 1 3695 -262 2145
0.000 5 0 256 2 0 2 3717 -257 2122
0.000 5 0 256 2 0 2 3717 -257 2122
0.000 4 -2 255 3 -2 0 3717 -262 2117
0.000 3 1 256 0 1 0 3732 -300 2097
0.000 3 -1 257 3 2 6 3702 -280 2145
0.000 4 0 257 2 3 2 3690 -227 2097
0.000 3 0 256 0 1 -2 3722 -190 2102
0.000 3 1 253 2 1 2 3695 -242 2140
0.000 5 -1 256 2 0 2 3712 -257 2097
0.000 3 1 253 1 -1 0 3712 -232 2092
0.000 5 -2 258 4 1 0 3732 -262 2122
0.000 4 0 255 -2 2 -1 3702 -280 2117
0.000 3 -1 255 1 -1 -4 3737 -215 2140
0.000 5 -2 253 -3 -1 -3 3727 -280 2097
0.000 5 -1 257 0 0 5 3722 -247 2135
0.000 3 0 255 2 1 -3 3685 -280 2102
0.000 5 -1 259 4 -1 0 3727 -280 2140
0.000 6 -1 257 -1 -1 1 3707 -267 2077
0.000 4 2 256 2 -1 -3 3742 -200 2130
0.000 3 0 255 4 2 1 3765 -232 2107
0.000 3 -1 259 1 0 2 3712 -210 2140
0.000 5 -1 254 3 -1 -2 3702 -237 2107
0.000 4 0 256 3 -1 1 3727 -247 2102
0.000 3 0 254 3 0 0 3712 -242 2112
0.000 2 0 257 2 -1 -1 3695 -247 2112
0.000 2 2 256 3 -4 1 3690 -275 2087
0.000 2 0 257 5 -1 -2 3712 -275 2135
0.000 4 0 257 2 3 2 3722 -242 2102
0.000 4 1 255 3 0 3 3702 -280 2097
0.000 3 -1 254 -1 -1 0 3722 -257 2107
0.000 5 -2 256 2 -3 1 3717 -262 2087
0.000 3 -1 257 -1 -1 2 3665 -252 2040
0.000 5 -1 255 6 -1 0 3665 -267 2087
0.000 6 1 257 3 1 0 3717 -227 2102
0.000 4 -1 257 2 -2 -1 3732 -280 2087
0.000 2 0 257 0 0 1 3722 -215 2160
0.000 4 -1 255 4 3 1 3717 -215 2112
0.000 1 2 258 0 -3 6 3747 -237 2092
0.000 4 -1 257 2 -2 4 3660 -262 2117
0.000 4 0 258 3 5 -2 3702 -267 2092
0.000 3 0 258 -2 -2 5 3712 -195 2117
0.000 5 -4 253 0 -2 2 3670 -247 2072
0.000 5 -2 258 3 0 3 3695 -275 2055
0.000 4 0 256 3 -2 -1 3695 -242 2092
0.000 3 -1 259 2 -1 -1 3702 -275 2165
0.000 5 -1 256 3 0 0 3675 -247 2170
0.000 7 -1 255 2 2 -1 3685 -227 2170
0.000 4 0 256 -2 1 0 3737 -262 2135
0.000 4 -1 257 -1 0 2 3717 -252 2077
0.000 3 -1 253 6 1 0 3727 -267 2107
0.000 4 -2 257 6 -1 2 3695 -290 2117
0.000 3 2 256 2 1 2 3712 -247 2102
0.000 4 0 257 1 0 2 3685 -232 2130
0.000 2 2 256 3 -3 1 3680 -247 2092
0.000 5 -2 257 1 3 2 3732 -262 2112
0.000 4 0 258 2 3 3 3717 -257 2062
0.000 3 -1 256 2 0 2 3747 -267 2102
0.000 5 -3 257 1 -1 -1 3707 -300 2117
0.000 4 -1 255 2 -1 0 3707 -237 2107
0.000 4 0 253 3 3 2 3702 -257 2112
0.000 4 -1 256 2 2 3 3690 -262 2087
0.000 3 0 258 5 3 3 3727 -242 2107
0.000 5 0 257 0 2 0 3695 -262 2102
0.000 5 -3 256 2 0 -1 3650 -210 2155
0.000 3 0 256 2 -1 1 3717 -257 2107
0.000 3 -1 256 -1 -1 2 3660 -285 2117
0.000 5 0 257 1 -1 2 3707 -237 2145
0.000 5 -3 256 3 -3 0 3695 -242 2117
0.000 4 -2 257 3 -4 -2 3747 -290 2097
0.000 6 -1 260 0 -3 1 3775 -232 2140
0.000 4 1 258 4 0 -1 3765 -215 2122
0.000 5 1 255 1 -2 -1 3695 -275 2107
0.000 4 0 256 0 -2 2 3722 -252 2092
0.000 5 -1 258 2 1 2 3717 -267 2122
0.000 5 1 256 1 -1 0 3695 -220 2102
0.000 4 -1 255 0 0 1 3685 -252 2117
0.000 4 -1 256 2 0 0 3727 -232 2067
0.000 4 0 256 1 -1 -1 3707 -257 2102
0.000 3 1 256 2 -1 3 3685 -252 2135
0.000 3 1 254 0 -1 0 3690 -215 2150
0.000 6 -1 257 -3 1 0 3675 -275 2055
0.000 4 -3 256 2 -1 1 3660 -267 2117
0.000 3 0 255 3 -3 1 3670 -275 2097
0.000 5 -2 255 1 4 1 3695 -247 2087
0.000 3 0 257 -1 1 0 3732 -205 2092
0.000 5 0 259 3 2 0 3665 -232 2160
0.000 3 -2 255 0 1 -3 3742 -215 2170
0.000 6 -1 256 3 -7 2 3695 -275 2165
0.000 5 1 257 1 -3 2 3702 -252 2107
0.000 4 -1 256 0 -1 0 3680 -267 2175
0.000 4 -1 257 -1 0 3 3712 -215 2117
0.000 3 -1 255 3 1 -3 3717 -242 2112
0.000 4 0 256 2 1 2 3712 -227 2092
0.000 5 1 256 -1 1 -1 3685 -280 2102
0.000 4 0 255 1 2 4 3670 -237 2117
0.000 4 -1 258 4 -1 -1 3732 -242 2102
0.000 3 -1 255 1 4 1 3702 -247 2072
0.000 4 -2 256 1 -1 3 3702 -247 2107
0.000 4 0 256 2 1 1 3707 -227 2077
0.000 4 1 255 1 -1 4 3717 -220 2117
0.000 2 0 258 2 0 3 3690 -247 2092
0.000 3 0 253 -2 2 0 3717 -227 2130
0.000 5 0 255 2 1 -2 3732 -275 2097
0.000 3 0 256 0 -2 3 3722 -290 2077
0.000 4 0 257 4 -1 1 3727 -275 2062
0.000 4 -2 255 -1 -4 2 3702 -280 2097
0.000 4 1 258 2 0 -4 3680 -257 2112
0.000 5 0 253 3 -4 1 3685 -232 2130
0.000 4 0 253 -1 1 2 3707 -210 2102
0.000 4 1 257 -3 -1 2 3707 -227 2092
0.000 2 -1 257 1 -3 -2 3675 -242 2087
0.000 3 2 254 3 -1 3 3707 -200 2117
0.000 2 -1 253 4 -2 4 3702 -285 2010
0.000 3 1 255 -1 -2 3 3712 -252 2062
0.000 6 -2 253 1 1 5 3665 -275 2077
0.000 4 2 255 0 0 0 3690 -267 2135
0.000 4 0 253 1 2 0 3732 -275 2067
0.000 5 0 255 1 2 2 3722 -310 2122
0.000 6 -1 255 3 -1 2 3712 -267 2082
0.000 5 -1 257 3 1 2 3712 -227 2097
0.000 4 -2 256 -1 0 1 3747 -232 2087
0.000 5 0 257 1 -3 -1 3712 -257 2117
0.000 3 0 256 2 0 0 3727 -290 2135
0.000 4 -3 255 1 0 -1 3680 -267 2092
0.000 4 -2 255 4 0 2 3695 -252 2097
0.000 4 0 257 1 1 -4 3702 -267 2112
0.000 4 -1 257 1 4 -2 3695 -290 2067
0.000 3 1 254 1 -1 1 3670 -300 2140
0.000 3 -2 253 0 2 2 3732 -262 2097
0.000 3 -1 255 -1 0 3 3722 -237 2092
0.000 5 -1 259 0 0 0 3727 -247 2072
0.000 4 -1 256 1 -2 -3 3675 -285 2092
0.000 4 -3 255 0 -2 1 3660 -275 2087
0.000 3 -1 256 3 -1 0 3680 -295 2097
0.000 4 0 256 2 1 1 3675 -237 2097
0.000 3 1 257 3 1 4 3702 -305 2040
0.000 4 0 257 2 -4 -2 3680 -285 2077
0.000 4 0 257 1 0 3 3717 -232 2107
0.000 4 1 253 0 -2 0 3712 -252 2135
0.000 4 -1 256 1 3 3 3712 -237 2087
0.000 1 1 259 2 1 2 3737 -232 2097
0.000 5 1 257 -1 -3 -2 3727 -305 2130
0.000 5 -1 257 -3 -2 1 3717 -305 2107
0.000 2 0 255 0 2 1 3722 -237 2087
0.000 4 0 259 -1 0 1 3732 -237 2135
0.000 4 -1 256 4 -1 1 3722 -232 2122
0.000 3 1 255 3 -2 1 3690 -252 2107
0.000 5 1 257 3 0 -1 3675 -232 2092
0.000 4 -1 257 2 -1 0 3660 -220 2112
0.000 3 2 258 3 3 -2 3675 -257 2102
0.000 4 2 257 1 -3 0 3680 -300 2097
0.000 4 1 258 2 0 0 3645 -285 2102
0.000 5 2 260 2 2 2 3685 -285 2092
0.000 4 -1 256 0 -2 2 3690 -247 2112
0.000 4 0 254 1 -1 -3 3675 -210 2062
0.000 4 -2 258 5 2 2 3670 -232 2092
0.000 4 0 256 2 0 4 3690 -252 2092
0.000 3 -2 256 4 -2 0 3690 -232 2140
0.000 6 1 256 4 -4 4 3712 -247 2102
0.000 6 -1 258 -1 3 -1 3712 -242 2107
0.000 3 -1 256 4 1 2 3770 -237 2107
0.000 4 -2 254 1 2 -3 3732 -237 2107
0.000 3 -1 256 3 2 1 3742 -232 2130
0.000 1 -1 255 2 -3 0 3670 -257 2145
0.000 4 -1 256 0 1 2 3680 -227 2102
0.000 5 0 255 2 0 0 3690 -267 2112
0.000 4 -1 257 1 0 -1 3665 -232 2062
0.000 4 0 253 2 2 0 3702 -275 2112
0.000 5 -2 257 1 -4 2 3665 -210 2072
0.000 5 -1 256 2 3 3 3737 -237 2087
0.000 4 -1 257 0 0 2 3757 -252 2097
0.000 4 0 257 4 0 1 3742 -280 2112
0.000 5 -1 258 4 -1 -1 3765 -247 2097
0.000 4 0 256 -2 0 0 3742 -285 2117
0.000 3 0 257 3 1 1 3675 -232 2045
0.000 5 0 256 -1 0 0 3722 -232 2087
0.000 3 0 253 3 1 -1 3665 -267 2122
0.000 4 -1 255 1 -1 -2 3695 -242 2102
0.000 4 -1 257 1 2 1 3737 -262 2072
0.000 5 -2 259 -2 4 -2 3737 -252 2150
0.000 4 -3 258 0 1 1 3690 -252 2092
0.000 1 0 255 2 2 3 3752 -327 2117
0.000 3 2 256 0 2 -1 3737 -285 2112
0.000 5 0 257 1 0 5 3727 -305 2097
0.000 4 0 255 0 -3 1 3690 -275 2045
0.000 5 1 260 0 -1 -2 3727 -252 2087
0.000 4 2 258 -2 3 0 3675 -262 2077
0.000 5 -1 257 3 1 -1 3675 -285 2102
0.000 5 0 255 5 1 1 3685 -267 2107
0.000 5 -2 258 3 0 1 3675 -280 2135
0.000 6 0 257 1 -1 -2 3712 -280 2107
0.000 4 1 256 3 1 1 3717 -257 2102
0.000 3 1 256 1 1 4 3727 -237 2145
0.000 2 0 255 4 1 1 3752 -252 2097
0.000 2 -1 255 4 -1 2 3722 -275 2072
0.000 3 -2 254 3 -2 6 3722 -242 2107
0.000 4 1 256 1 3 2 3717 -267 2092
0.000 5 0 251 -1 1 1 3727 -257 2107
0.000 4 -1 255 2 -1 0 3747 -220 2097
0.000 4 0 255 4 0 0 3712 -257 2062
0.000 3 -2 256 1 0 1 3695 -252 2082
0.000 4 -1 255 -2 0 3 3680 -237 2045
0.000 4 -1 257 -1 -1 1 3665 -227 2082
0.000 4 1 257 5 2 -1 3707 -305 2130
0.000 4 1 257 3 -3 2 3690 -300 2102
0.000 3 1 257 3 4 0 3732 -285 2155
0.000 5 0 257 1 0 2 3690 -210 2087
0.000 2 0 257 3 3 -2 3707 -237 2107
0.000 3 -2 256 0 2 2 3727 -267 2102
0.000 4 -1 256 0 -4 -2 3727 -210 2097
0.000 5 -1 255 2 -2 5 3737 -227 2112
0.000 4 0 259 4 -6 -2 3737 -257 2097
0.000 5 0 257 -2 -3 -1 3702 -252 2092
0.000 1 0 255 1 -1 -2 3712 -280 2107
0.000 4 0 256 3 0 1 3702 -257 2062
0.000 6 0 255 2 -1 3 3695 -242 2145
0.000 3 -3 259 4 -2 -3 3712 -232 2107
0.000 3 -1 255 4 0 -2 3722 -252 2117
0.000 3 -1 254 5 1 -1 3680 -220 2082
0.000 4 -1 258 1 -3 4 3727 -280 2175
0.000 4 0 256 2 2 -1 3695 -257 2190
0.000 6 -1 258 4 0 1 3680 -290 2185
0.000 4 0 257 1 3 5 3712 -280 2077
0.000 4 -1 256 3 -2 1 3722 -290 2062
0.000 3 -1 254 -1 1 1 3680 -252 2107
0.000 5 -3 258 0 3 3 3717 -210 2092
-0.014 5 -1 256 4 0 1 3707 -190 2082
0.000 6 0 256 1 -3 1 3675 -227 2087
0.000 5 0 255 -1 -1 0 3717 -232 2082
0.000 5 1 259 3 0 1 3712 -267 2092
0.000 3 0 255 2 0 0 3707 -237 2097
0.000 5 1 255 4 5 2 3732 -232 2087
0.000 4 -1 255 3 1 3 3727 -290 2087
0.000 6 0 258 1 2 3 3757 -252 2107
0.000 3 1 258 1 2 -1 3717 -267 2092
0.000 4 -1 258 3 0 -2 3712 -237 2055
0.000 2 0 255 3 -1 1 3707 -232 2082
0.000 3 -1 254 -3 -5 0 3737 -210 2107
0.000 5 0 257 6 -1 1 3795 -252 2150
0.000 5 0 257 -3 -1 2 3702 -232 2112
0.000 2 0 256 6 3 0 3727 -237 2135
0.000 2 2 258 1 3 1 3680 -257 2107
0.000 3 1 258 0 1 0 3712 -252 2130
0.000 6 -1 256 0 1 0 3670 -275 2160
0.000 4 0 256 3 -1 -2 3727 -237 2107
0.000 4 0 256 0 -1 -1 3732 -280 2117
0.000 2 -1 255 1 2 2 3712 -262 2112
0.000 2 -1 255 1 2 2 3712 -262 2112
0.000 3 1 256 0 -4 3 3707 -252 2122
0.000 4 -2 257 1 4 1 3717 -242 2140
0.000 2 -1 256 2 5 -3 3707 -220 2102
0.000 2 1 256 2 -1 -1 3775 -275 2087
0.000 7 -1 256 -3 1 4 3732 -237 2072
0.000 3 -1 255 1 -3 -1 3690 -185 2082
0.000 5 1 258 1 0 1 3717 -242 2092
0.000 4 2 256 1 -1 -1 3732 -190 2092
0.000 5 1 256 -1 -1 0 3717 -257 2145
0.000 5 2 258 -1 -1 5 3690 -267 2087
0.000 5 0 255 1 0 1 3707 -232 2102
0.000 4 1 254 2 2 0 3747 -252 2107
0.000 4 -3 258 4 1 3 3820 -252 2145
0.000 5 -1 258 1 1 2 3737 -232 2072
0.000 3 0 256 3 -1 0 3737 -252 2097
0.000 3 1 256 1 1 1 3727 -232 2082
0.000 6 -1 257 -1 -2 2 3727 -242 2112
0.000 5 0 255 2 3 0 3707 -232 2122
0.000 3 0 255 1 -1 1 3732 -227 2117
0.000 4 -1 254 1 0 2 3690 -295 2077
0.000 4 -2 253 3 0 0 3690 -257 2082
0.000 5 1 257 0 1 2 3722 -252 2067
0.000 3 0 254 3 2 0 3707 -232 2102
0.000 3 0 256 0 2 1 3747 -252 2092
0.000 5 -2 257 -1 -5 1 3702 -252 2097
0.000 4 1 257 4 -3 3 3722 -267 2082
0.000 2 -1 257 1 1 2 3722 -247 2112
0.000 3 2 256 3 1 -2 3722 -227 2082
0.000 4 1 256 -1 2 -1 3712 -247 2072
0.000 2 0 253 1 0 0 3707 -210 2122
0.000 3 0 256 1 -1 -1 3702 -242 2087
0.000 4 1 257 -1 -2 2 3722 -257 2102
0.000 2 0 257 0 0 0 3717 -242 2077
0.000 3 1 254 0 -1 0 3702 -252 2112
0.000 4 -1 255 0 -1 1 3722 -247 2117
0.000 3 0 255 1 0 -1 3707 -247 2092
0.000 3 2 255 1 2 1 3695 -247 2102
0.000 4 1 256 4 0 3 3712 -210 2112
0.000 2 1 255 1 1 3 3757 -227 2092
0.000 6 -1 257 0 3 2 3747 -242 2055
0.000 4 1 256 1 4 0 3707 -232 2122
0.000 3 -1 256 7 0 1 3695 -205 2092
0.000 5 -1 256 3 1 -3 3732 -215 2117
0.000 4 -1 257 2 -1 0 3690 -280 2112
0.000 3 -1 257 3 -1 -1 3732 -275 2117
0.000 3 -2 258 -2 -1 2 3732 -257 2087
0.000 4 -1 254 1 0 3 3717 -247 2122
0.000 5 -1 255 1 1 1 3757 -242 2062
0.000 4 1 255 1 1 1 3765 -262 2112
0.000 4 0 256 -1 0 -1 3712 -242 2072
0.000 3 0 257 1 0 2 3765 -242 2145
0.000 5 0 259 1 -2 3 3732 -295 2102
0.000 4 1 256 2 -2 6 3707 -267 2102
0.000 4 -2 257 -2 2 6 3732 -247 2062
0.000 4 -2 255 2 -2 -2 3722 -275 2077
0.000 5 0 255 1 -3 0 3707 -300 2067
0.000 4 0 255 1 -1 -2 3717 -247 2112
0.000 4 1 258 5 2 2 3690 -295 2112
0.000 3 1 255 2 0 2 3702 -267 2135
0.000 3 0 256 2 0 2 3727 -242 2067
0.000 5 -1 257 1 2 2 3685 -262 2117
0.000 3 -3 255 -1 -1 -1 3695 -227 2087
0.000 5 0 258 2 1 2 3722 -227 2067
0.000 3 0 255 1 -3 1 3702 -232 2107
0.000 3 -1 255 2 1 -1 3695 -285 2130
0.000 3 -1 255 2 1 -1 3695 -285 2130
0.000 5 -1 255 -1 1 -3 3717 -247 2087
0.000 5 0 257 0 1 0 3690 -242 2082
0.000 4 0 257 -2 -4 3 3670 -252 2102
0.000 5 -1 260 -2 -4 -2 3712 -242 2102
0.000 4 -1 256 3 1 -2 3737 -262 2097
0.000 5 0 256 5 1 -1 3737 -262 2062
0.000 4 2 258 3 -1 -1 3690 -247 2082
0.000 2 2 256 -1 1 1 3712 -227 2097
0.000 4 -1 258 1 2 -3 3722 -210 2145
0.000 1 0 257 5 0 -1 3712 -262 2092
0.000 5 0 255 3 -2 2 3727 -205 2130
