6 -0.014 0 -1 255 0 1 0 -6115 -1360 1625
6 0.000 0 0 256 1 -2 3 -6147 -1385 1567
5 0.000 0 -1 256 0 -3 -1 -6137 -1380 1600
6 0.000 2 -1 256 0 -1 1 -6137 -1370 1600
5 0.000 2 -3 259 2 4 0 -6162 -1395 1582
6 0.000 1 -2 256 -2 -1 -1 -6132 -1422 1625
6 0.000 1 -2 256 2 -1 2 -6147 -1380 1605
6 0.000 0 1 256 -3 4 3 -6105 -1407 1582
5 0.000 -1 -1 256 0 -4 -1 -6132 -1395 1610
6 0.000 2 -1 257 -2 -3 0 -6177 -1365 1510
7 0.000 1 -1 255 0 4 -3 -6190 -1375 1605
5 0.000 3 0 259 -2 -4 2 -6182 -1417 1577
6 0.000 0 0 256 -1 -2 5 -6115 -1422 1600
5 0.000 1 -2 254 0 0 2 -6147 -1407 1567
6 0.000 1 0 254 -4 -2 0 -6100 -1332 1610
7 0.000 0 -2 257 2 0 3 -6132 -1390 1542
5 0.000 1 1 257 2 -2 3 -6075 -1385 1525
6 0.000 1 -2 255 -3 1 -4 -6110 -1360 1610
6 0.000 0 -2 252 2 -1 4 -6152 -1347 1625
5 0.000 -1 -1 256 1 -3 -1 -6125 -1402 1577
6 0.000 0 -2 257 6 0 0 -6120 -1407 1532
6 0.000 0 0 256 2 -3 -2 -6120 -1380 1567
5 0.000 -1 -1 259 0 1 -1 -6100 -1407 1537
6 0.000 3 -1 256 -5 1 1 -6110 -1442 1592
5 0.000 1 1 258 1 0 -1 -6115 -1395 1572
6 0.000 0 -2 257 -1 4 -1 -6157 -1385 1572
5 0.000 0 -3 256 0 -2 2 -6125 -1360 1600
6 0.000 1 -2 256 3 1 2 -6095 -1385 1615
5 0.000 2 -4 256 1 3 2 -6110 -1417 1587
6 0.000 2 0 257 1 1 -1 -6137 -1395 1645
6 0.000 -1 -1 256 -1 -2 2 -6137 -1375 1582
6 0.000 1 -2 255 2 1 2 -6115 -1417 1587
6 0.000 1 0 259 1 0 -2 -6110 -1337 1577
5 0.000 0 -1 256 -1 1 -1 -6095 -1385 1567
5 0.000 4 -2 255 0 -10 9 -6090 -1385 1572
6 0.000 10 0 259 3 -11 3 -6152 -1370 1547
7 0.000 12 6 254 -1 0 -4 -6157 -1395 1605
5 0.000 7 -5 254 0 16 -16 -6152 -1407 1582
6 0.014 1 -6 260 2 9 -10 -6152 -1422 1552
5 0.000 -4 1 257 2 -1 -3 -6120 -1365 1562
5 0.014 -2 6 258 -1 -6 10 -6125 -1402 1615
7 0.000 -1 2 254 -3 -3 22 -6105 -1370 1605
6 0.000 -2 -4 258 -1 -2 25 -6120 -1370 1542
5 0.000 -2 -5 257 -3 6 27 -6085 -1380 1572
5 0.000 1 -2 255 3 0 36 -6147 -1395 1592
6 0.000 -1 2 255 -5 -2 37 -6162 -1375 1577
6 0.014 1 2 257 3 -2 40 -6075 -1402 1620
5 0.000 -3 -1 257 -1 -6 43 -6152 -1395 1600
6 0.000 1 -4 258 -1 -2 36 -6125 -1355 1582
6 0.000 0 -2 254 0 3 35 -6115 -1360 1562
5 0.000 -3 2 256 2 12 24 -6125 -1385 1592
6 0.000 -5 2 257 -5 4 18 -6115 -1355 1600
6 0.000 -6 -2 258 2 -3 11 -6105 -1370 1567
5 0.000 -8 0 258 1 -4 0 -6142 -1347 1587
6 0.000 -3 -3 256 -1 -4 -5 -6142 -1370 1547
6 0.000 -1 -1 256 0 -3 -5 -6125 -1412 1600
5 0.000 0 1 255 4 -2 -7 -6075 -1337 1572
6 -0.014 2 -1 255 0 7 -3 -6125 -1370 1567
6 0.000 3 -1 257 1 3 2 -6125 -1347 1600
5 0.000 0 -2 255 2 1 4 -6157 -1385 1577
6 0.000 1 -2 259 1 -3 7 -6132 -1375 1610
6 0.000 2 0 256 3 3 9 -6172 -1355 1600
6 -0.014 2 1 255 -1 -2 8 -6152 -1455 1557
6 0.000 6 0 257 2 1 10 -6132 -1380 1547
6 0.000 2 -2 257 0 5 9 -6095 -1402 1562
5 0.000 5 -1 257 0 1 10 -6147 -1355 1552
6 0.000 2 1 257 1 7 3 -6095 -1337 1525
5 0.000 2 -1 257 3 -2 -2 -6157 -1360 1547
5 0.000 3 1 261 -1 -7 0 -6137 -1355 1592
6 0.000 6 -1 258 0 5 -6 -6125 -1342 1592
5 0.028 4 1 254 1 8 -14 -6142 -1375 1620
5 0.000 4 0 252 0 4 -21 -6152 -1355 1582
6 0.000 6 -1 256 -3 -9 -24 -6137 -1390 1630
6 0.000 8 -2 255 -2 -7 -19 -6105 -1370 1577
5 0.000 7 0 253 2 -1 -25 -6142 -1375 1582
6 0.014 6 0 257 6 -3 -27 -6162 -1355 1592
6 0.000 6 0 257 -2 -7 -29 -6110 -1355 1577
5 0.014 6 0 257 -5 -7 -33 -6115 -1365 1567
6 0.014 12 -2 259 -5 -3 -29 -6052 -1385 1587
6 0.000 8 -1 252 4 -3 -29 -6080 -1390 1605
6 0.014 14 1 260 -2 -10 -24 -6132 -1407 1605
5 0.014 15 -2 260 0 -15 -12 -6125 -1422 1587
5 0.014 13 1 260 -4 -13 -4 -6147 -1375 1557
6 0.014 15 1 258 -3 -9 1 -6132 -1402 1577
6 0.014 11 1 249 3 -10 12 -6120 -1390 1587
6 0.014 13 1 249 -13 25 20 -6157 -1385 1577
5 0.028 13 -2 256 -3 -12 16 -6137 -1380 1605
5 0.028 11 0 252 -16 6 0 -6157 -1337 1582
7 0.028 12 -3 257 5 18 -17 -6152 -1390 1605
6 0.028 7 -1 253 10 17 -35 -6152 -1375 1582
6 0.014 9 -3 255 0 19 -47 -6115 -1390 1610
5 0.028 7 -2 257 4 12 -54 -6137 -1407 1557
5 0.028 7 3 257 1 -3 -54 -6125 -1407 1582
6 0.028 11 3 257 1 -3 -40 -6095 -1427 1587
6 0.028 10 4 259 7 -5 -21 -6132 -1407 1572
5 0.028 13 0 260 -1 -6 7 -6120 -1412 1592
5 0.028 15 -2 259 -3 -14 34 -6125 -1427 1610
6 0.043 14 -3 255 -3 -10 62 -6115 -1390 1655
5 0.099 14 -4 253 3 9 92 -6142 -1402 1592
5 0.043 12 -3 254 8 20 91 -6137 -1370 1605
6 0.028 11 0 255 11 23 83 -6110 -1385 1600
6 0.043 8 -2 255 2 21 55 -6062 -1342 1567
5 0.043 3 2 257 5 12 26 -6137 -1290 1572
5 0.043 4 2 259 3 1 -7 -6100 -1370 1567
6 0.043 6 2 259 -2 -1 -31 -6080 -1355 1582
6 0.043 4 1 254 1 -3 -55 -6115 -1385 1600
5 0.043 7 -1 256 -1 -6 -71 -6110 -1380 1567
5 0.057 6 -2 259 -2 0 -85 -6110 -1355 1552
6 0.043 6 -3 253 0 -9 -83 -6095 -1375 1582
6 0.043 4 -3 258 3 -10 -80 -6090 -1390 1615
6 0.071 2 0 257 9 -17 -67 -6167 -1370 1615
6 0.057 -3 0 259 -4 -32 -66 -6125 -1412 1567
6 0.043 -1 -2 260 -1 -35 -75 -6125 -1402 1582
7 0.057 1 -2 253 13 -23 -91 -6125 -1355 1625
5 0.028 3 -2 251 -4 -8 -106 -6100 -1360 1645
5 0.057 5 -4 255 2 0 -125 -6120 -1427 1587
5 0.043 1 -2 260 3 -11 -141 -6110 -1390 1605
6 0.057 3 -1 258 -3 -23 -149 -6075 -1395 1592
7 0.043 3 -1 252 11 -18 -149 -6132 -1395 1587
6 0.057 6 1 254 17 -13 -142 -6120 -1437 1557
5 0.043 4 1 254 4 -10 -119 -6162 -1380 1567
5 0.057 5 1 251 -5 -5 -103 -6120 -1395 1542
5 0.071 7 2 253 -6 12 -68 -6090 -1412 1572
7 0.057 7 -2 255 -1 14 -38 -6090 -1422 1572
6 0.043 5 -1 260 2 -1 -16 -6142 -1437 1552
6 0.057 6 -1 260 4 -15 0 -6162 -1465 1525
5 0.057 9 -3 260 16 -18 14 -6105 -1465 1625
5 0.057 10 -2 252 15 -7 21 -6120 -1465 1562
5 0.043 7 0 251 15 9 24 -6085 -1460 1582
6 0.057 4 -1 254 9 15 16 -6100 -1427 1592
5 0.057 1 2 258 5 8 8 -6110 -1422 1610
5 0.057 1 0 261 6 -5 8 -6090 -1412 1562
6 0.057 -2 0 259 14 -13 9 -6090 -1417 1582
6 0.057 0 -1 258 6 -20 10 -6085 -1455 1645
5 0.071 1 3 254 3 -23 10 -6142 -1407 1587
5 0.043 2 3 257 8 -28 5 -6070 -1407 1645
6 0.057 1 4 255 7 -24 0 -6110 -1432 1577
6 0.057 1 3 254 6 -21 -7 -6100 -1492 1582
5 0.057 4 0 253 6 -7 -11 -6070 -1465 1587
6 0.057 4 -3 251 4 2 -14 -6090 -1480 1567
6 0.057 3 -2 257 0 -1 -11 -6085 -1442 1547
6 0.057 2 -3 262 -5 -12 -10 -6115 -1380 1552
5 0.057 -1 -1 260 -2 -24 -13 -6100 -1427 1625
5 0.057 3 -3 256 -13 -23 -13 -6057 -1385 1605
6 0.057 8 -2 253 -20 -7 -10 -6075 -1412 1592
5 0.057 8 0 248 -8 21 -5 -6057 -1375 1620
5 0.085 1 4 257 -15 36 -8 -6095 -1437 1582
6 0.057 -3 4 256 -19 29 -14 -6090 -1465 1640
6 0.057 -6 2 262 -26 24 -18 -6110 -1442 1577
7 0.057 -5 1 257 -33 20 -26 -6075 -1432 1600
5 0.057 -3 -1 257 -20 20 -33 -6075 -1407 1552
5 0.043 -2 -2 257 -14 5 -40 -6090 -1427 1605
5 0.057 -1 -1 263 -24 -6 -45 -6070 -1427 1600
5 0.057 3 -4 256 -12 -13 -51 -6032 -1407 1547
6 0.057 -1 -2 257 -13 -12 -54 -6042 -1427 1605
6 0.057 4 -3 255 -24 1 -60 -6100 -1465 1587
6 0.057 4 0 253 -18 4 -64 -6090 -1455 1572
6 0.071 2 -1 256 -14 6 -67 -6075 -1470 1577
5 0.057 0 -3 258 -22 -3 -71 -6062 -1412 1557
6 0.071 1 -4 256 -12 -2 -69 -6075 -1442 1567
5 0.057 0 1 254 -14 -8 -68 -6090 -1460 1582
5 0.057 3 2 256 -12 -4 -61 -6037 -1432 1635
6 0.043 3 1 255 -9 -4 -54 -6032 -1427 1615
6 0.057 6 -1 261 1 -9 -49 -6080 -1475 1567
5 0.057 7 -2 262 -1 -26 -47 -6090 -1492 1582
5 0.071 8 0 258 -15 -28 -53 -6080 -1485 1557
5 0.057 8 -2 255 -18 -17 -51 -6085 -1492 1562
5 0.057 8 0 252 -5 -1 -42 -6042 -1460 1582
6 0.057 6 -2 254 2 10 -34 -6075 -1455 1552
6 0.085 1 -2 257 1 -1 -31 -6100 -1470 1562
6 0.071 1 -3 261 -3 -10 -28 -6085 -1517 1600
5 0.057 0 0 257 -9 -10 -35 -6057 -1497 1610
5 0.057 -1 0 255 2 -6 -34 -6085 -1465 1577
6 0.057 1 -2 257 9 2 -32 -6105 -1497 1567
6 0.085 2 -3 253 17 0 -25 -6052 -1475 1610
7 0.057 -1 -5 255 21 8 -15 -6075 -1475 1592
5 0.057 -3 -6 259 8 4 -4 -6052 -1470 1592
5 0.057 -3 -8 255 10 6 9 -6012 -1497 1592
6 0.057 -5 -5 251 12 13 13 -6070 -1507 1605
6 0.057 -6 -1 256 18 12 16 -6012 -1417 1542
7 0.085 -6 1 259 -3 9 13 -6070 -1442 1577
5 0.057 -10 2 256 13 -2 8 -6115 -1480 1552
5 0.057 -10 5 260 12 -9 7 -6105 -1507 1537
5 0.057 -13 -1 259 16 -24 5 -6085 -1480 1567
6 0.043 -11 -3 258 13 -19 4 -6085 -1465 1562
7 0.043 -11 -1 258 4 -13 10 -6110 -1502 1542
6 0.057 -12 -2 257 1 -16 16 -6027 -1485 1577
5 0.057 -13 -1 259 13 -30 20 -6070 -1442 1630
5 0.028 -13 -1 257 7 -37 18 -6105 -1517 1625
5 0.057 -11 -1 258 9 -43 15 -6080 -1517 1630
5 0.043 -11 -1 258 7 -43 -1 -6062 -1517 1620
6 0.043 -7 -1 256 4 -44 -12 -6022 -1432 1592
5 0.099 -8 -1 253 9 -26 -46 -6080 -1450 1605
6 0.043 -11 -1 254 8 -27 -59 -6085 -1502 1592
7 0.028 -9 0 257 4 -25 -68 -6057 -1527 1630
6 0.043 -9 1 256 5 -20 -71 -6085 -1507 1572
5 0.028 -10 0 258 6 -18 -78 -6110 -1485 1620
5 0.028 -8 1 254 6 -12 -81 -6110 -1497 1587
5 0.028 -9 1 255 -2 -6 -91 -6070 -1492 1572
6 0.043 -7 -1 256 -1 0 -92 -6080 -1460 1615
6 0.014 -8 -1 251 -4 11 -90 -6085 -1480 1592
6 0.028 -10 -1 254 -1 20 -86 -6070 -1465 1605
6 0.028 -8 -2 258 2 20 -81 -6062 -1470 1635
5 0.014 -11 -3 260 4 14 -70 -6052 -1480 1625
5 0.028 -12 -3 259 -1 12 -64 -6095 -1497 1587
5 0.028 -9 -3 254 1 10 -57 -6080 -1517 1542
6 0.000 -9 -1 257 0 11 -55 -6070 -1512 1562
6 0.014 -7 0 259 -3 12 -47 -6047 -1540 1572
5 0.014 -6 0 256 -5 12 -46 -6012 -1512 1582
5 0.014 -4 -2 255 -1 8 -38 -6080 -1502 1630
5 0.014 -4 0 258 -1 12 -27 -6090 -1527 1587
6 0.014 -4 -3 255 -3 17 -9 -6057 -1517 1577
6 0.000 -8 -1 255 1 20 1 -6062 -1540 1587
5 0.028 -5 1 258 0 16 12 -6070 -1545 1577
5 0.000 -6 -1 259 0 18 21 -6057 -1570 1615
7 0.000 -5 -1 256 -1 14 25 -6105 -1532 1562
6 0.014 -3 -1 256 1 13 24 -6057 -1512 1587
5 0.000 -4 -2 257 -3 19 19 -6095 -1507 1605
5 0.014 -4 -2 256 -3 25 6 -6052 -1480 1587
6 0.000 -4 -2 257 0 25 1 -6052 -1512 1552
6 0.000 -2 1 258 -3 22 -11 -6090 -1512 1532
5 0.000 -1 -1 259 -1 21 -22 -6052 -1532 1537
5 0.000 -3 -1 257 0 13 -29 -6052 -1512 1547
6 0.000 -1 0 256 0 7 -41 -6062 -1502 1577
5 0.000 0 -1 256 0 19 -43 -6080 -1555 1567
5 0.000 3 0 257 -4 27 -53 -6032 -1565 1577
6 0.000 3 -2 257 3 37 -57 -6042 -1507 1582
6 0.014 5 2 256 -1 60 -49 -6037 -1497 1515
5 0.000 5 0 257 -1 87 -47 -6090 -1522 1562
5 0.000 5 0 255 -2 123 -49 -6022 -1545 1567
6 0.000 6 -1 255 -5 167 -47 -6057 -1550 1592
6 0.000 6 -1 255 -7 228 -49 -6100 -1550 1532
5 0.000 10 -2 256 -4 304 -49 -6100 -1532 1577
5 -0.014 9 0 258 -6 362 -50 -6110 -1492 1525
5 0.000 9 3 257 -32 446 -55 -6110 -1532 1532
6 -0.014 12 0 268 -17 523 -61 -6085 -1545 1537
7 -0.014 8 1 257 -8 583 -67 -6095 -1507 1490
6 0.000 9 -1 253 -9 645 -61 -6085 -1522 1500
6 -0.014 8 -1 254 -15 725 -55 -6105 -1545 1385
5 -0.014 5 -2 258 -17 777 -52 -6115 -1560 1365
5 -0.014 2 -2 258 -14 820 -44 -6182 -1540 1350
5 0.000 -3 2 255 -17 864 -29 -6190 -1522 1302
5 -0.014 -6 -3 251 -15 891 -14 -6200 -1522 1287
5 -0.014 -10 -2 253 -14 900 3 -6302 -1540 1240
6 -0.014 -16 -3 255 -19 897 19 -6225 -1560 1260
6 0.000 -19 -1 256 -19 887 35 -6257 -1570 1205
7 -0.014 -24 2 252 -21 870 52 -6220 -1597 1192
6 -0.014 -27 1 257 -21 846 60 -6292 -1575 1132
6 0.000 -30 3 254 -27 829 69 -6292 -1575 1080
5 -0.014 -31 -1 255 -28 814 69 -6320 -1522 1017
5 0.000 -32 -3 255 -29 805 63 -6330 -1560 1012
6 -0.014 -32 -4 254 -28 812 44 -6377 -1517 997
5 0.000 -35 -1 253 -27 821 33 -6377 -1540 887
6 0.000 -39 -1 253 -30 853 15 -6365 -1560 882
6 -0.014 -38 0 252 -27 875 3 -6392 -1560 882
6 0.000 -40 -2 252 -26 907 -5 -6412 -1560 805
6 0.000 -45 -1 255 -27 929 -18 -6422 -1527 757
5 -0.014 -46 -3 251 -27 953 -18 -6450 -1522 767
5 -0.014 -51 -4 250 -19 971 -23 -6417 -1550 665
5 0.000 -51 -3 252 -23 982 -25 -6450 -1540 700
5 0.000 -60 -4 249 -23 977 -33 -6507 -1570 575
7 -0.028 -62 -3 250 -22 975 -35 -6465 -1540 522
6 0.000 -66 -3 252 -17 968 -33 -6450 -1545 522
6 0.000 -68 -3 248 -16 963 -39 -6480 -1517 450
6 -0.014 -70 -6 248 -17 961 -41 -6517 -1527 425
6 -0.014 -75 -2 244 -18 960 -45 -6522 -1570 367
7 0.000 -74 -3 245 -16 954 -47 -6517 -1617 377
5 0.000 -78 -1 243 -17 949 -51 -6517 -1555 305
5 -0.028 -79 -2 246 -13 943 -51 -6522 -1612 252
5 0.000 -81 -3 240 -12 934 -54 -6485 -1565 257
5 0.000 -84 -4 243 -11 932 -53 -6585 -1555 150
6 -0.028 -84 -3 244 -11 934 -52 -6565 -1555 150
6 0.000 -88 -3 243 -18 946 -49 -6547 -1565 60
6 -0.014 -89 -3 239 -13 949 -40 -6570 -1555 60
6 0.000 -94 -5 240 -16 927 -39 -6555 -1512 0
5 -0.014 -100 -2 238 -18 896 -22 -6600 -1507 -25
5 -0.014 -102 -3 239 -21 850 -16 -6595 -1555 -87
5 0.000 -105 -3 239 -22 821 -10 -6560 -1532 -112
5 -0.014 -105 -5 237 -27 789 -4 -6575 -1512 -160
5 0.000 -105 -3 235 -30 779 1 -6580 -1592 -222
5 -0.014 -107 -4 233 -25 789 1 -6560 -1587 -180
5 -0.014 -109 -6 232 -26 808 -9 -6555 -1545 -262
5 -0.028 -120 -3 231 -16 855 -25 -6590 -1532 -357
5 0.000 -121 -6 230 -17 841 -28 -6575 -1507 -367
5 0.000 -124 -5 229 -15 816 -33 -6585 -1545 -420
5 -0.028 -123 -2 234 -14 796 -34 -6590 -1532 -445
5 0.000 -125 -4 230 -10 765 -30 -6585 -1545 -497
5 -0.028 -126 -6 229 -12 740 -31 -6585 -1550 -502
5 0.000 -128 -6 227 -11 717 -30 -6537 -1560 -560
5 -0.028 -129 -7 229 -10 695 -31 -6575 -1550 -535
5 0.000 -132 -5 227 -10 678 -31 -6585 -1540 -632
5 0.000 -130 -5 225 -8 658 -29 -6547 -1550 -665
5 -0.028 -134 -7 223 -8 642 -32 -6555 -1545 -732
5 0.000 -134 -4 226 -7 630 -37 -6532 -1527 -747
5 -0.014 -135 -7 224 -5 625 -40 -6575 -1507 -787
5 -0.014 -137 -8 225 -3 619 -46 -6517 -1565 -757
5 0.000 -135 -7 223 3 619 -50 -6560 -1565 -825
5 -0.014 -137 -8 219 5 627 -53 -6532 -1582 -845
5 -0.014 -137 -6 219 7 631 -53 -6565 -1532 -825
6 -0.014 -139 -5 222 9 632 -52 -6512 -1532 -877
6 0.000 -139 -5 219 5 623 -45 -6542 -1540 -902
7 -0.028 -142 -4 221 5 606 -39 -6497 -1527 -935
6 0.000 -146 -3 217 -2 580 -38 -6490 -1527 -1002
6 0.000 -145 -3 218 -8 550 -25 -6485 -1507 -1027
6 -0.014 -143 -3 214 -8 555 -22 -6512 -1532 -1052
6 -0.014 -141 -5 211 -16 590 -16 -6532 -1560 -1085
6 0.000 -142 -6 210 -17 644 -22 -6517 -1512 -1022
6 -0.014 -144 -6 213 -15 692 -20 -6522 -1527 -1120
6 -0.014 -143 -7 213 -16 721 -15 -6460 -1592 -1200
6 0.000 -148 -6 212 -22 726 -10 -6427 -1532 -1147
6 -0.014 -152 -5 214 -26 697 -7 -6465 -1560 -1250
7 -0.014 -156 -4 215 -25 651 2 -6450 -1527 -1245
6 0.000 -159 -5 212 -28 603 7 -6490 -1492 -1215
6 0.000 -160 -4 212 -35 549 14 -6445 -1575 -1317
6 0.000 -159 -4 210 -36 524 18 -6455 -1545 -1330
6 -0.014 -330 51 397 46 -112 129 -6412 -1522 -1355
6 0.014 -139 35 187 -49 -71 17 -6435 -1522 -1335
6 0.014 -141 -4 223 -78 22 67 -6455 -1550 -1370
5 0.014 -176 12 226 -40 70 48 -6440 -1517 -1345
5 0.014 -183 -12 222 -6 13 49 -6460 -1517 -1360
5 0.000 -165 -18 189 -16 -9 41 -6412 -1502 -1345
6 0.014 -164 -11 204 -18 -2 28 -6435 -1522 -1380
5 0.000 -159 -1 201 -20 3 15 -6427 -1517 -1375
5 0.000 -161 -3 208 -4 0 6 -6392 -1512 -1330
5 0.028 -166 -6 204 8 -1 -1 -6422 -1540 -1302
6 0.000 -162 -10 201 3 10 5 -6465 -1522 -1390
7 0.000 -162 -8 202 -7 16 10 -6417 -1512 -1370
6 0.028 -157 -7 203 -6 11 16 -6450 -1532 -1365
5 0.000 -160 -4 205 -12 11 17 -6397 -1497 -1307
5 0.000 -157 -5 205 -9 3 18 -6440 -1475 -1355
5 0.014 -160 -4 207 -13 0 18 -6435 -1480 -1340
6 0.014 -157 -8 207 -14 1 16 -6450 -1540 -1345
5 0.000 -154 -11 214 -10 4 12 -6435 -1502 -1380
6 0.014 -155 -9 211 -3 3 12 -6440 -1540 -1350
6 0.014 -152 -9 210 -1 -1 6 -6455 -1497 -1385
6 0.014 -152 -6 213 13 -1 -10 -6460 -1475 -1370
7 0.014 -155 -5 211 22 -1 -18 -6460 -1460 -1360
6 0.028 -151 -5 211 31 -2 -28 -6402 -1497 -1360
6 0.014 -152 -7 212 36 1 -39 -6402 -1485 -1330
5 0.014 -152 -7 211 39 6 -38 -6427 -1497 -1380
5 0.028 -155 -7 210 37 5 -38 -6417 -1512 -1385
6 0.028 -154 -4 207 34 1 -32 -6440 -1512 -1360
5 0.014 -153 -4 213 35 1 -29 -6372 -1492 -1350
5 0.028 -153 -4 212 26 0 -25 -6412 -1485 -1375
5 0.028 -151 -4 214 29 4 -16 -6387 -1497 -1375
5 0.028 -151 -3 214 21 4 -11 -6417 -1480 -1402
7 0.057 -151 -4 213 15 8 -12 -6387 -1512 -1447
6 0.028 -151 -6 212 10 3 -9 -6440 -1512 -1412
6 0.028 -151 -5 211 7 0 1 -6397 -1517 -1340
6 0.028 -150 -3 214 5 -5 3 -6387 -1517 -1397
5 0.057 -148 -4 213 6 -8 -4 -6402 -1545 -1355
5 0.028 -150 -5 215 10 -1 -10 -6417 -1540 -1317
5 0.043 -147 -5 216 14 1 -15 -6402 -1522 -1360
5 0.043 -147 -5 215 11 2 -19 -6435 -1532 -1375
5 0.057 -150 -6 212 19 -4 -27 -6435 -1492 -1330
5 0.043 -152 -5 213 24 -12 -34 -6387 -1540 -1402
6 0.085 -150 -5 214 34 -18 -48 -6417 -1565 -1432
5 0.057 -151 -7 213 34 -19 -59 -6450 -1550 -1365
5 0.043 -153 -8 214 36 -15 -71 -6450 -1527 -1350
5 0.057 -153 -7 215 44 6 -93 -6397 -1560 -1340
5 0.057 -155 -8 216 58 14 -108 -6382 -1565 -1360
5 0.071 -154 -9 208 65 7 -116 -6435 -1597 -1390
5 0.057 -154 -8 207 87 0 -108 -6422 -1602 -1385
5 0.057 -153 -9 206 81 -12 -111 -6412 -1582 -1355
5 0.071 -154 -8 204 83 -31 -105 -6435 -1540 -1340
5 0.071 -154 -9 209 93 -36 -101 -6412 -1555 -1365
5 0.057 -152 -5 214 73 -37 -113 -6445 -1550 -1335
6 0.184 -152 -3 215 60 -19 -82 -6417 -1587 -1350
6 0.071 -153 1 212 36 -13 -65 -6422 -1602 -1407
6 0.071 -152 -1 211 34 -13 -31 -6460 -1597 -1360
7 0.071 -155 -4 211 10 -12 -18 -6460 -1592 -1335
6 0.085 -155 -6 207 5 -27 7 -6427 -1622 -1345
6 0.071 -153 -4 208 14 -23 -6 -6435 -1592 -1360
6 0.085 -159 -4 212 -4 -15 -19 -6440 -1560 -1355
6 0.071 -159 -5 207 20 -7 -19 -6422 -1645 -1365
6 0.085 -154 -6 208 29 -6 -36 -6387 -1630 -1307
6 0.071 -158 -9 209 14 2 -50 -6412 -1645 -1345
6 0.113 -159 -7 207 28 2 -68 -6417 -1622 -1335
6 0.085 -156 -8 206 28 -3 -61 -6422 -1655 -1292
6 0.085 -154 -10 202 45 -19 -51 -6402 -1607 -1312
6 0.071 -155 -9 205 46 -33 -48 -6435 -1687 -1330
5 0.099 -153 -6 208 19 -44 -47 -6460 -1630 -1365
5 0.085 -157 -3 208 29 -30 -34 -6392 -1650 -1340
5 0.085 -158 -6 214 14 -8 -26 -6460 -1660 -1350
5 0.085 -157 -8 209 36 3 -2 -6422 -1655 -1322
5 0.085 -157 -9 213 15 2 -22 -6402 -1665 -1380
5 0.085 -158 -4 204 22 -8 -2 -6372 -1607 -1365
5 0.085 -159 -4 203 26 -14 -20 -6392 -1607 -1350
5 0.113 -158 -6 204 25 -18 -26 -6355 -1570 -1350
5 0.099 -160 -9 213 37 -13 -39 -6470 -1612 -1340
6 0.085 -161 -6 210 25 -7 -50 -6445 -1630 -1390
5 0.085 -165 -6 205 34 2 -68 -6427 -1640 -1355
5 0.085 -162 -5 211 24 22 -86 -6427 -1630 -1365
5 0.085 -158 -6 206 55 27 -83 -6392 -1612 -1322
5 0.085 -162 -6 203 59 21 -87 -6365 -1672 -1330
5 0.085 -162 -3 208 44 9 -93 -6422 -1607 -1360
5 0.085 -156 -9 203 70 0 -75 -6422 -1617 -1350
5 0.085 -160 -9 206 66 7 -70 -6397 -1622 -1390
5 0.099 -158 -10 207 77 26 -54 -6355 -1692 -1365
5 0.113 -157 -4 209 65 40 -54 -6387 -1697 -1385
5 0.085 -161 -4 204 43 26 -54 -6412 -1672 -1370
5 0.085 -159 -7 200 55 -1 -39 -6417 -1725 -1375
5 0.085 -160 -6 199 41 -16 -42 -6402 -1702 -1380
5 0.099 -162 -7 206 35 -7 -50 -6397 -1692 -1397
5 0.085 -160 -5 209 45 11 -48 -6427 -1707 -1350
5 0.099 -161 -6 208 36 22 -47 -6402 -1712 -1355
5 0.085 -159 -6 206 35 24 -47 -6392 -1665 -1407
5 0.085 -163 -6 206 38 21 -49 -6407 -1692 -1350
5 0.071 -162 -4 208 23 33 -68 -6392 -1702 -1370
5 0.142 -160 -12 205 59 18 -72 -6417 -1712 -1307
5 0.085 -161 -10 201 68 12 -87 -6387 -1677 -1345
5 0.071 -164 -8 203 86 -10 -83 -6427 -1720 -1340
5 0.099 -159 -6 199 85 -12 -86 -6435 -1687 -1370
5 0.085 -157 -2 210 60 -7 -78 -6392 -1707 -1417
5 0.085 -155 -3 207 49 -3 -54 -6435 -1707 -1380
5 0.099 -159 -7 210 31 1 -43 -6397 -1725 -1390
5 0.099 -157 -3 206 23 -8 -25 -6402 -1702 -1360
5 0.085 -159 -5 205 34 -24 -28 -6402 -1720 -1360
5 0.099 -160 -1 205 -3 -27 -52 -6402 -1730 -1365
6 0.085 -162 -5 205 13 -46 -40 -6382 -1692 -1375
7 0.128 -160 -6 205 7 -29 -59 -6412 -1720 -1302
6 0.099 -166 -6 210 25 -4 -66 -6407 -1702 -1355
6 0.085 -162 -7 205 48 3 -64 -6397 -1697 -1360
6 0.099 -161 -6 206 43 -3 -68 -6422 -1755 -1330
6 0.085 -160 -6 201 32 -21 -74 -6377 -1707 -1307
6 0.085 -160 -10 203 29 -17 -65 -6392 -1755 -1330
6 0.099 -156 -12 206 42 -13 -59 -6387 -1720 -1317
6 0.085 -157 -10 209 33 -2 -50 -6407 -1777 -1340
6 0.099 -156 -10 204 41 5 -44 -6435 -1782 -1330
6 0.085 -162 -5 208 33 10 -55 -6372 -1802 -1330
6 0.142 -161 -6 208 48 16 -63 -6355 -1750 -1380
6 0.085 -161 -7 208 43 19 -68 -6365 -1750 -1380
6 0.099 -158 -10 205 51 14 -70 -6397 -1725 -1330
6 0.085 -160 -11 205 54 8 -74 -6355 -1787 -1360
6 0.099 -158 -11 206 42 4 -69 -6360 -1755 -1360
6 0.085 -161 -8 210 50 17 -60 -6402 -1762 -1350
6 0.085 -166 -6 208 35 25 -47 -6365 -1787 -1340
6 0.099 -161 -6 207 36 39 -25 -6382 -1767 -1322
6 0.085 -162 1 206 14 38 -23 -6387 -1797 -1360
6 0.085 -160 -3 204 4 26 10 -6350 -1782 -1255
6 0.113 -161 -2 202 -10 20 22 -6340 -1792 -1307
6 0.113 -162 -3 206 -18 9 42 -6397 -1797 -1380
6 0.085 -162 -3 209 -29 11 44 -6372 -1755 -1317
6 0.099 -164 -1 207 -29 21 53 -6372 -1740 -1350
6 0.085 -157 -5 210 -23 36 56 -6402 -1777 -1350
6 0.099 -161 -5 207 -21 31 66 -6365 -1772 -1375
7 0.099 -158 -8 205 -11 24 71 -6365 -1750 -1397
6 0.085 -159 -11 204 -23 21 65 -6382 -1740 -1350
6 0.085 -160 -11 207 -30 15 52 -6355 -1735 -1365
6 0.099 -159 -6 205 -11 12 44 -6330 -1725 -1330
6 0.085 -163 -4 204 -5 4 17 -6392 -1735 -1380
7 0.099 -164 -1 201 5 1 -10 -6435 -1735 -1355
5 0.227 -163 -3 202 0 -1 -29 -6382 -1835 -1355
5 0.099 -162 -5 202 -9 -13 -15 -6402 -1777 -1345
5 0.099 -158 -11 204 -23 -13 11 -6387 -1772 -1307
5 0.085 -160 -7 205 -26 -6 45 -6360 -1740 -1407
5 0.099 -158 -7 209 -29 -2 61 -6392 -1745 -1355
5 0.085 -160 -4 209 -31 9 62 -6377 -1745 -1345
5 0.085 -159 -4 210 -34 4 55 -6372 -1712 -1385
5 0.099 -158 -5 207 -30 4 51 -6382 -1745 -1407
6 0.099 -159 -9 208 -21 2 45 -6382 -1730 -1370
5 0.099 -161 -6 207 -37 18 27 -6350 -1697 -1375
5 0.085 -161 -9 204 -9 14 37 -6382 -1740 -1345
6 0.142 -158 -8 201 -8 -12 18 -6382 -1735 -1385
6 0.085 -165 -1 199 -19 -29 4 -6302 -1730 -1385
6 0.085 -159 -4 201 5 -39 2 -6287 -1707 -1355
6 0.113 -161 -1 207 4 -41 -12 -6345 -1720 -1360
6 0.085 -161 -5 208 5 -34 -12 -6392 -1750 -1355
6 0.085 -162 -6 206 7 -20 -14 -6350 -1725 -1340
6 0.113 -164 -9 204 7 -17 -5 -6365 -1692 -1380
7 0.085 -161 -12 204 -3 -14 -5 -6355 -1755 -1385
6 0.099 -163 -9 201 2 -19 2 -6360 -1725 -1340
5 0.099 -163 -8 201 7 -33 -5 -6350 -1720 -1365
6 0.128 -167 -3 203 -3 -20 -44 -6372 -1645 -1380
6 0.085 -164 -7 208 27 3 -52 -6365 -1712 -1350
5 0.085 -162 -9 208 52 4 -58 -6330 -1707 -1360
5 0.113 -161 -4 206 63 -6 -63 -6340 -1720 -1350
5 0.085 -159 -3 201 55 -26 -67 -6355 -1702 -1375
6 0.099 -160 -3 206 57 -39 -64 -6360 -1702 -1375
6 0.085 -162 -5 208 35 -39 -58 -6360 -1750 -1360
7 0.099 -158 -9 207 41 -21 -46 -6315 -1707 -1360
6 0.085 -154 -8 213 27 -9 -32 -6345 -1725 -1355
6 0.113 -154 -6 207 28 -13 -19 -6307 -1740 -1350
6 0.085 -158 -3 208 27 -22 -39 -6320 -1745 -1312
6 0.128 -156 -6 207 36 -30 -47 -6355 -1745 -1355
6 0.099 -158 -7 209 42 -33 -59 -6302 -1707 -1340
6 0.099 -162 -8 208 41 -29 -66 -6330 -1740 -1350
6 0.099 -165 -11 207 40 -10 -83 -6307 -1745 -1317
6 0.099 -160 -12 205 57 19 -54 -6297 -1725 -1317
5 0.099 -159 -9 206 53 12 -53 -6325 -1762 -1335
6 0.099 -159 -5 200 41 -7 -44 -6365 -1707 -1355
5 0.085 -161 -3 201 32 -32 -37 -6325 -1707 -1345
5 0.113 -161 -6 201 16 -35 -14 -6330 -1777 -1360
5 0.085 -161 -7 207 17 -30 0 -6292 -1692 -1365
5 0.099 -162 -6 205 -5 -21 11 -6330 -1725 -1335
5 0.128 -161 -7 206 -14 -11 36 -6365 -1735 -1335
5 0.113 -161 -4 205 -28 -14 37 -6277 -1720 -1370
5 0.085 -162 -4 207 -18 -10 42 -6277 -1712 -1335
5 0.099 -161 -7 206 -21 -13 34 -6262 -1707 -1355
5 0.085 -159 -10 205 -29 3 12 -6365 -1707 -1335
6 0.099 -164 -9 212 -16 34 13 -6350 -1692 -1322
5 0.099 -161 -7 211 2 70 5 -6320 -1730 -1330
5 0.085 -162 -7 209 6 67 5 -6257 -1702 -1345
5 0.085 -160 -3 200 -5 32 11 -6292 -1745 -1407
5 0.099 -162 -5 194 -4 -7 26 -6330 -1735 -1365
5 0.128 -161 -6 203 -8 -21 47 -6292 -1697 -1355
5 0.085 -162 -4 211 -20 -7 54 -6315 -1702 -1322
5 0.113 -161 -4 212 -38 16 68 -6307 -1745 -1340
5 0.085 -158 -7 202 -18 17 80 -6307 -1697 -1417
5 0.085 -164 -9 206 -47 10 62 -6320 -1707 -1340
6 0.099 -163 -6 207 -35 15 68 -6302 -1712 -1330
5 0.085 -163 0 207 -29 16 52 -6277 -1645 -1360
5 0.099 -164 -2 205 -33 19 34 -6287 -1677 -1345
5 0.085 -161 -6 202 -18 10 21 -6307 -1697 -1360
5 0.099 -161 -8 204 -23 22 1 -6272 -1650 -1375
6 0.085 -162 -13 202 21 24 -1 -6277 -1672 -1385
5 0.128 -164 -7 199 17 19 -29 -6287 -1692 -1360
5 0.085 -161 -7 196 41 2 -26 -6297 -1692 -1380
5 0.099 -161 -6 203 26 -12 -36 -6287 -1692 -1345
5 0.085 -157 -4 206 21 -21 -11 -6262 -1692 -1345
6 0.085 -159 -3 204 -1 -21 5 -6267 -1725 -1340
5 0.099 -161 -2 207 -23 -21 19 -6287 -1712 -1317
5 0.085 -173 -8 204 -28 -47 52 -6272 -1692 -1350
5 0.099 -174 -2 191 -45 -50 31 -6307 -1682 -1380
5 0.099 -163 -2 204 -32 -48 46 -6335 -1702 -1330
7 0.085 -166 -2 205 -36 -33 28 -6307 -1660 -1355
6 0.085 -164 -6 210 -26 -21 15 -6240 -1660 -1365
6 0.128 -166 -5 205 -9 -12 3 -6235 -1677 -1340
6 0.085 -161 -5 201 -10 -35 4 -6252 -1692 -1370
6 0.085 -162 -6 204 -4 -47 9 -6230 -1692 -1375
7 0.085 -165 -2 209 -35 -49 -7 -6235 -1692 -1360
6 0.099 -159 -7 204 -18 -24 11 -6320 -1660 -1330
6 0.085 -162 -14 209 -17 -5 15 -6277 -1660 -1282
6 0.085 -160 -12 207 -14 4 34 -6277 -1650 -1312
6 0.085 -159 -9 206 -9 15 35 -6262 -1617 -1360
7 0.085 -166 -5 209 -22 28 31 -6257 -1597 -1360
6 0.085 -163 -3 205 -26 24 35 -6272 -1640 -1417
5 0.227 -159 -8 211 -30 26 39 -6272 -1630 -1350
5 0.085 -161 -6 208 -34 23 30 -6262 -1645 -1345
5 0.085 -163 -4 205 -24 23 21 -6257 -1622 -1365
5 0.085 -161 -5 207 -25 23 17 -6245 -1622 -1375
5 0.085 -158 -4 206 -8 27 26 -6267 -1635 -1375
5 0.071 -160 -7 206 -6 28 23 -6277 -1555 -1375
5 0.085 -163 -4 206 -23 16 27 -6277 -1587 -1365
6 0.071 -157 -3 203 -20 12 36 -6257 -1587 -1365
5 0.085 -158 -1 204 -28 4 47 -6240 -1575 -1330
5 0.085 -158 -4 202 -31 -6 61 -6225 -1545 -1380
5 0.085 -162 -5 208 -36 6 60 -6257 -1575 -1355
5 0.128 -166 -7 204 -32 17 64 -6230 -1592 -1330
5 0.085 -165 -7 203 -18 19 68 -6277 -1565 -1350
5 0.071 -169 -6 201 -36 5 50 -6240 -1550 -1412
5 0.085 -165 -6 201 -30 11 64 -6240 -1597 -1412
5 0.085 -163 -9 205 -19 17 50 -6292 -1582 -1365
5 0.071 -164 -10 208 -12 23 36 -6230 -1560 -1317
6 0.071 -164 -8 204 5 34 9 -6230 -1555 -1375
5 0.085 -166 -6 201 26 30 -27 -6220 -1532 -1365
5 0.085 -164 -3 201 46 21 -57 -6257 -1607 -1335
5 0.071 -164 -4 198 70 2 -90 -6257 -1592 -1385
5 0.085 -161 -7 203 80 8 -115 -6225 -1555 -1385
5 0.099 -160 -7 205 87 0 -130 -6210 -1602 -1322
5 0.071 -159 -7 202 85 -9 -123 -6210 -1570 -1397
5 0.085 -158 -9 207 63 -22 -104 -6230 -1555 -1317
5 0.071 -155 -10 205 55 -22 -76 -6245 -1545 -1375
5 0.085 -155 -11 211 49 -12 -62 -6262 -1527 -1380
7 0.085 -160 -2 211 38 8 -33 -6267 -1582 -1380
5 0.071 -165 -1 208 13 23 -9 -6282 -1565 -1427
5 0.071 -163 -1 203 3 13 6 -6267 -1607 -1360
5 0.085 -163 -4 199 -2 3 12 -6235 -1560 -1380
5 0.085 -161 -8 204 -12 -1 13 -6205 -1582 -1365
5 0.085 -160 -5 204 -2 5 15 -6210 -1607 -1380
5 0.085 -167 -3 208 -20 21 1 -6220 -1560 -1385
5 0.085 -159 -5 210 -8 41 17 -6240 -1550 -1340
5 0.057 -164 -5 201 -7 34 21 -6210 -1575 -1422
5 0.085 -165 -5 198 30 0 45 -6235 -1527 -1380
7 0.071 -164 -15 202 -24 -6 45 -6190 -1555 -1345
5 0.071 -173 -3 196 -42 -8 39 -6210 -1582 -1355
5 0.071 -166 -9 186 -10 -12 33 -6245 -1617 -1397
5 0.071 -168 -4 203 -30 -17 17 -6215 -1565 -1412
5 0.071 -171 3 206 -12 -31 9 -6262 -1592 -1402
7 0.057 -168 2 211 3 -26 -12 -6230 -1570 -1380
6 0.099 -165 -10 208 29 -23 -37 -6200 -1560 -1375
5 0.057 -168 -13 209 39 -23 -42 -6182 -1540 -1385
5 0.057 -166 -8 203 42 -30 -66 -6210 -1522 -1402
5 0.085 -165 -9 204 46 -27 -64 -6147 -1592 -1422
6 0.057 -163 -5 197 55 -16 -61 -6177 -1550 -1365
5 0.071 -168 -4 203 51 -27 -74 -6220 -1545 -1397
5 0.057 -161 -8 203 46 -35 -61 -6235 -1570 -1402
5 0.057 -161 -4 204 46 -37 -52 -6220 -1582 -1385
5 0.071 -170 -1 207 18 -29 -54 -6240 -1575 -1402
6 0.057 -166 0 207 14 -14 -56 -6262 -1612 -1375
5 0.057 -164 -3 200 23 -2 -47 -6252 -1587 -1360
5 0.085 -166 -7 201 19 7 -21 -6240 -1545 -1397
5 0.043 -161 -8 203 16 1 3 -6257 -1545 -1412
5 0.057 -161 -9 201 -2 -8 25 -6235 -1582 -1385
6 0.057 -160 -2 204 -18 -10 47 -6195 -1570 -1380
5 0.057 -162 -1 205 -46 -7 75 -6225 -1545 -1412
5 0.071 -161 0 203 -65 -22 100 -6205 -1602 -1385
5 0.043 -165 -2 203 -89 -32 121 -6240 -1575 -1397
5 0.057 -165 -3 202 -93 -18 142 -6240 -1560 -1427
6 0.057 -167 -4 205 -107 -14 151 -6177 -1597 -1380
5 0.057 -169 -5 199 -119 -10 167 -6252 -1512 -1390
5 0.071 -169 0 201 -128 -23 169 -6252 -1517 -1375
6 0.043 -163 -5 202 -116 -30 161 -6215 -1497 -1322
6 0.057 -165 -5 205 -103 -30 139 -6200 -1502 -1432
7 0.043 -164 -8 205 -85 -20 110 -6195 -1507 -1447
6 0.057 -162 -13 207 -64 -15 86 -6190 -1540 -1385
6 0.043 -167 -12 201 -51 -19 74 -6172 -1527 -1417
6 0.057 -168 -10 199 -38 -15 67 -6195 -1497 -1335
6 0.028 -172 -4 201 -47 -10 63 -6205 -1540 -1350
7 0.057 -176 -3 197 -49 5 66 -6190 -1417 -1390
6 0.043 -176 -4 195 -50 9 62 -6230 -1450 -1397
6 0.043 -176 -6 191 -53 2 61 -6215 -1455 -1380
6 0.028 -176 -5 193 -54 7 54 -6195 -1412 -1340
6 0.028 -172 -5 194 -51 5 52 -6225 -1450 -1312
7 0.028 -173 -6 193 -37 7 48 -6252 -1475 -1350
5 0.028 -171 -8 196 -31 8 41 -6200 -1432 -1385
5 0.028 -170 -11 197 -26 7 32 -6230 -1455 -1375
5 0.014 -170 -9 200 -19 9 24 -6190 -1437 -1360
5 0.028 -171 -7 196 -10 5 10 -6205 -1390 -1335
6 0.028 -171 -6 199 -7 1 2 -6200 -1432 -1330
5 0.000 -171 -6 199 -2 1 -5 -6190 -1395 -1330
6 0.028 -168 -7 196 6 4 -13 -6235 -1375 -1385
6 0.028 -172 -7 198 10 -5 -13 -6210 -1427 -1380
7 0.014 -170 -7 198 10 1 -13 -6195 -1485 -1417
6 0.000 -170 -8 198 8 -1 -9 -6200 -1475 -1407
6 0.014 -168 -8 198 4 -9 -8 -6220 -1442 -1380
6 0.000 -168 -5 198 3 -14 -11 -6220 -1417 -1340
5 0.000 -167 -5 200 9 -23 -10 -6245 -1432 -1385
6 0.000 -166 -5 200 4 -24 -12 -6240 -1432 -1380
5 0.014 -164 -4 204 5 -19 -10 -6235 -1422 -1375
5 0.000 -163 -5 205 4 -17 -11 -6200 -1460 -1350
5 0.000 -162 -7 204 10 -20 -13 -6210 -1427 -1345
5 0.000 -163 -8 206 8 -17 -15 -6195 -1437 -1355
6 0.000 -161 -8 206 13 -24 -21 -6235 -1422 -1322
5 0.000 -161 -8 205 15 -26 -22 -6205 -1402 -1322
5 0.000 -164 -6 205 14 -35 -16 -6225 -1422 -1330
6 0.000 -164 -5 209 19 -61 -11 -6205 -1412 -1330
6 -0.014 -165 -3 206 14 -79 -4 -6182 -1450 -1350
6 0.000 -167 -3 204 -6 -94 -15 -6262 -1432 -1402
6 0.000 -163 -6 199 22 -93 -12 -6235 -1412 -1385
6 0.000 -164 -4 206 16 -84 -25 -6245 -1465 -1345
6 0.000 -166 -5 209 37 -93 -20 -6240 -1450 -1272
6 0.000 -165 -11 193 20 -113 -38 -6235 -1470 -1292
6 -0.014 -161 -9 201 33 -120 -28 -6235 -1432 -1322
6 -0.014 -162 -7 210 16 -144 -36 -6200 -1465 -1317
6 0.000 -162 -6 207 32 -161 -33 -6172 -1417 -1282
6 0.000 -158 -6 210 36 -182 -45 -6257 -1507 -1345
6 -0.014 -163 -10 211 45 -228 -38 -6262 -1497 -1335
6 0.000 -162 -8 207 39 -275 -35 -6240 -1492 -1255
6 0.000 -160 -7 215 42 -333 -38 -6245 -1455 -1297
6 0.000 -155 -3 211 33 -357 -35 -6257 -1492 -1260
6 0.000 -158 -6 218 42 -397 -31 -6245 -1475 -1307
6 0.000 -152 -4 203 48 -394 -20 -6235 -1470 -1260
6 0.000 -151 -6 211 28 -389 -19 -6240 -1507 -1260
6 -0.014 -152 -6 215 30 -410 -6 -6262 -1502 -1220
6 0.014 -159 -4 213 20 -462 11 -6277 -1512 -1192
6 0.000 -158 -4 221 18 -545 26 -6257 -1502 -1172
6 0.014 -151 -2 212 3 -590 41 -6267 -1492 -1137
6 0.000 -152 -4 215 -8 -623 54 -6292 -1455 -1110
6 0.000 -157 -5 222 -13 -667 56 -6292 -1480 -1125
6 0.000 -142 -3 211 -10 -658 66 -6320 -1480 -1080
6 0.014 -142 -3 214 -18 -637 56 -6292 -1540 -997
6 0.014 -139 -6 214 -3 -618 42 -6297 -1502 -985
5 0.000 -136 -9 221 3 -588 29 -6277 -1480 -935
5 0.000 -133 -10 222 21 -576 0 -6297 -1460 -965
5 0.000 -131 -9 223 33 -580 -21 -6292 -1450 -907
5 0.000 -130 -7 229 45 -603 -39 -6340 -1507 -902
5 0.028 -132 -5 230 56 -627 -59 -6340 -1545 -855
5 0.000 -126 -6 229 60 -664 -65 -6360 -1522 -845
5 0.014 -126 -6 228 65 -693 -66 -6345 -1532 -805
5 0.000 -120 -7 223 58 -664 -64 -6335 -1540 -787
5 0.028 -121 -7 230 58 -646 -55 -6320 -1532 -742
5 0.014 -119 -2 225 51 -636 -51 -6355 -1517 -757
5 0.000 -122 -1 227 45 -620 -35 -6392 -1545 -665
6 0.028 -123 0 229 37 -624 -20 -6382 -1517 -647
6 0.014 -122 -2 235 26 -653 -5 -6360 -1517 -617
6 0.028 -122 -6 231 25 -691 7 -6407 -1550 -607
6 0.000 -124 -7 234 20 -742 16 -6355 -1582 -595
6 0.028 -121 -6 234 23 -790 20 -6355 -1550 -570
7 0.028 -119 -4 234 19 -825 23 -6365 -1540 -517
6 0.000 -113 -6 234 17 -850 29 -6320 -1587 -477
6 0.028 -112 -5 233 19 -862 35 -6382 -1555 -472
6 0.028 -110 -3 231 17 -873 46 -6340 -1497 -445
6 0.028 -110 -4 236 10 -895 55 -6302 -1540 -377
6 0.000 -107 -3 236 9 -921 67 -6340 -1550 -320
5 0.043 -106 -3 240 5 -972 84 -6372 -1507 -310
5 0.028 -107 0 237 -5 -1014 96 -6325 -1555 -242
5 0.028 -105 0 234 -2 -1040 105 -6340 -1540 -165
5 0.028 -104 -4 234 -4 -1059 115 -6382 -1512 -135
6 0.014 -100 -3 240 -9 -1053 107 -6372 -1507 -87
5 0.028 -96 -4 239 -5 -1028 96 -6350 -1540 -20
5 0.028 -86 -5 239 0 -1004 77 -6350 -1522 -5
5 0.000 -82 -6 241 15 -985 55 -6382 -1532 35
6 0.028 -80 -6 243 14 -972 36 -6360 -1527 77
7 0.028 -76 -4 244 23 -985 10 -6340 -1565 82
6 0.000 -72 -2 250 31 -1003 3 -6340 -1540 122
5 0.043 -68 -2 249 31 -1045 -3 -6320 -1527 237
5 0.028 -65 -2 248 28 -1067 10 -6287 -1507 332
5 0.028 -62 -2 246 30 -1079 25 -6307 -1507 332
6 0.028 -62 -5 246 26 -1087 41 -6307 -1507 372
5 0.028 -61 -2 247 22 -1084 60 -6335 -1485 405
5 0.028 -59 -3 249 17 -1080 87 -6282 -1480 467
6 0.028 -59 -2 246 7 -1092 125 -6267 -1460 512
6 0.043 -57 -1 252 3 -1109 164 -6225 -1470 555
7 0.014 -52 0 251 -2 -1121 200 -6245 -1532 607
6 0.028 -48 2 255 -10 -1136 238 -6210 -1502 632
6 0.043 -44 -1 254 -16 -1147 264 -6215 -1465 657
6 0.085 -31 -2 252 -18 -1086 287 -6225 -1540 810
7 0.028 -21 0 252 -13 -1017 278 -6200 -1470 835
6 0.028 -16 -1 251 -4 -917 254 -6205 -1465 892
6 0.043 -12 -3 251 0 -813 221 -6172 -1432 872
6 0.014 -10 -2 253 0 -702 185 -6132 -1450 887
6 0.028 -10 -4 252 7 -622 152 -6142 -1442 945
7 0.014 -13 -5 255 9 -572 123 -6075 -1407 1032
5 0.028 -16 -3 256 10 -556 94 -6110 -1402 1057
5 0.028 -18 0 257 13 -557 82 -6095 -1417 1052
5 0.028 -20 -1 254 13 -556 69 -6080 -1375 1075
5 0.028 -17 -2 254 14 -543 64 -6057 -1370 1147
6 0.043 -14 -2 254 10 -481 62 -6057 -1347 1152
5 0.014 -12 0 254 9 -405 58 -6062 -1442 1157
6 0.014 -8 0 253 7 -300 56 -6047 -1390 1225
6 0.028 -6 -1 254 9 -201 45 -6075 -1412 1162
6 0.014 -7 0 258 5 -107 38 -6115 -1395 1187
5 0.000 -8 -1 258 0 -46 34 -6042 -1370 1187
5 0.028 -10 1 254 -2 -9 24 -6057 -1347 1200
6 0.000 -13 0 254 -3 13 17 -6007 -1412 1250
6 0.000 -13 -1 256 2 26 7 -6027 -1422 1167
5 0.014 -13 -1 253 4 29 -3 -6057 -1412 1250
5 0.014 -13 -2 255 0 47 -9 -6095 -1337 1177
6 0.000 -12 -1 255 0 74 -12 -6042 -1412 1167
6 0.000 -12 -1 254 0 130 -27 -6032 -1365 1200
6 0.014 -9 -3 254 0 175 -27 -6062 -1390 1152
5 0.014 -10 -1 257 0 211 -22 -6057 -1395 1137
5 0.000 -9 -2 259 -1 238 -16 -6057 -1375 1157
5 0.000 -14 -1 257 -3 253 -8 -6057 -1342 1152
5 0.000 -16 -2 258 -4 256 3 -6080 -1347 1132
6 0.000 -18 -1 256 -8 235 9 -6037 -1342 1152
6 0.000 -21 0 258 -1 220 17 -6052 -1380 1120
5 0.000 -23 -1 255 -5 193 19 -6037 -1355 1100
6 0.000 -24 -2 257 -2 155 15 -6052 -1355 1105
5 0.000 -26 -1 253 1 119 8 -6027 -1380 1115
6 0.000 -27 1 256 -2 64 -1 -6052 -1342 1080
6 0.014 -24 0 255 -4 32 -3 -6090 -1365 1080
5 0.000 -22 2 255 -1 6 -7 -6095 -1370 1080
6 0.014 -24 -2 254 3 -5 -7 -6152 -1355 1075
6 0.000 -25 -2 258 1 -22 -17 -6142 -1300 1090
6 0.000 -23 -4 256 3 -44 -26 -6057 -1370 1147
5 0.000 -24 0 258 3 -80 -31 -6062 -1375 1070
5 0.028 -25 -2 258 6 -122 -36 -6085 -1395 1120
6 0.000 -22 0 255 6 -155 -33 -6042 -1402 1095
5 0.000 -23 -1 255 7 -183 -34 -6052 -1407 1090
6 0.014 -23 -1 257 8 -211 -31 -6007 -1385 1090
6 0.000 -21 -3 256 10 -239 -30 -6042 -1395 1152
6 0.028 -22 0 255 7 -266 -25 -6007 -1337 1182
7 0.000 -24 0 255 8 -307 -21 -6090 -1385 1125
5 0.000 -23 0 257 6 -348 -11 -6027 -1422 1162
5 0.028 -21 0 255 10 -403 -6 -6007 -1450 1205
5 0.000 -25 0 257 11 -454 -8 -6052 -1412 1157
5 0.014 -20 -2 258 14 -495 -10 -5980 -1390 1250
5 0.014 -19 -2 256 13 -526 -10 -6000 -1385 1260
6 0.014 -13 -2 256 15 -530 -9 -6000 -1380 1260
6 0.000 -9 0 255 15 -529 -16 -6000 -1380 1277
6 0.028 -8 0 254 11 -516 -12 -5985 -1355 1272
6 0.000 -10 -1 257 13 -546 -21 -5990 -1412 1312
5 0.028 -11 1 258 13 -592 -22 -5970 -1407 1330
5 0.000 -6 0 266 7 -648 -20 -5975 -1390 1365
5 0.014 -9 0 263 17 -711 -15 -5937 -1417 1350
5 0.014 138 18 372 -52 -349 -45 -5917 -1370 1447
5 0.014 77 2 273 -148 127 -33 -5907 -1342 1412
6 0.000 8 -13 188 -71 211 -37 -5922 -1422 1402
7 0.000 9 -9 267 33 140 -30 -5897 -1347 1437
6 0.000 -13 1 276 24 -38 -4 -5922 -1407 1390
5 0.000 -4 9 261 8 -46 13 -5907 -1417 1442
5 0.000 6 1 246 -5 14 33 -5937 -1395 1457
6 0.000 0 -5 256 7 43 25 -5932 -1412 1385
6 0.000 0 -5 260 4 -1 12 -5922 -1402 1360
5 0.000 3 0 263 -4 -10 -1 -5887 -1395 1422
6 0.000 0 2 255 1 -9 -14 -5942 -1437 1432
6 0.000 7 1 251 -1 0 -24 -5932 -1385 1397
5 0.000 4 -3 253 3 22 -29 -5907 -1380 1365
7 0.000 1 -2 255 1 3 -27 -5927 -1402 1432
6 0.000 1 2 256 -1 -4 -32 -5955 -1365 1417
5 0.000 2 1 256 1 -4 -30 -5950 -1380 1427
5 0.000 2 -2 253 -2 0 -22 -5932 -1412 1385
6 0.014 -1 0 254 -2 7 -16 -5932 -1390 1407
5 0.000 -1 -2 255 2 3 -3 -5902 -1417 1402
5 0.000 -2 0 257 2 -6 8 -5892 -1455 1465
6 0.000 1 0 258 0 -9 15 -5897 -1417 1437
5 0.000 0 -1 257 3 -6 19 -5942 -1370 1427
5 0.014 2 -2 255 1 -1 17 -5922 -1385 1390
6 0.000 -1 -2 255 -2 4 8 -5990 -1407 1390
6 0.000 -1 -2 256 5 5 3 -5892 -1480 1402
5 0.000 0 0 257 0 -6 6 -5942 -1485 1370
6 0.000 3 -2 256 0 2 4 -5902 -1442 1375
5 0.000 2 0 255 1 10 7 -5917 -1407 1402
5 0.000 1 0 255 3 6 9 -5985 -1375 1437
7 0.000 3 -1 256 3 6 16 -5975 -1432 1385
5 0.000 4 -2 257 -3 1 15 -5922 -1390 1437
6 0.000 4 0 255 -1 3 22 -5955 -1370 1407
6 0.014 6 0 255 1 -2 28 -5950 -1412 1417
7 0.014 8 2 258 1 -3 30 -5950 -1412 1385
5 0.000 9 1 255 2 -4 35 -5970 -1417 1422
6 0.000 10 0 254 5 -3 38 -5880 -1390 1402
6 0.014 12 -5 257 3 -1 44 -5927 -1385 1412
5 0.000 11 -2 256 0 -7 45 -5942 -1412 1365
6 0.000 9 1 254 -1 -1 50 -5942 -1442 1397
6 0.028 11 1 256 1 1 52 -5927 -1390 1475
6 0.000 7 2 258 3 3 48 -5927 -1390 1465
5 0.014 10 -1 254 3 1 48 -5917 -1380 1457
6 0.014 8 0 256 0 -3 42 -5912 -1375 1385
6 0.014 9 0 258 4 -5 41 -5937 -1407 1412
6 0.028 9 -1 257 0 -10 41 -5942 -1380 1432
5 0.000 10 -1 257 -3 -4 42 -5937 -1390 1465
5 0.028 12 1 256 -3 -9 48 -5937 -1360 1427
6 0.014 12 1 256 -5 -10 50 -5937 -1380 1412
6 0.028 13 1 255 -5 -15 45 -5942 -1375 1412
5 0.014 11 4 255 -3 -17 47 -5942 -1347 1385
5 0.014 10 4 255 -5 -16 42 -5907 -1360 1417
5 0.028 11 0 255 -6 -19 37 -5870 -1370 1437
6 0.028 10 0 256 -4 -18 30 -5927 -1327 1442
6 0.028 10 2 256 -2 -25 30 -5955 -1390 1407
6 0.028 10 -2 258 -5 -28 38 -5950 -1355 1385
5 0.028 11 -3 256 -3 -28 48 -5912 -1412 1437
5 0.043 11 0 256 -8 -22 72 -5970 -1390 1407
5 0.028 10 3 256 -9 -28 82 -5937 -1370 1457
6 0.028 11 2 254 -3 -25 93 -5912 -1402 1457
7 0.043 13 1 255 -3 -21 99 -5922 -1332 1447
5 0.028 13 0 254 -3 -15 97 -5902 -1360 1452
5 0.028 13 -1 251 1 -9 92 -5927 -1327 1402
5 0.043 14 -2 256 0 -13 82 -5950 -1332 1442
6 0.043 13 1 256 1 -12 72 -5902 -1355 1385
7 0.043 13 0 252 12 -12 62 -5880 -1337 1380
6 0.028 14 -2 256 5 -13 55 -5937 -1332 1402
5 0.057 14 0 254 15 -14 56 -5897 -1355 1422
5 0.057 15 -3 253 22 -10 64 -5850 -1355 1442
5 0.043 15 -6 257 18 -2 73 -5892 -1327 1375
7 0.057 13 -2 258 18 5 84 -5887 -1280 1402
6 0.043 12 -3 254 24 4 86 -5917 -1247 1437
6 0.057 10 0 256 14 5 81 -5917 -1332 1390
5 0.057 5 0 260 20 1 73 -5892 -1270 1437
5 0.043 3 3 257 15 -9 68 -5902 -1317 1417
6 0.057 7 1 257 8 -15 59 -5937 -1305 1417
5 0.057 7 -2 255 9 -20 49 -5870 -1295 1412
5 0.057 6 -2 257 16 -27 30 -5927 -1300 1417
5 0.043 9 1 255 9 -27 9 -5922 -1285 1447
6 0.043 9 2 257 3 -27 -5 -5887 -1275 1457
6 0.085 9 1 255 -19 -15 -39 -5927 -1280 1442
5 0.057 6 -1 256 -2 -19 -54 -5912 -1242 1427
5 0.057 5 -7 257 12 -27 -80 -5922 -1257 1452
5 0.071 1 -7 258 -6 -36 -105 -5907 -1285 1452
5 0.057 5 -8 258 -6 -29 -124 -5932 -1275 1422
5 0.057 5 -5 253 26 -29 -135 -5897 -1265 1480
7 0.057 9 1 256 15 -12 -146 -5907 -1285 1442
6 0.057 10 5 253 -3 5 -147 -5950 -1270 1412
6 0.057 10 4 257 8 0 -135 -5897 -1265 1437
5 0.057 12 4 258 8 -12 -120 -5917 -1275 1457
5 0.071 13 -1 260 7 -25 -104 -5922 -1332 1432
6 0.057 16 -3 261 14 -25 -91 -5875 -1275 1422
5 0.085 14 -3 254 12 -14 -78 -5902 -1355 1447
5 0.085 14 0 254 8 9 -77 -5917 -1337 1390
6 0.057 13 4 252 10 18 -79 -5902 -1322 1452
6 0.071 11 2 255 8 25 -80 -5845 -1317 1407
7 0.057 10 1 258 4 10 -78 -5917 -1270 1432
5 0.085 8 0 258 0 8 -76 -5892 -1322 1417
5 0.057 9 -2 254 -15 12 -69 -5892 -1337 1417
6 0.071 6 -1 255 -31 17 -56 -5907 -1305 1452
6 0.071 6 -2 256 -11 11 -39 -5937 -1360 1427
7 0.071 9 -1 253 -13 16 -23 -5907 -1305 1407
6 0.071 12 1 256 -24 35 -8 -5907 -1342 1417
5 0.099 13 -2 253 -12 44 18 -5902 -1327 1417
5 0.071 9 3 263 -13 20 26 -5892 -1375 1417
5 0.071 7 5 266 -26 -3 33 -5902 -1300 1437
7 0.071 5 0 257 -16 -17 36 -5887 -1305 1417
6 0.085 6 0 255 -15 -10 29 -5932 -1300 1442
6 0.085 8 -4 246 -2 16 16 -5927 -1347 1432
5 0.057 5 -3 254 6 32 -5 -5907 -1355 1422
5 0.085 2 -2 261 -17 14 -24 -5875 -1337 1412
5 0.085 -1 -4 263 -12 -15 -34 -5897 -1327 1417
5 0.071 -1 -3 261 -9 -29 -31 -5907 -1312 1452
6 0.071 0 1 256 -9 -27 -32 -5897 -1290 1417
6 0.085 3 -1 255 -3 -21 -26 -5912 -1332 1397
6 0.113 2 5 255 -21 -18 -30 -5922 -1312 1397
6 0.057 2 3 253 -21 -13 -28 -5865 -1327 1390
5 0.085 3 4 258 -7 -15 -29 -5912 -1342 1457
5 0.085 3 3 260 -4 -18 -27 -5887 -1322 1417
5 0.071 2 4 257 0 -22 -30 -5865 -1365 1390
6 0.071 5 2 255 -20 -21 -38 -5865 -1337 1427
6 0.085 4 -1 254 -12 -24 -48 -5880 -1355 1417
7 0.085 4 -2 259 7 -31 -55 -5880 -1355 1385
6 0.071 3 -1 255 13 -35 -63 -5897 -1327 1427
5 0.085 4 -1 256 17 -31 -64 -5887 -1342 1457
5 0.085 2 4 253 2 -23 -66 -5880 -1332 1442
5 0.071 2 1 250 9 -24 -69 -5912 -1327 1447
5 0.199 0 -1 255 35 -13 -43 -5875 -1342 1447
5 0.085 3 -1 255 42 -20 -29 -5902 -1342 1422
5 0.071 3 -1 259 12 -20 -14 -5855 -1347 1447
5 0.085 2 -2 250 22 -24 -8 -5912 -1365 1457
7 0.085 4 -4 254 29 -32 -4 -5870 -1337 1437
6 0.057 4 0 257 26 -40 -8 -5907 -1322 1427
6 0.085 1 -1 257 29 -43 -18 -5887 -1317 1452
5 0.085 5 2 257 24 -44 -37 -5860 -1275 1442
5 0.085 1 5 257 13 -42 -61 -5880 -1300 1470
6 0.071 3 5 256 -4 -44 -88 -5855 -1332 1490
5 0.085 6 4 255 -8 -40 -101 -5907 -1332 1432
6 0.099 6 0 253 -3 -34 -109 -5817 -1312 1427
6 0.085 4 -4 254 -14 -35 -105 -5855 -1295 1432
6 0.071 8 -2 257 -34 -18 -97 -5880 -1355 1452
7 0.085 6 -1 251 -30 3 -77 -5897 -1347 1452
6 0.085 5 -4 247 -12 15 -67 -5912 -1365 1442
5 0.057 2 -4 257 0 20 -58 -5887 -1385 1447
5 0.085 0 -2 257 11 10 -57 -5880 -1360 1470
5 0.071 1 1 257 1 6 -52 -5845 -1365 1452
7 0.085 1 3 257 -2 -2 -54 -5830 -1355 1470
6 0.057 4 3 256 7 -4 -56 -5855 -1380 1422
5 0.085 4 3 254 7 0 -58 -5840 -1355 1480
5 0.071 6 -1 255 10 -4 -60 -5880 -1370 1490
6 0.113 5 -1 250 9 13 -53 -5897 -1337 1465
7 0.057 20 -16 280 -44 127 -53 -5892 -1355 1490
6 0.071 -11 -23 239 -17 53 -54 -5880 -1312 1442
6 0.071 7 -4 271 42 81 -68 -5875 -1355 1422
6 0.085 12 10 283 6 24 -69 -5875 -1365 1432
5 0.057 0 16 260 -41 24 -64 -5912 -1355 1412
5 0.085 -4 3 249 10 -82 -58 -5887 -1342 1432
5 0.057 15 5 275 -5 24 -47 -5922 -1327 1390
5 0.071 5 -1 248 -17 51 -40 -5870 -1347 1427
6 0.085 -5 -3 243 2 38 -30 -5912 -1332 1432
6 0.057 3 -7 253 9 21 -31 -5887 -1342 1457
6 0.085 -11 0 238 -8 88 -30 -5897 -1355 1427
5 0.085 -5 4 255 -18 81 -32 -5870 -1317 1402
5 0.057 -6 5 254 -15 -8 -33 -5855 -1370 1432
5 0.085 18 7 278 4 -7 -38 -5902 -1380 1447
5 0.057 -2 4 242 -10 30 -40 -5875 -1385 1432
6 0.071 7 -1 275 -27 69 -51 -5927 -1355 1442
7 0.057 -2 -3 264 -17 -2 -60 -5875 -1355 1402
6 0.085 -7 -6 253 -10 -13 -64 -5897 -1365 1465
6 0.057 0 -4 261 -3 -37 -67 -5902 -1380 1432
5 0.071 5 -2 242 0 -8 -57 -5912 -1337 1475
5 0.057 10 -2 253 24 20 -36 -5922 -1375 1385
6 0.085 -3 -1 232 -4 -1 -26 -5917 -1342 1432
5 0.085 6 -3 250 17 14 15 -5812 -1347 1380
6 0.071 1 -2 242 11 45 47 -5835 -1322 1427
6 0.071 2 -1 237 32 -3 80 -5860 -1342 1417
6 0.057 20 -5 263 27 50 106 -5902 -1312 1397
6 0.071 -1 -9 244 37 65 120 -5912 -1305 1397
5 0.071 -3 -1 254 6 50 126 -5932 -1322 1412
5 0.071 0 1 261 14 45 123 -5897 -1290 1407
6 0.071 -10 5 243 22 24 112 -5932 -1275 1397
6 0.071 1 4 250 22 45 98 -5950 -1270 1385
7 0.057 -2 6 257 15 18 93 -5875 -1355 1390
5 0.071 -2 6 253 9 44 82 -5875 -1337 1412
5 0.085 9 7 281 -7 11 74 -5927 -1305 1417
6 0.071 -7 5 256 -29 -28 56 -5965 -1237 1412
6 0.071 13 -2 262 -11 52 41 -5955 -1285 1402
7 0.071 -3 -7 242 30 14 31 -5917 -1232 1422
6 0.057 -7 -7 244 0 57 32 -5897 -1275 1432
5 0.057 -2 2 271 -19 23 30 -5892 -1290 1412
5 0.085 -8 -4 242 1 -10 39 -5887 -1265 1370
5 0.057 -8 0 250 -3 -30 48 -5880 -1312 1360
6 0.071 0 -3 259 -6 -32 44 -5922 -1290 1402
6 0.057 0 -1 271 18 -6 47 -5902 -1312 1380
5 0.057 2 -5 251 22 25 42 -5907 -1237 1397
5 0.071 -4 -3 242 -12 -10 37 -5907 -1222 1402
5 0.085 -10 1 255 -13 21 33 -5937 -1247 1417
5 0.043 -10 3 255 31 8 29 -5965 -1247 1417
6 0.057 -3 9 266 -14 6 24 -5922 -1252 1407
6 0.057 -6 8 254 -14 24 13 -5865 -1210 1407
6 0.057 -5 0 248 0 -3 4 -5965 -1205 1465
5 0.057 -7 -2 243 9 1 5 -5937 -1185 1457
6 0.057 1 -3 264 -11 12 5 -5927 -1242 1457
7 0.057 7 1 274 -11 37 7 -5937 -1257 1407
5 0.057 -17 3 239 10 -13 12 -5892 -1257 1412
5 0.057 -9 10 249 -10 -27 11 -5887 -1237 1452
5 0.057 -9 8 252 -6 -56 0 -5912 -1222 1397
5 0.057 7 2 267 -4 -85 -12 -5922 -1237 1390
7 0.085 8 -6 268 -12 -53 -41 -5865 -1227 1397
6 0.057 -4 -10 248 16 -18 -56 -5932 -1205 1437
6 0.043 -9 -5 246 7 -27 -68 -5932 -1222 1442
6 0.057 8 -2 269 16 -25 -65 -5917 -1237 1465
5 0.057 6 2 268 31 -14 -56 -5902 -1227 1452
6 0.043 1 7 251 12 -36 -49 -5922 -1247 1457
5 0.057 11 3 261 8 -13 -50 -5927 -1237 1457
6 0.043 10 -4 257 8 -7 -45 -5937 -1290 1457
6 0.057 9 -2 250 16 14 -43 -5897 -1300 1412
6 0.057 8 -8 254 18 25 -40 -5927 -1280 1437
5 0.043 -9 0 246 8 -8 -32 -5937 -1290 1407
5 0.142 -6 5 249 18 -27 -6 -5955 -1265 1427
5 0.057 6 2 258 4 -15 -4 -5955 -1210 1437
5 0.057 10 2 263 -4 24 -4 -5922 -1227 1480
7 0.028 -4 -3 245 -5 17 -11 -5970 -1232 1422
6 0.057 4 -1 262 13 -8 -10 -5937 -1280 1427
6 0.057 -9 -3 248 18 -43 -1 -5927 -1247 1447
5 0.057 4 2 276 6 -22 -3 -5932 -1222 1417
5 0.028 -2 0 255 7 -3 -2 -5975 -1232 1412
6 0.057 -5 3 247 9 -24 -9 -5955 -1232 1422
6 0.057 -1 4 255 3 -16 -15 -5937 -1222 1485
6 0.057 -4 4 249 -8 -10 -29 -5990 -1232 1447
5 0.028 2 2 258 -3 -14 -41 -5950 -1215 1470
5 0.071 6 -1 261 -1 14 -49 -5950 -1247 1417
5 0.043 -6 -1 250 -2 -7 -41 -5937 -1232 1397
6 0.057 -4 -4 251 6 -18 -29 -5975 -1305 1442
6 0.043 -2 -1 257 10 -29 -10 -5942 -1275 1442
6 0.043 2 2 258 6 -11 12 -5970 -1205 1480
6 0.043 0 1 254 16 -13 22 -5955 -1242 1437
5 0.043 0 0 250 -1 3 29 -5875 -1227 1475
6 0.043 -6 -2 252 7 -15 30 -5955 -1237 1475
6 0.043 1 -1 259 0 -18 27 -5965 -1265 1465
6 0.057 1 -1 256 14 -34 24 -5942 -1247 1470
5 0.028 -3 1 245 17 -5 19 -5975 -1285 1442
5 0.043 1 0 257 15 8 8 -5975 -1270 1465
7 0.057 -1 1 258 -4 13 2 -5980 -1247 1432
6 0.043 -3 1 260 -2 25 6 -5955 -1247 1412
5 0.028 -3 1 258 -2 22 8 -5950 -1247 1485
5 0.043 -7 3 254 3 9 12 -5955 -1242 1452
6 0.028 -1 -2 258 -1 21 10 -5970 -1210 1447
7 0.043 -7 -2 249 0 -10 13 -5995 -1252 1432
5 0.043 -5 1 256 0 -11 14 -5965 -1265 1490
5 0.028 -3 0 258 -5 13 13 -5990 -1275 1412
5 0.028 -8 1 250 -5 9 16 -5965 -1252 1370
6 0.028 -8 0 256 0 21 14 -5990 -1210 1412
6 0.028 -8 1 255 -7 29 14 -5960 -1275 1447
5 0.028 -12 2 256 -13 11 13 -5990 -1237 1475
5 0.043 -12 2 250 -11 14 8 -5985 -1222 1490
6 0.028 -10 -2 256 -8 37 4 -5960 -1222 1437
6 0.014 -13 0 254 -11 20 -3 -5970 -1242 1442
7 0.028 -11 -2 255 -7 14 -12 -5995 -1285 1432
5 0.028 -6 0 258 -1 29 -12 -5975 -1265 1470
5 0.014 -9 2 255 -10 20 -15 -5960 -1242 1447
5 0.014 -4 1 257 -5 27 -11 -5980 -1200 1417
6 0.014 -9 0 254 -6 20 -13 -5965 -1200 1427
6 0.014 -5 -2 256 -5 17 -7 -5950 -1215 1442
7 0.028 -8 1 258 -2 9 -4 -5942 -1237 1495
5 0.000 -9 1 256 0 5 0 -6012 -1227 1427
6 0.014 -10 -1 255 -3 9 -3 -6022 -1275 1447
6 0.014 -11 0 257 -3 13 -6 -5975 -1252 1457
5 0.000 -9 -2 255 -5 7 -11 -5975 -1205 1442
6 0.028 -8 0 259 -2 2 -13 -5942 -1242 1447
6 0.000 -8 1 257 -1 1 -18 -6007 -1247 1442
6 0.000 -5 -4 257 0 5 -22 -6022 -1232 1417
5 0.000 -5 1 256 1 5 -22 -6007 -1195 1447
5 0.000 -3 0 258 -1 9 -22 -6012 -1190 1385
7 0.000 -3 1 256 -4 8 -22 -5970 -1265 1442
6 0.014 -2 -1 254 0 7 -22 -5937 -1215 1465
5 0.000 -4 1 254 0 8 -15 -5960 -1222 1490
6 0.000 -4 4 256 -3 10 -18 -5990 -1290 1457
6 0.000 -2 1 256 3 1 -22 -5932 -1285 1495
6 0.000 -1 1 256 -1 -3 -19 -5965 -1247 1457
5 0.000 3 0 257 4 -2 -25 -5995 -1205 1427
6 0.000 2 1 253 1 -2 -19 -5955 -1257 1457
6 0.000 4 4 255 2 1 -17 -5975 -1290 1432
5 0.000 4 2 255 1 4 -19 -5980 -1270 1452
6 0.000 3 0 257 -2 2 -19 -5927 -1265 1427
6 0.000 2 1 257 -1 3 -20 -5980 -1275 1397
5 0.000 4 0 255 -1 7 -22 -5995 -1280 1432
6 0.000 2 0 255 -1 7 -21 -6012 -1270 1500
6 0.000 4 1 254 0 9 -23 -5975 -1237 1485
5 0.000 5 1 254 3 4 -15 -5975 -1290 1412
7 0.000 3 -2 257 -2 6 -10 -5975 -1290 1432
6 0.000 2 1 256 1 7 -6 -5965 -1275 1427
5 0.000 3 0 255 -1 6 0 -5950 -1222 1442
6 0.014 1 1 255 -1 -2 5 -6000 -1265 1490
5 0.000 -2 1 259 3 3 0 -5980 -1252 1470
6 0.000 -1 2 255 -3 3 -1 -5970 -1285 1417
6 0.000 -2 0 256 1 -3 -5 -6017 -1322 1470
5 0.000 -1 2 257 1 1 -1 -5980 -1332 1475
5 0.000 -2 1 254 3 -6 -2 -5985 -1265 1432
6 0.000 0 0 256 -1 -7 -3 -5897 -1252 1475
5 0.000 3 1 255 0 -7 -2 -5927 -1280 1452
5 0.000 3 0 257 1 -1 -1 -5985 -1232 1480
6 0.000 4 2 253 2 1 -2 -5975 -1265 1457
5 0.000 3 2 260 -2 7 -7 -6007 -1275 1452
5 0.000 1 1 258 3 7 1 -5985 -1285 1402
6 0.000 1 1 257 1 1 4 -5970 -1232 1447
5 0.000 -1 2 256 3 -1 4 -6007 -1265 1490
6 0.000 0 -1 255 3 -4 2 -5990 -1227 1515
5 0.000 1 1 255 2 -4 3 -5960 -1232 1442
5 0.000 0 -1 256 0 -5 -3 -5985 -1247 1452
6 0.000 3 2 252 1 -5 -6 -5985 -1237 1475
6 0.000 3 0 254 3 3 -8 -5955 -1280 1437
5 0.000 2 2 256 1 0 0 -5950 -1252 1485
6 0.000 4 2 256 0 2 3 -5965 -1252 1500
5 0.000 4 2 254 -3 5 4 -5970 -1270 1490
6 0.000 1 0 252 -1 6 1 -5990 -1257 1417
6 0.000 0 -1 256 -4 -1 1 -5990 -1290 1490
5 0.000 3 1 256 4 -1 1 -5995 -1222 1442
6 0.000 1 0 256 2 -4 2 -5965 -1280 1510
6 0.000 4 1 253 1 5 2 -5985 -1270 1447
6 0.000 2 0 255 6 1 -2 -5955 -1290 1485
6 0.000 2 0 256 0 5 -1 -6027 -1215 1470
5 0.000 2 -2 256 3 3 -4 -5965 -1312 1407
5 0.000 1 1 254 0 0 -4 -5965 -1275 1452
6 0.000 1 2 255 4 -1 -2 -5995 -1257 1432
5 0.000 2 2 258 1 4 0 -5990 -1280 1407
7 0.000 3 1 256 1 2 1 -5980 -1215 1417
5 0.000 3 0 255 4 7 7 -5995 -1247 1432
5 0.000 1 2 257 1 6 8 -5980 -1280 1470
6 0.000 1 0 258 1 4 5 -5975 -1252 1452
5 0.000 0 0 257 1 -3 4 -5980 -1227 1442
7 0.000 2 2 257 -2 -2 3 -5975 -1232 1417
5 0.000 1 1 257 -1 -3 2 -5995 -1252 1427
5 0.000 3 -1 254 0 1 -1 -5960 -1275 1447
6 0.000 1 -1 254 2 1 -6 -6022 -1232 1447
5 0.000 2 0 255 1 0 -1 -6012 -1270 1427
6 0.000 2 1 256 2 0 5 -5965 -1295 1397
6 0.000 2 0 260 1 1 3 -6007 -1275 1417
5 0.000 2 1 258 -1 3 3 -5980 -1285 1427
6 0.000 1 2 256 5 -3 3 -5965 -1312 1422
5 0.000 1 1 256 2 0 6 -5995 -1257 1452
6 0.000 3 0 254 2 3 1 -5985 -1295 1437
6 0.000 2 1 254 0 4 -2 -6027 -1280 1437
5 0.000 0 0 256 -1 1 0 -5980 -1270 1422
6 0.000 1 0 255 2 -1 0 -6007 -1215 1437
5 0.000 1 2 256 -4 -4 3 -6042 -1275 1427
5 0.000 3 0 258 1 -8 4 -6007 -1237 1427
7 0.000 0 1 256 3 -6 3 -5937 -1252 1490
5 0.000 5 0 254 2 -6 4 -5990 -1290 1485
6 0.000 4 1 256 3 1 -2 -6012 -1252 1457
5 0.000 3 -1 256 0 0 -4 -5937 -1257 1390
5 0.000 2 0 256 2 -1 1 -5950 -1280 1447
7 0.000 0 -1 258 3 3 -3 -5980 -1257 1380
5 0.000 1 1 257 4 -4 0 -5970 -1265 1407
5 0.000 3 3 256 1 -4 1 -5975 -1265 1385
5 0.000 3 2 255 0 0 0 -5980 -1210 1447
6 0.000 2 1 254 -2 4 -3 -5970 -1247 1427
6 0.000 4 -1 256 1 7 1 -6012 -1265 1412
6 0.000 -1 3 256 5 3 1 -6007 -1265 1442
6 0.000 0 2 259 -1 3 -2 -6017 -1270 1422
5 0.000 -2 2 256 0 1 1 -6032 -1257 1437
6 0.000 2 0 256 -2 1 5 -5990 -1227 1437
5 0.000 2 1 255 1 -1 1 -5985 -1227 1490
6 0.000 3 1 255 0 1 7 -5990 -1247 1437
6 0.000 3 0 259 1 0 4 -5995 -1270 1480
5 0.000 0 1 255 2 6 4 -6000 -1265 1457
6 0.000 2 1 256 0 2 -1 -5970 -1257 1427
5 0.000 2 1 258 -1 -1 -4 -5960 -1290 1437
6 0.000 3 1 255 -2 3 -5 -5975 -1252 1427
6 0.000 2 -1 256 -1 3 0 -5970 -1280 1452
5 0.000 1 1 256 1 3 -2 -5955 -1252 1465
6 0.000 -2 1 255 4 -1 -2 -5990 -1265 1447
6 0.000 1 -1 254 0 -5 -3 -5955 -1305 1422
6 0.000 -1 -1 255 -2 -4 0 -5960 -1270 1485
5 0.000 1 0 256 -1 -1 -4 -5990 -1275 1412
6 0.000 3 0 253 1 -1 0 -6017 -1285 1427
5 0.000 3 1 255 -1 3 0 -6032 -1265 1432
1 0.000 3 1 255 -1 3 0 -6032 -1265 1432
6 0.000 1 0 255 5 0 1 -5980 -1242 1447
5 0.000 -1 0 259 3 0 6 -5995 -1247 1432
6 0.000 0 3 257 4 -5 6 -5980 -1227 1465
5 0.000 1 1 255 -3 -8 9 -5975 -1242 1427
5 0.000 2 1 254 2 -3 8 -5990 -1280 1470
6 0.000 4 0 254 4 -1 13 -6000 -1252 1432
5 0.000 2 1 255 -3 2 15 -5995 -1252 1452
6 0.000 3 0 258 2 1 11 -5937 -1257 1407
5 0.000 0 1 257 -3 0 6 -5960 -1242 1437
5 0.000 1 1 258 -3 -6 5 -6007 -1242 1432
6 0.000 1 1 257 -2 2 2 -5912 -1247 1452
5 0.000 -1 3 255 1 -1 -2 -5975 -1300 1480
6 0.000 1 1 257 1 1 1 -5985 -1265 1427
6 0.000 1 2 256 3 3 -1 -6007 -1257 1417
5 0.000 3 1 256 -2 2 4 -5950 -1227 1427
6 0.000 2 -1 255 3 1 0 -5980 -1265 1427
5 0.000 1 -1 256 -1 5 4 -6022 -1237 1465
6 0.000 2 0 257 2 2 4 -5990 -1232 1457
6 0.000 0 1 254 2 0 2 -5990 -1237 1427
5 0.000 1 0 256 1 0 0 -5995 -1257 1447
6 0.000 2 -1 254 3 2 -3 -5960 -1327 1412
5 0.000 1 -1 256 0 -1 -9 -5995 -1280 1432
5 0.000 1 0 254 4 3 -9 -5965 -1222 1427
6 0.000 2 -1 255 4 3 -4 -5960 -1257 1452
5 0.000 2 1 257 -1 1 -6 -5980 -1247 1457
5 0.000 2 0 258 0 -2 0 -5975 -1265 1390
6 0.000 4 0 257 0 2 -4 -5980 -1290 1422
5 0.000 4 0 254 4 1 1 -5995 -1275 1370
6 0.000 -1 0 257 0 6 5 -5950 -1252 1465
5 0.000 1 -1 254 4 0 4 -5980 -1280 1422
5 0.000 1 2 257 3 -6 10 -5960 -1232 1407
6 0.000 1 2 258 4 -3 9 -5960 -1285 1447
5 0.000 3 1 255 1 -4 10 -5955 -1270 1437
7 0.000 3 0 256 2 0 11 -5980 -1265 1427
6 0.000 1 0 256 0 4 10 -5990 -1285 1452
5 0.000 2 2 256 0 -1 7 -5927 -1300 1465
6 0.000 1 1 257 -2 3 7 -6007 -1305 1417
5 0.000 2 3 256 2 -1 6 -5980 -1265 1427
6 0.000 -1 1 256 -1 0 3 -5985 -1257 1422
6 0.000 -1 -2 255 2 1 7 -5960 -1247 1432
6 -0.014 2 0 256 -2 -1 15 -5970 -1222 1407
5 0.000 2 1 257 1 1 18 -5980 -1232 1412
7 0.000 2 1 257 -1 0 17 -5980 -1285 1427
6 0.000 2 1 257 -1 0 14 -5970 -1247 1480
5 0.000 2 2 255 -4 -1 6 -5980 -1252 1447
6 0.000 1 1 255 -4 0 1 -5970 -1317 1412
6 0.000 3 0 255 -2 4 -5 -5950 -1247 1465
5 0.000 1 0 255 2 3 -10 -5985 -1280 1432
7 0.000 1 1 257 -1 -3 -7 -5975 -1247 1457
6 0.000 0 4 256 2 1 -5 -5975 -1317 1447
5 0.000 1 0 256 -2 -1 1 -5985 -1252 1475
6 0.000 1 -2 257 3 1 4 -6007 -1265 1442
6 0.000 2 1 256 -1 6 7 -5960 -1252 1412
6 0.000 1 0 253 -1 5 6 -5980 -1270 1417
6 0.000 1 0 256 -1 8 16 -5990 -1257 1417
6 0.000 2 1 256 2 -2 8 -5975 -1252 1500
5 0.000 0 0 256 2 -2 9 -5980 -1247 1442
6 0.000 1 1 257 3 -1 4 -5985 -1242 1432
6 0.000 -1 -1 254 0 -1 2 -5985 -1290 1432
5 0.000 1 0 255 0 2 3 -5937 -1257 1475
6 0.000 2 2 257 4 -1 3 -6000 -1252 1427
5 0.000 2 2 257 2 -1 2 -5950 -1232 1447
6 0.000 1 2 257 0 -3 0 -5960 -1190 1432
5 0.000 1 1 254 2 -4 0 -5970 -1252 1407
6 0.000 3 1 254 -2 -2 -1 -5960 -1210 1422
6 0.000 4 0 256 0 0 -1 -5917 -1205 1475
5 0.000 2 2 252 2 4 -3 -6017 -1257 1417
5 0.000 2 1 256 1 6 -2 -5980 -1190 1470
6 0.000 1 0 256 -2 -1 4 -5980 -1265 1422
6 0.000 0 2 259 -1 -5 3 -5927 -1232 1485
6 0.000 2 0 257 0 -1 2 -5937 -1227 1442
6 0.000 3 -1 254 0 3 5 -5960 -1210 1427
5 0.000 3 0 255 1 -3 3 -5922 -1227 1475
6 0.000 3 -2 258 4 1 2 -5975 -1295 1402
6 0.000 4 -1 255 2 -2 -2 -5912 -1305 1442
5 0.000 2 2 255 -1 -1 -5 -5937 -1270 1490
6 0.000 1 3 254 3 4 -7 -5970 -1200 1427
5 0.000 2 1 252 3 5 -13 -5995 -1215 1465
5 0.000 3 1 258 1 6 -12 -6000 -1232 1480
7 0.000 4 1 256 1 1 -10 -6007 -1257 1407
5 0.000 2 3 256 -2 8 -4 -5980 -1265 1397
6 0.000 1 1 254 0 2 2 -5950 -1265 1432
6 0.000 1 2 256 -5 3 5 -5985 -1280 1475
5 0.000 1 3 256 2 6 1 -5937 -1252 1437
6 0.000 0 1 255 -3 -1 1 -5970 -1295 1407
6 0.000 1 1 259 0 -1 2 -5995 -1200 1437
6 0.000 1 -1 255 1 -3 -5 -5965 -1190 1470
6 0.000 1 1 254 -3 4 -11 -6022 -1152 1465
5 0.000 1 -1 258 0 0 -8 -5975 -1242 1422
6 0.000 1 1 255 0 0 -11 -5980 -1305 1442
7 0.000 3 0 257 2 -3 -4 -5985 -1295 1465
5 0.000 0 1 256 0 0 -1 -5970 -1270 1427
6 0.000 3 0 254 0 -5 5 -5955 -1237 1427
5 0.000 2 1 257 2 0 8 -5932 -1237 1412
5 0.000 3 1 256 1 2 13 -6000 -1265 1407
7 0.000 2 3 255 1 1 8 -5980 -1252 1417
5 0.000 -1 1 256 2 -3 12 -5965 -1285 1442
6 0.000 0 2 253 3 -1 7 -5965 -1247 1465
5 0.000 3 1 254 1 0 11 -5970 -1280 1437
5 0.000 2 0 254 1 -4 3 -5975 -1295 1452
6 0.000 -1 -1 256 -2 -1 5 -5965 -1305 1412
6 0.000 2 -1 257 1 -2 7 -5995 -1275 1385
5 0.000 2 -1 257 1 0 1 -5985 -1290 1427
6 0.000 2 2 257 -1 -3 2 -5990 -1265 1452
5 0.000 2 -1 255 3 -2 4 -5960 -1252 1480
5 0.000 3 -1 259 2 3 4 -5975 -1265 1485
7 0.000 3 1 254 0 1 4 -5950 -1285 1465
5 0.000 4 1 254 1 0 2 -5960 -1232 1470
6 0.000 5 0 255 2 7 0 -5955 -1222 1475
5 0.000 2 0 255 -1 6 -4 -5955 -1270 1457
6 0.000 0 0 259 1 1 -7 -5950 -1227 1480
7 0.000 0 1 257 -2 1 -9 -5980 -1257 1407
5 0.000 0 0 256 1 -1 -11 -5990 -1242 1437
6 0.000 2 0 255 4 1 -10 -5975 -1275 1470
6 0.000 4 1 257 -1 3 -12 -5960 -1285 1407
5 0.000 2 1 254 1 6 -11 -5960 -1295 1427
7 0.000 1 -1 257 3 3 -11 -5965 -1265 1470
6 0.000 2 2 257 -4 4 -11 -5970 -1247 1452
5 0.000 1 4 257 -1 4 -9 -5990 -1290 1390
6 0.000 1 3 254 4 6 -10 -6027 -1227 1422
6 -0.014 1 3 257 2 2 -1 -6007 -1242 1432
5 0.000 1 -1 256 2 -4 -2 -6000 -1265 1442
7 0.000 -2 4 257 1 -2 -3 -5990 -1252 1427
6 0.000 -1 0 255 0 0 7 -6027 -1270 1417
5 0.000 1 0 257 3 -1 6 -5995 -1270 1452
6 -0.014 1 0 255 2 -4 7 -5975 -1270 1442
5 0.000 2 3 254 0 -4 6 -5975 -1247 1432
6 0.000 3 -1 255 3 0 2 -5970 -1265 1480
6 0.000 1 1 257 1 -2 -3 -6000 -1265 1447
5 0.000 3 0 257 2 2 -5 -5975 -1280 1480
6 0.000 3 1 255 1 -1 -5 -5995 -1252 1442
6 0.000 2 0 256 -4 2 -5 -5985 -1227 1470
6 -0.014 3 -1 255 0 5 -7 -5980 -1275 1397
6 0.000 3 -1 256 -1 5 -3 -5985 -1270 1432
6 0.000 2 1 254 -2 -2 -6 -5995 -1252 1452
5 0.000 1 0 255 6 1 -9 -5965 -1247 1422
6 0.000 1 1 255 2 -2 -1 -6000 -1237 1365
6 0.000 2 -1 255 2 -3 5 -6007 -1280 1407
6 0.000 3 -1 256 0 4 3 -5970 -1252 1432
6 0.000 2 2 255 -3 -3 4 -6007 -1242 1432
5 0.000 2 -1 256 0 2 6 -6007 -1242 1427
5 0.000 2 2 254 0 0 -2 -5980 -1252 1480
7 0.000 2 1 256 2 -2 -8 -5985 -1265 1417
6 0.000 1 1 256 -1 2 -15 -5965 -1257 1500
5 0.000 0 2 256 0 -1 -20 -5950 -1210 1442
6 0.000 0 0 255 -1 -3 -22 -5980 -1242 1495
6 0.000 1 3 252 4 7 -19 -5990 -1270 1385
6 0.000 2 0 257 1 0 -17 -5932 -1270 1447
6 0.000 3 1 255 -2 3 -11 -5975 -1270 1452
6 0.014 2 -3 254 4 3 -2 -6007 -1270 1412
5 0.000 1 3 252 5 4 7 -6007 -1257 1422
6 0.000 1 3 256 3 4 12 -6007 -1252 1432
6 0.000 1 1 255 4 1 11 -6017 -1247 1390
5 0.000 1 -1 257 4 0 4 -5970 -1252 1452
6 0.000 1 1 255 2 2 -1 -6012 -1257 1447
5 0.000 2 1 258 1 -1 -6 -5985 -1232 1437
5 0.000 0 1 255 1 -5 -4 -5942 -1237 1465
6 0.000 0 0 256 -1 -1 -9 -5932 -1265 1432
5 0.000 2 -1 257 -5 1 -1 -5970 -1270 1442
5 0.000 3 1 256 1 0 -6 -6007 -1312 1475
6 0.000 3 2 255 4 4 0 -5985 -1327 1422
5 0.000 4 2 256 3 5 -1 -5965 -1270 1500
6 0.000 3 0 258 3 5 2 -5995 -1232 1485
6 0.000 0 2 255 3 3 4 -5975 -1247 1475
6 0.000 -1 0 257 1 4 1 -5990 -1252 1412
6 0.000 0 1 256 0 1 7 -5995 -1275 1470
5 0.000 1 0 257 2 -5 4 -5917 -1305 1452
6 0.000 2 -1 256 2 -3 -1 -5955 -1265 1465
6 0.000 1 1 259 0 2 1 -5980 -1232 1442
5 0.000 2 1 258 -2 3 -1 -5942 -1227 1470
6 0.000 5 -1 254 2 0 1 -6007 -1290 1465
5 0.000 3 1 254 2 7 1 -6007 -1290 1485
6 0.000 3 0 257 -1 6 -3 -5985 -1342 1437
5 0.000 2 1 256 3 6 -5 -5990 -1270 1432
5 0.000 2 1 257 1 4 -4 -5995 -1285 1432
6 0.000 1 0 256 0 1 -1 -5975 -1257 1452
5 0.000 -1 3 255 -1 3 -1 -5985 -1270 1422
6 0.000 1 0 255 0 -2 -6 -5950 -1290 1417
6 0.000 3 0 255 0 3 -1 -5955 -1265 1452
5 0.000 2 1 255 -2 5 -2 -5975 -1265 1452
6 0.000 2 0 256 -2 1 2 -5965 -1252 1490
5 0.000 2 0 255 0 0 1 -5975 -1270 1447
5 0.000 2 1 255 -3 2 2 -5922 -1275 1525
6 0.000 -1 0 254 0 4 3 -6000 -1257 1475
6 0.000 -1 0 257 2 1 -4 -5942 -1265 1457
6 0.000 0 1 256 1 1 -2 -5955 -1305 1457
6 -0.014 3 1 258 2 -1 -1 -5985 -1215 1412
5 0.000 0 -1 254 -1 -2 0 -5980 -1210 1437
6 0.000 4 0 255 0 1 -3 -5965 -1237 1437
6 0.000 2 -1 255 3 -1 -1 -5995 -1290 1397
5 0.000 1 -1 261 2 0 -6 -6032 -1280 1437
6 0.000 1 -1 259 2 -2 -8 -6007 -1252 1437
6 0.000 1 -1 253 -1 -1 -6 -5955 -1285 1437
5 0.000 0 2 256 -3 -6 0 -5960 -1280 1407
6 0.000 1 2 255 -2 1 0 -5950 -1257 1402
5 0.000 3 1 256 5 3 -1 -6007 -1252 1432
5 0.000 0 1 254 4 1 2 -5970 -1270 1457
6 0.000 2 1 256 1 6 -1 -5995 -1232 1442
5 0.000 3 0 256 2 6 2 -5965 -1247 1470
6 0.000 1 0 255 -2 2 -4 -6000 -1257 1442
7 0.000 1 3 257 2 -3 2 -5980 -1275 1470
5 0.000 2 -1 252 2 0 4 -5985 -1257 1412
6 0.000 0 1 254 2 -3 1 -5965 -1270 1385
5 0.000 0 2 258 2 -3 -2 -5990 -1252 1452
5 0.000 1 1 252 0 2 -3 -5955 -1265 1485
7 0.000 4 0 255 2 -2 -2 -5965 -1265 1480
5 0.000 3 -1 254 -3 5 -5 -5950 -1232 1465
6 0.000 1 2 256 0 2 0 -5975 -1227 1457
5 0.000 1 0 256 3 -1 -1 -5975 -1290 1417
5 0.000 2 0 257 4 1 -3 -5985 -1327 1495
6 0.000 1 2 256 -1 1 3 -5985 -1242 1437
5 0.000 1 1 254 4 2 0 -5932 -1232 1447
6 0.000 2 1 255 1 2 2 -5942 -1305 1480
5 0.000 1 -1 256 1 0 0 -5942 -1280 1452
5 0.000 -1 0 258 -4 3 -5 -5995 -1295 1505
6 0.000 3 0 259 -1 -1 -1 -6000 -1312 1432
6 0.000 1 0 257 2 -1 -2 -5985 -1280 1432
5 0.000 1 2 255 1 4 -3 -6000 -1247 1447
6 0.000 2 2 254 -1 0 0 -6012 -1275 1432
5 0.000 0 0 257 1 5 1 -6012 -1237 1500
6 0.000 -1 1 254 2 1 4 -5970 -1247 1447
6 0.000 1 -2 257 2 1 5 -5970 -1290 1412
5 0.000 -1 1 259 -2 -4 2 -5975 -1270 1442
6 0.000 2 1 257 -2 -5 0 -5927 -1257 1475
5 0.000 3 0 257 2 -2 3 -5932 -1290 1442
5 0.000 1 2 256 -2 1 -2 -5955 -1247 1465
6 0.000 1 3 255 2 1 -3 -6022 -1257 1407
5 0.000 2 0 256 2 1 -3 -5995 -1252 1437
6 0.000 1 0 255 3 0 -1 -6022 -1252 1427
5 0.000 2 2 257 2 3 -4 -5975 -1305 1475
5 0.000 1 0 256 -2 -5 -1 -5960 -1247 1432
6 0.000 1 1 255 -2 2 -3 -5950 -1232 1505
6 0.000 1 1 258 0 3 -3 -5965 -1295 1457
5 0.000 2 1 256 4 3 2 -5995 -1295 1465
6 0.000 1 1 257 0 2 1 -5990 -1295 1490
5 0.000 2 1 252 -1 1 2 -6000 -1242 1470
6 0.000 1 2 255 2 0 1 -5965 -1247 1422
6 0.000 2 0 256 2 -1 3 -5960 -1252 1427
6 0.000 2 1 257 -2 -2 3 -5995 -1252 1437
6 0.000 0 3 256 2 -3 0 -6057 -1265 1417
5 0.000 2 -1 255 3 2 0 -6042 -1265 1437
6 0.000 -1 1 257 1 -1 -3 -5995 -1275 1427
5 0.000 3 2 255 0 4 6 -5950 -1265 1447
6 0.000 2 1 255 2 -2 4 -6012 -1252 1447
5 0.000 3 2 259 -1 0 3 -5990 -1237 1485
7 0.000 1 0 255 -1 0 5 -5980 -1247 1427
5 0.000 -2 4 260 1 -1 -2 -5980 -1265 1457
5 0.000 2 1 255 1 -2 7 -5975 -1247 1427
6 0.000 2 1 257 -2 2 -3 -5965 -1270 1437
5 0.000 2 -1 256 2 5 0 -5942 -1232 1495
5 0.000 1 2 254 -1 0 1 -5942 -1300 1470
6 0.000 1 0 254 1 3 3 -6000 -1247 1457
5 0.000 1 2 256 4 4 -2 -5980 -1270 1490
6 0.000 3 2 257 0 0 -3 -6000 -1290 1437
5 0.000 2 0 255 -1 6 -3 -5995 -1275 1427
5 0.000 1 1 254 3 -2 0 -5980 -1232 1470
6 0.000 1 1 255 4 2 1 -5960 -1290 1437
5 0.000 -1 1 256 0 2 2 -5985 -1270 1442
6 0.000 3 -1 255 2 1 6 -5990 -1290 1442
6 0.000 1 2 254 -2 -1 8 -6022 -1290 1432
5 0.000 1 1 256 3 -2 6 -5990 -1257 1452
7 0.000 2 2 255 1 0 6 -5980 -1285 1437
5 0.000 1 3 254 -2 2 8 -5965 -1265 1457
6 0.000 2 2 255 2 2 2 -6000 -1285 1452
6 0.000 1 2 256 0 2 2 -5975 -1285 1437
5 0.000 2 -2 254 3 0 -1 -5975 -1252 1422
6 0.000 3 0 255 3 3 -1 -5985 -1285 1480
5 0.000 0 2 255 0 0 -4 -5985 -1285 1452
6 0.000 3 0 256 2 -1 0 -6022 -1252 1447
6 0.000 0 -1 254 0 2 1 -6007 -1252 1457
5 0.000 2 0 258 1 0 1 -5942 -1252 1475
6 0.000 -1 0 256 1 2 -3 -6017 -1247 1457
5 0.000 2 0 257 -1 2 2 -6000 -1285 1505
5 0.000 1 2 256 0 1 1 -6007 -1275 1465
6 0.000 1 1 256 1 -2 3 -5975 -1265 1432
5 0.000 2 1 258 1 -2 2 -5995 -1270 1485
6 0.000 2 -1 255 5 -2 -2 -5970 -1232 1422
6 0.000 3 0 254 1 0 4 -5970 -1247 1457
5 0.000 -1 1 255 2 6 -1 -5990 -1222 1437
6 0.000 0 1 258 1 4 -2 -5980 -1257 1390
5 0.000 0 1 255 -2 -2 -1 -5975 -1237 1437
5 0.000 2 -1 257 2 -2 1 -5975 -1252 1422
7 0.000 2 1 256 2 0 5 -5985 -1232 1452
5 0.000 2 0 256 2 -2 3 -5975 -1237 1452
6 0.000 1 2 257 1 5 4 -5995 -1237 1465
5 0.000 2 1 256 1 2 2 -6007 -1242 1452
6 0.000 3 -3 256 2 5 3 -6007 -1237 1442
6 0.000 0 -1 257 -1 2 0 -5985 -1280 1480
5 0.000 3 0 256 1 2 0 -5942 -1247 1447
6 0.000 1 2 256 0 -2 -2 -6012 -1295 1480
5 0.000 2 2 256 -1 0 2 -5980 -1227 1485
5 0.000 0 2 257 -1 -4 3 -5990 -1280 1432
6 0.000 0 1 257 -1 -4 4 -5975 -1265 1452
6 0.000 1 0 257 7 1 0 -5970 -1210 1452
6 0.000 2 2 256 2 1 4 -5980 -1270 1442
5 0.000 1 2 254 3 -4 7 -5970 -1295 1422
5 0.000 2 -2 255 1 -1 5 -5985 -1270 1495
6 0.000 0 1 255 0 0 7 -5995 -1247 1437
6 0.000 2 1 256 2 2 6 -5965 -1295 1490
6 0.000 1 2 259 0 -1 8 -5990 -1322 1427
5 0.000 1 3 257 1 1 8 -5965 -1257 1452
5 0.000 2 0 257 -1 1 5 -5980 -1275 1442
6 0.000 2 2 257 0 1 3 -5937 -1275 1427
5 0.000 2 0 256 1 2 -2 -5960 -1247 1437
7 0.000 -1 2 258 3 4 -3 -5975 -1227 1442
5 0.000 2 0 256 -1 1 -2 -5990 -1257 1427
5 0.000 2 -1 258 3 1 -1 -6022 -1237 1470
6 0.000 0 1 254 3 0 1 -5995 -1242 1480
5 0.000 3 1 255 5 -2 2 -6007 -1285 1447
7 0.000 4 -1 257 6 3 7 -5965 -1270 1452
6 0.000 2 1 257 1 2 6 -5995 -1275 1407
5 0.000 1 1 258 -1 -1 3 -5965 -1290 1390
6 0.000 2 2 257 2 -2 2 -6007 -1295 1437
5 0.000 1 2 256 3 0 1 -6000 -1215 1447
7 0.000 1 3 253 2 -3 -4 -5980 -1195 1452
6 0.000 1 1 254 7 -1 -2 -5985 -1215 1437
5 0.000 2 1 253 -2 -1 -4 -5975 -1275 1447
6 0.000 2 1 254 -2 -2 -2 -6007 -1247 1452
6 0.000 1 2 256 5 -3 -5 -5955 -1227 1447
6 0.000 2 1 257 -2 2 2 -5942 -1222 1442
6 0.000 2 1 253 -1 0 3 -5942 -1285 1437
5 0.000 1 2 256 5 3 6 -5937 -1295 1422
5 0.000 0 1 254 0 1 6 -5980 -1242 1432
6 0.000 -1 0 254 2 1 4 -5932 -1205 1375
5 0.000 1 0 259 3 -2 -2 -5965 -1195 1407
7 0.000 1 0 256 5 -1 1 -5975 -1242 1432
5 0.000 2 4 256 0 -1 2 -5985 -1247 1447
5 0.000 2 1 253 1 3 5 -5995 -1237 1457
6 0.000 2 2 253 0 6 5 -5995 -1247 1432
5 0.000 1 1 257 0 -1 4 -5970 -1332 1437
7 0.000 1 0 256 -3 4 3 -5980 -1280 1470
5 0.000 2 0 256 4 -2 5 -5980 -1280 1422
5 0.000 0 1 254 3 2 1 -6012 -1270 1360
6 0.000 0 2 258 5 -4 2 -6000 -1280 1407
5 0.000 3 1 255 -3 -1 5 -5970 -1227 1422
7 0.000 3 1 256 1 0 0 -5970 -1257 1427
5 0.000 3 0 256 -2 4 0 -5960 -1237 1397
5 0.000 1 2 253 2 3 0 -6000 -1275 1407
6 0.000 0 -1 258 2 0 -4 -6000 -1305 1447
5 0.000 2 0 255 -1 3 1 -6007 -1280 1447
6 0.000 0 1 255 1 3 -2 -5970 -1317 1500
6 0.000 1 3 257 2 0 -1 -5937 -1290 1422
5 0.000 1 2 255 4 0 5 -5965 -1252 1452
6 0.000 2 1 256 2 -1 7 -5985 -1252 1417
6 0.000 0 1 256 -2 2 -2 -5985 -1257 1470
6 0.000 1 -2 256 3 0 0 -5995 -1332 1432
6 0.000 1 2 254 -1 1 -2 -5960 -1237 1437
5 0.000 2 -1 257 2 0 2 -6012 -1247 1427
5 0.000 2 -1 256 -1 0 -2 -5950 -1257 1457
6 0.000 3 1 253 3 2 -1 -5980 -1257 1457
6 0.000 1 3 258 1 3 0 -6000 -1285 1465
6 0.000 1 1 256 5 3 0 -6000 -1270 1442
6 0.000 2 -1 257 3 2 3 -6022 -1242 1412
5 0.000 1 0 256 0 3 5 -6017 -1265 1407
6 0.000 1 -1 257 3 -2 3 -6057 -1252 1397
5 0.000 1 0 257 0 3 -2 -5985 -1222 1437
5 0.000 1 2 254 2 -1 0 -5995 -1265 1380
6 0.000 3 0 257 2 2 0 -5975 -1280 1427
5 0.000 4 4 256 3 1 0 -5955 -1275 1365
6 0.000 1 2 256 1 5 -1 -5985 -1275 1422
5 0.000 0 1 257 0 0 -1 -5955 -1312 1432
6 0.000 2 1 255 1 1 -1 -5985 -1252 1437
6 0.000 2 2 255 0 -2 -1 -6007 -1295 1437
5 0.000 1 -1 256 2 2 -2 -6012 -1280 1457
6 0.000 1 3 254 0 -1 -3 -5995 -1270 1432
6 0.000 1 3 255 1 -2 -4 -5970 -1232 1412
6 0.000 2 0 257 1 3 -1 -5950 -1210 1465
6 0.000 3 0 257 1 -2 -5 -6007 -1252 1422
5 0.000 3 1 256 1 4 -6 -5975 -1232 1457
5 0.000 3 -2 253 3 2 -3 -5970 -1232 1457
6 0.000 3 0 256 0 4 -2 -5980 -1237 1417
6 0.014 2 1 255 2 4 -1 -5985 -1242 1452
6 0.000 -2 3 257 -1 7 2 -5950 -1227 1447
6 0.000 1 1 257 0 1 -4 -5990 -1242 1432
5 0.000 -1 2 254 1 1 -2 -5950 -1280 1375
6 0.000 0 4 256 -3 0 -3 -5960 -1232 1422
6 0.000 1 0 254 1 -2 -7 -5950 -1252 1412
6 0.000 2 1 256 -2 -4 -11 -5990 -1285 1485
6 0.000 1 1 257 -1 0 -10 -5980 -1275 1475
6 0.000 3 0 253 1 -4 -9 -5960 -1247 1465
5 0.000 1 1 255 1 4 -10 -5955 -1242 1442
6 0.000 2 1 257 2 -1 -11 -5922 -1257 1452
7 0.000 1 2 258 4 -1 -4 -5970 -1242 1452
5 0.000 3 -1 257 4 1 0 -5995 -1285 1475
6 0.000 2 0 256 0 3 1 -6007 -1252 1457
5 0.000 2 0 256 -2 3 4 -5995 -1285 1475
6 0.000 3 0 257 3 -3 -3 -6007 -1232 1442
7 0.000 0 3 254 3 -1 -3 -5937 -1285 1412
5 -0.014 1 2 256 -2 0 -4 -5975 -1295 1402
5 0.000 1 1 257 1 -1 -3 -6022 -1222 1437
6 0.000 3 1 254 2 -7 1 -5985 -1285 1465
5 0.000 3 2 256 2 -1 4 -5960 -1290 1470
6 0.000 1 0 253 3 -1 6 -6007 -1265 1457
6 0.000 2 1 253 5 -2 5 -5985 -1317 1427
5 0.000 2 0 256 1 -3 4 -5990 -1317 1485
6 0.000 3 0 253 -2 -2 1 -5970 -1257 1452
5 0.000 2 2 257 -1 -2 1 -5990 -1215 1457
6 0.000 2 2 254 -1 0 5 -5960 -1200 1437
7 0.000 -1 1 256 4 -3 2 -5965 -1252 1457
5 0.000 2 0 255 0 -2 4 -6012 -1305 1447
6 0.000 2 0 255 1 3 -1 -6000 -1285 1485
5 0.000 2 1 256 3 -1 -1 -5990 -1252 1457
5 0.000 2 1 260 -2 -5 -3 -6007 -1295 1402
7 0.000 3 1 255 1 2 -7 -5937 -1265 1422
5 0.000 4 2 257 1 4 -8 -5980 -1295 1427
6 0.000 3 1 255 -1 6 -8 -6007 -1275 1452
6 0.000 0 3 255 0 4 -8 -5975 -1275 1442
5 0.000 0 -2 255 0 -4 -3 -5995 -1275 1442
7 0.000 0 -2 255 1 -1 -7 -6017 -1210 1432
6 0.000 1 0 258 -4 3 -11 -6017 -1265 1432
5 0.000 3 1 254 4 3 -5 -6007 -1237 1437
6 0.000 2 2 254 2 2 -2 -5995 -1275 1432
5 0.000 1 1 255 -1 -1 -3 -6007 -1305 1390
5 0.000 1 0 256 4 -2 -1 -5980 -1280 1437
7 0.000 2 0 257 1 3 -5 -5995 -1265 1457
5 0.000 -1 1 255 0 0 -4 -6017 -1265 1452
5 0.000 3 0 258 -3 -3 -7 -5970 -1295 1475
6 0.000 2 -2 257 5 -2 -3 -5985 -1300 1432
5 0.000 4 1 257 0 -1 1 -5985 -1280 1402
6 0.000 1 4 260 3 0 3 -6000 -1265 1437
6 0.000 2 2 253 3 3 2 -5922 -1312 1480
5 0.000 3 -1 254 -1 -2 4 -5960 -1312 1417
6 0.000 1 1 259 -1 1 1 -5960 -1295 1500
5 0.000 1 0 253 1 -1 3 -5950 -1285 1442
6 0.000 0 1 255 2 2 -3 -5950 -1290 1417
6 0.000 0 1 251 2 3 -5 -6000 -1290 1452
5 0.000 0 2 257 -3 2 3 -5990 -1275 1422
6 0.000 1 -2 254 2 -4 1 -5965 -1280 1465
6 0.000 1 2 258 4 -5 2 -5970 -1270 1412
5 0.000 3 0 256 1 -4 -3 -5995 -1257 1475
7 0.000 3 1 256 1 -1 0 -6017 -1247 1470
5 0.000 2 -1 256 1 1 -3 -6007 -1312 1470
5 0.000 5 -2 256 3 3 -2 -5990 -1237 1442
6 0.000 3 -3 259 1 1 -2 -5980 -1247 1485
5 0.000 1 2 255 -1 2 -1 -6007 -1210 1432
6 0.000 0 -1 259 0 -1 -1 -6007 -1257 1442
6 0.000 0 0 257 1 -2 -1 -6000 -1305 1457
5 0.000 3 2 257 2 -4 4 -5985 -1285 1470
6 0.000 2 0 251 3 -5 4 -5985 -1270 1447
6 0.000 0 1 256 1 -3 -2 -5980 -1237 1505
6 0.000 -1 2 257 4 -5 -1 -5932 -1265 1500
6 0.000 0 1 256 0 -5 -4 -6000 -1257 1447
6 0.000 1 0 255 0 -8 -10 -5970 -1275 1500
5 0.000 0 0 256 -1 -7 -5 -5970 -1275 1442
6 0.000 1 1 257 -4 -10 -4 -5950 -1285 1485
6 0.000 5 -1 255 5 -3 -3 -5970 -1257 1452
6 0.000 5 -1 257 4 -5 -2 -6007 -1265 1447
5 0.000 5 3 255 2 -7 -2 -6007 -1290 1457
5 0.000 3 2 254 4 7 3 -6047 -1305 1475
6 0.000 4 0 254 1 1 -1 -5990 -1285 1452
5 0.000 1 2 258 1 2 -3 -5995 -1247 1470
6 0.000 -1 1 255 1 -2 -3 -5970 -1295 1475
5 0.000 1 0 256 -1 -4 -7 -5965 -1295 1432
5 0.000 -1 0 256 1 -3 -4 -5942 -1270 1470
6 0.000 0 1 254 3 -9 -4 -5937 -1257 1442
7 0.000 4 -1 257 -2 -10 1 -5942 -1237 1437
5 0.000 5 -1 256 4 -5 2 -5985 -1300 1422
5 0.000 2 -1 253 -3 5 -1 -5960 -1295 1427
6 0.000 1 0 256 4 0 1 -5975 -1247 1437
5 0.000 5 -2 256 -2 -2 -3 -5985 -1317 1437
6 0.000 1 -1 253 0 7 -12 -5980 -1285 1442
6 0.000 2 -2 258 3 6 -13 -5970 -1275 1475
6 0.000 1 0 259 3 1 -11 -5990 -1252 1480
5 0.000 2 1 254 1 -2 -3 -6007 -1242 1457
6 0.000 -1 3 256 4 -4 6 -5970 -1275 1505
5 0.000 0 2 258 2 -2 14 -5995 -1295 1452
5 0.000 0 -2 256 3 -1 17 -6000 -1327 1480
6 0.000 -1 2 254 4 -1 11 -5980 -1305 1495
5 0.000 2 1 255 6 1 11 -6007 -1232 1447
5 0.000 2 2 254 3 2 9 -5965 -1280 1452
6 0.000 3 -1 256 0 2 5 -5960 -1242 1427
5 0.000 2 1 255 3 4 7 -5955 -1317 1397
6 0.000 0 2 257 4 4 6 -5955 -1322 1452
5 0.000 0 -2 259 -1 -8 18 -5960 -1285 1432
5 0.000 -2 -1 255 7 -4 21 -5965 -1265 1407
6 0.000 0 0 257 5 -8 31 -5970 -1242 1485
7 0.000 4 5 252 -2 2 27 -5980 -1285 1407
5 -0.014 6 2 255 6 3 25 -5965 -1342 1452
6 0.000 6 1 254 0 2 23 -5990 -1305 1437
5 0.000 5 -3 255 2 2 14 -5985 -1305 1447
5 0.000 5 -2 254 3 7 11 -5985 -1280 1465
7 0.000 5 2 255 -2 5 8 -6017 -1232 1465
5 0.000 1 3 253 2 6 5 -6047 -1265 1495
6 0.000 3 0 257 2 2 5 -5985 -1257 1470
6 0.000 3 -1 255 1 -3 4 -5980 -1237 1495
5 0.000 5 -2 255 3 5 4 -5990 -1265 1470
6 0.000 5 1 257 2 3 10 -5995 -1247 1465
5 0.000 3 0 257 0 3 7 -5980 -1242 1407
6 0.000 4 1 255 1 1 1 -5985 -1210 1417
6 0.000 2 1 256 2 5 -1 -5975 -1270 1452
5 0.000 2 1 255 2 3 -7 -5980 -1280 1465
6 0.000 2 0 255 2 5 -14 -5990 -1280 1417
6 0.000 0 1 256 2 4 -15 -5985 -1300 1417
5 0.000 1 1 258 2 1 -12 -5985 -1280 1452
6 0.000 0 0 254 -1 1 -17 -5995 -1237 1437
5 0.000 1 0 255 -2 4 -17 -5970 -1257 1447
5 0.000 1 0 254 2 0 -18 -6007 -1300 1432
7 0.000 -1 -1 256 -1 -3 -20 -5980 -1252 1457
6 0.000 -1 1 254 3 -2 -12 -5990 -1305 1412
5 0.000 -1 2 252 2 -1 -7 -6000 -1300 1465
6 0.000 2 1 256 3 -1 -1 -5907 -1300 1417
6 0.000 1 3 254 3 0 0 -5927 -1275 1457
5 -0.014 4 0 256 1 -1 5 -6022 -1232 1422
6 0.000 7 2 253 4 -3 2 -5965 -1257 1452
5 0.000 5 0 254 7 3 4 -5990 -1215 1457
5 0.000 5 1 254 1 5 1 -5942 -1280 1465
6 0.000 2 1 255 3 6 2 -5995 -1300 1495
5 0.000 2 1 254 1 1 -2 -6022 -1265 1500
6 0.000 2 0 254 3 4 -2 -5965 -1290 1412
5 0.000 0 2 255 -1 6 -4 -5990 -1247 1495
5 0.000 2 1 255 5 3 -6 -5955 -1242 1465
6 0.000 3 1 254 1 6 -7 -5980 -1295 1417
5 0.000 3 2 256 2 3 -10 -5942 -1280 1437
7 0.000 1 1 254 3 8 -5 -5927 -1295 1437
5 0.000 4 -1 254 3 10 -5 -6012 -1295 1422
5 0.000 1 1 255 4 10 2 -6012 -1265 1365
6 0.000 -1 2 256 4 6 3 -5985 -1290 1390
5 0.000 -2 2 253 2 2 6 -5980 -1270 1452
6 0.000 -1 1 256 0 2 10 -5985 -1257 1437
6 0.014 1 0 257 5 -1 13 -5960 -1290 1510
5 0.000 3 0 255 3 6 13 -5990 -1275 1437
6 0.000 5 2 257 4 6 12 -5942 -1257 1485
6 0.000 5 -1 253 3 7 5 -5965 -1270 1380
5 0.000 3 1 256 3 5 3 -5985 -1275 1457
6 0.000 -1 2 256 3 2 1 -5937 -1285 1457
5 0.000 1 -2 256 5 6 5 -5960 -1300 1465
6 0.000 0 3 258 0 5 8 -5990 -1275 1447
5 0.000 -2 3 255 5 2 13 -5965 -1257 1427
5 0.000 -3 3 255 2 1 14 -5970 -1265 1452
7 0.000 -1 -1 255 0 1 10 -5965 -1265 1427
5 0.000 -1 0 256 3 -1 3 -5927 -1270 1442
5 0.000 0 0 255 2 4 2 -5960 -1270 1422
6 -0.014 2 2 256 6 3 0 -5950 -1280 1457
5 0.000 4 2 254 3 6 -1 -5980 -1290 1437
7 0.000 5 2 257 3 6 3 -6047 -1237 1447
5 0.000 5 -1 253 4 4 4 -5980 -1257 1412
5 0.000 2 1 258 1 4 2 -6007 -1280 1437
6 0.000 2 1 256 0 7 2 -5970 -1275 1370
5 0.000 -1 1 256 -1 0 0 -6000 -1222 1417
6 0.000 0 1 254 1 2 1 -6027 -1275 1402
5 0.000 0 2 256 0 3 -3 -6017 -1312 1452
5 0.000 2 -2 256 -1 -2 -3 -6000 -1280 1452
6 0.000 2 1 254 -1 -1 -10 -6000 -1300 1422
5 0.000 2 0 253 1 0 -9 -5995 -1257 1495
5 0.000 4 2 256 1 2 -11 -5990 -1252 1452
7 0.000 3 1 253 4 8 -8 -5980 -1237 1457
6 0.000 2 4 257 1 -1 11 -5975 -1285 1485
5 0.000 2 5 254 4 -2 17 -5955 -1270 1412
6 0.000 2 0 255 4 4 17 -5985 -1247 1427
6 0.000 2 2 254 -2 6 22 -5975 -1290 1490
5 0.000 1 0 255 3 0 24 -6007 -1237 1427
6 0.000 1 1 254 0 -2 23 -6027 -1265 1457
5 0.000 -2 2 255 3 1 19 -5995 -1222 1465
5 0.000 -1 2 254 1 -1 9 -5937 -1295 1437
7 0.000 0 0 254 2 -5 2 -5942 -1317 1447
5 0.000 -1 0 253 -3 -7 -6 -5960 -1257 1465
5 0.000 1 0 254 0 2 -17 -6007 -1270 1447
6 0.000 3 1 257 6 5 -27 -6017 -1227 1432
5 0.000 3 -1 257 0 0 -28 -5990 -1257 1437
6 0.000 -1 1 257 -1 -3 -32 -5975 -1222 1412
6 0.000 1 -1 253 -2 -3 -36 -5955 -1257 1427
6 0.014 3 1 256 2 0 -23 -5975 -1280 1417
5 0.000 3 4 256 1 1 -15 -5980 -1295 1447
6 0.000 0 3 259 1 -1 1 -5912 -1257 1490
6 0.000 1 3 257 2 -2 9 -5950 -1247 1437
6 0.000 5 1 255 1 -5 24 -5980 -1265 1447
6 0.000 1 2 257 3 1 37 -5970 -1257 1390
5 0.000 2 2 254 5 -3 36 -5942 -1265 1432
5 0.000 3 0 255 6 -3 37 -6000 -1257 1457
6 -0.014 1 1 255 2 -3 35 -6007 -1210 1427
6 0.000 1 1 258 2 -4 26 -6007 -1265 1495
5 0.000 3 0 253 -1 2 11 -6022 -1252 1470
6 0.000 2 1 256 3 0 -2 -5970 -1232 1495
5 0.000 3 2 256 0 6 -18 -5955 -1232 1480
5 0.000 2 2 256 3 3 -32 -5970 -1247 1427
7 0.000 3 2 253 -1 1 -39 -5990 -1275 1422
5 0.000 3 -1 255 0 5 -42 -5975 -1252 1437
5 0.000 2 2 252 -3 2 -45 -5975 -1265 1442
6 0.000 2 -1 252 -5 5 -42 -5970 -1295 1422
5 0.000 2 0 254 1 4 -39 -5917 -1285 1470
5 0.014 1 2 258 2 1 -30 -5932 -1257 1475
7 0.000 2 1 255 -3 -1 -29 -5965 -1215 1407
5 0.000 2 1 257 -1 6 -28 -5980 -1237 1422
5 0.000 3 -1 255 0 4 -20 -5980 -1275 1465
6 0.000 2 -2 256 -2 4 -9 -5970 -1327 1422
5 0.000 2 0 256 2 5 -11 -5995 -1300 1457
5 0.000 -2 5 255 3 1 -3 -5975 -1300 1442
6 0.014 -1 3 258 -3 0 5 -5927 -1232 1447
5 0.000 1 0 256 0 0 5 -5990 -1295 1442
5 0.000 1 -1 257 4 -5 2 -5965 -1242 1437
6 0.000 -1 1 254 4 -2 0 -5955 -1275 1437
6 0.000 0 3 254 0 -7 -7 -5955 -1317 1452
6 0.000 1 0 255 -1 4 -10 -5950 -1257 1452
6 0.000 3 -1 255 0 -3 -9 -5975 -1265 1442
5 0.000 4 1 253 4 1 -6 -5927 -1265 1447
6 0.000 3 2 253 2 3 9 -5960 -1270 1442
6 0.000 2 1 255 1 -4 16 -5995 -1265 1452
5 0.000 0 2 255 4 1 20 -5995 -1280 1470
6 0.000 3 1 255 3 -3 23 -5932 -1280 1432
5 0.014 2 0 256 5 0 25 -6000 -1257 1485
5 0.000 3 -2 252 -4 1 26 -6007 -1242 1475
6 0.000 -1 -1 254 1 4 27 -5995 -1195 1480
5 0.000 -1 0 256 3 1 31 -5990 -1265 1427
5 0.000 -1 2 254 -2 -1 24 -5960 -1270 1432
6 0.000 -1 -1 258 -2 -2 17 -6017 -1237 1465
6 0.000 0 0 256 3 12 15 -5990 -1270 1447
5 0.000 0 16 262 -2 1 15 -5955 -1280 1427
7 0.000 -5 19 264 -1 -50 15 -5922 -1257 1537
6 0.000 7 -38 254 -15 -15 -1 -5927 -1257 1475
5 -0.014 3 -35 244 7 58 -19 -5897 -1222 1422
5 0.000 4 7 256 20 36 -18 -5960 -1237 1452
5 -0.014 -2 25 260 -3 -8 -2 -6000 -1265 1452
7 0.000 4 15 266 6 -11 9 -5942 -1222 1452
6 0.000 4 0 258 -5 -25 26 -5942 -1247 1480
5 0.000 3 -11 252 -6 -12 26 -5985 -1265 1452
5 0.000 9 -21 252 11 27 25 -6057 -1252 1452
6 0.000 2 -8 251 10 27 31 -6007 -1265 1525
7 -0.014 -1 14 260 -1 4 42 -6000 -1237 1417
5 0.000 -4 16 260 4 -19 53 -5927 -1227 1470
5 0.000 4 -4 250 3 -13 40 -5970 -1252 1437
6 0.000 5 -10 249 5 15 26 -5975 -1242 1485
6 0.000 3 -4 253 4 25 19 -5990 -1242 1485
5 0.000 1 3 256 8 7 15 -5950 -1222 1480
6 0.000 -1 7 260 2 -6 21 -5975 -1232 1442
5 0.000 1 0 252 -4 -11 23 -5975 -1270 1480
5 0.000 4 -2 252 5 7 20 -5980 -1265 1490
6 -0.014 2 0 255 4 16 15 -5985 -1242 1417
6 0.000 2 2 253 2 6 13 -5985 -1180 1437
6 0.000 0 5 257 2 0 16 -5975 -1265 1452
6 0.000 2 0 258 -2 -4 16 -5942 -1205 1457
5 0.000 4 0 253 4 3 8 -5975 -1222 1427
5 0.000 8 5 254 0 8 6 -5955 -1222 1465
6 0.000 5 2 256 2 5 3 -5980 -1215 1417
6 0.000 5 2 257 0 -1 1 -6000 -1205 1437
6 0.000 5 0 257 0 7 -9 -5980 -1222 1422
5 0.014 4 0 255 -4 7 -19 -5995 -1237 1470
5 0.000 3 6 255 -1 8 -25 -5907 -1205 1407
6 0.000 -2 0 255 0 -9 -37 -5980 -1242 1417
7 0.000 1 -3 259 -7 -10 -51 -5960 -1247 1465
5 0.000 0 0 253 -3 0 -59 -6007 -1265 1470
5 0.014 2 4 253 1 13 -58 -5970 -1247 1452
6 0.000 1 3 256 -2 11 -50 -5965 -1227 1432
5 0.000 1 2 257 1 4 -52 -5995 -1222 1407
5 0.000 -1 2 257 -5 -3 -47 -6032 -1252 1447
5 0.000 1 2 256 -3 9 -26 -6000 -1265 1432
6 0.000 2 -1 258 0 -1 -21 -5980 -1252 1480
5 0.014 0 0 260 0 -3 -11 -5980 -1215 1442
5 0.014 1 1 254 0 0 -5 -5932 -1265 1422
6 0.000 0 2 255 4 4 -4 -5970 -1270 1480
5 0.000 1 3 255 -5 6 4 -5927 -1252 1422
5 0.000 0 0 257 0 -1 10 -5950 -1242 1437
6 0.000 0 3 254 3 -6 11 -5970 -1265 1532
5 0.000 2 4 254 -2 3 11 -5995 -1270 1470
6 0.000 -1 3 256 1 2 11 -5980 -1252 1465
6 0.000 1 0 254 2 6 7 -5990 -1265 1465
5 0.000 0 -1 256 0 4 8 -5995 -1252 1437
6 0.000 0 1 257 0 1 3 -5990 -1247 1465
6 0.000 -1 2 256 -1 2 4 -5927 -1237 1495
6 0.000 -1 1 254 2 -1 -2 -5942 -1242 1465
6 0.000 0 0 253 4 -1 -5 -5990 -1265 1447
5 0.000 0 -1 256 0 3 -6 -5985 -1252 1490
5 0.000 1 2 257 4 0 -6 -5965 -1270 1505
6 0.000 2 2 254 -1 -3 -6 -6000 -1242 1442
5 0.000 4 0 259 2 -3 -3 -5985 -1252 1490
5 0.000 3 -1 256 4 -1 -1 -5975 -1185 1470
6 0.000 2 -3 256 4 -1 -2 -5995 -1237 1417
5 0.000 2 1 255 0 5 -1 -5990 -1257 1447
5 0.000 4 2 254 3 0 3 -5942 -1222 1437
6 0.000 2 3 255 2 4 6 -5955 -1210 1470
5 0.000 3 1 256 0 1 7 -5970 -1252 1495
6 0.014 1 0 255 -1 -3 5 -6017 -1252 1465
5 0.000 1 0 256 1 1 3 -5960 -1270 1470
5 0.000 1 2 255 -2 2 4 -5995 -1222 1442
6 0.000 3 -1 256 2 3 1 -6000 -1210 1447
6 0.000 2 2 255 -2 -3 1 -5970 -1247 1465
6 0.000 1 1 255 2 -1 -9 -6007 -1252 1465
5 0.000 1 1 255 0 4 -4 -6000 -1247 1437
5 0.000 2 2 256 0 0 -3 -6012 -1285 1447
6 0.000 4 1 256 -2 -1 -2 -6027 -1215 1432
5 0.000 2 1 255 1 3 -4 -6022 -1242 1442
5 0.000 3 2 256 -1 -1 2 -6047 -1205 1432
6 0.000 3 -1 253 1 1 -3 -5980 -1227 1402
5 0.014 2 0 257 0 1 2 -5990 -1200 1447
6 0.000 1 0 255 2 1 5 -5965 -1232 1465
5 0.000 2 1 255 -1 0 2 -5960 -1242 1417
5 0.000 0 1 254 3 -2 1 -5960 -1242 1417
6 0.000 -1 1 257 -1 3 -2 -5970 -1285 1417
5 0.000 0 1 256 2 -2 1 -5970 -1227 1480
5 0.000 2 3 256 0 0 2 -5917 -1215 1465
6 0.000 0 3 255 3 1 -3 -5927 -1222 1447
6 0.000 1 0 257 2 0 -4 -5937 -1247 1465
6 0.000 3 1 255 2 -2 0 -5965 -1242 1452
5 0.000 2 2 257 0 -2 4 -5965 -1227 1422
5 0.000 1 3 257 0 -4 5 -5995 -1237 1442
6 0.000 1 1 256 -3 3 4 -5980 -1242 1510
6 0.000 3 -4 252 2 0 1 -5990 -1227 1510
6 0.000 1 -2 255 0 4 -1 -5985 -1227 1490
5 0.000 1 3 258 -1 8 0 -5937 -1222 1457
5 0.000 -1 5 259 -3 0 0 -5965 -1185 1457
6 0.000 -1 2 253 -2 -3 1 -5980 -1270 1452
5 0.000 3 -2 256 -3 -1 -2 -5942 -1265 1470
5 0.000 2 -4 252 3 2 -2 -6007 -1265 1475
6 0.000 1 -2 252 3 8 -2 -6012 -1247 1432
5 0.000 1 5 255 2 4 1 -5985 -1247 1480
5 0.000 3 2 257 -2 -5 4 -5970 -1275 1470
6 0.000 3 0 255 0 -5 4 -5995 -1265 1457
6 0.000 4 2 252 2 4 1 -5990 -1222 1457
6 0.000 2 0 256 1 3 3 -6007 -1210 1442
5 0.000 2 2 255 2 4 5 -5990 -1265 1475
5 0.000 2 2 255 3 0 4 -5942 -1222 1452
6 0.014 1 0 253 0 0 2 -5980 -1242 1470
6 0.000 0 1 255 1 -3 -2 -5955 -1227 1490
6 0.000 2 -2 259 -2 2 3 -5975 -1275 1515
5 0.014 0 0 256 2 2 -5 -6000 -1312 1505
5 0.000 0 2 255 4 5 -4 -5990 -1290 1500
6 0.000 1 1 256 1 5 -5 -5970 -1205 1422
5 0.000 1 1 256 2 -1 -6 -6007 -1222 1442
7 0.000 2 -1 255 1 -1 -4 -6012 -1242 1457
6 0.000 1 -1 254 2 0 -5 -5950 -1257 1495
5 0.000 1 2 256 1 3 0 -5965 -1227 1532
6 0.000 1 3 257 0 4 2 -5960 -1190 1525
5 0.000 1 4 255 2 0 4 -6027 -1265 1432
6 0.000 0 2 255 4 2 2 -6012 -1265 1442
6 0.000 0 0 255 0 -5 -1 -5980 -1252 1422
5 0.000 0 1 258 3 1 -1 -5985 -1275 1437
6 0.000 0 0 254 3 -1 -1 -5965 -1265 1500
5 0.000 0 3 256 0 1 2 -5960 -1237 1480
6 0.000 1 1 255 0 -1 1 -5995 -1252 1475
6 0.000 1 2 253 2 2 -1 -5975 -1257 1470
5 0.000 3 1 256 4 4 2 -5965 -1237 1447
6 0.000 3 1 258 1 3 2 -5995 -1247 1437
5 0.000 3 1 254 1 2 1 -5995 -1237 1505
6 0.000 3 4 254 2 -2 4 -5965 -1195 1480
6 0.000 3 2 254 3 2 3 -5970 -1252 1442
5 0.014 1 1 254 2 2 1 -5960 -1222 1427
6 0.000 1 0 256 3 1 3 -6017 -1265 1465
5 0.000 2 3 256 1 3 -3 -5985 -1222 1422
6 0.014 1 0 255 0 -2 1 -6012 -1257 1490
7 0.000 0 1 255 2 1 -1 -6007 -1232 1465
5 0.000 2 1 255 -1 0 -4 -5995 -1247 1457
6 0.000 2 0 256 3 2 -2 -5975 -1232 1447
5 0.000 3 1 254 1 -3 -1 -5922 -1227 1432
5 0.000 3 2 255 2 1 0 -5932 -1257 1442
7 0.000 3 2 255 -1 1 0 -5970 -1232 1447
5 0.000 3 0 260 3 0 1 -5927 -1257 1465
6 0.000 0 1 255 0 0 2 -5965 -1205 1447
6 0.014 2 2 258 3 2 1 -5980 -1247 1485
6 0.000 0 2 255 2 -1 2 -5975 -1232 1470
6 0.000 2 2 256 -4 -1 1 -5985 -1205 1452
5 0.000 0 1 255 1 -1 -1 -6000 -1265 1457
5 0.000 2 -1 255 -1 0 0 -5985 -1210 1470
6 0.000 2 -1 256 4 3 -3 -5942 -1270 1457
5 0.000 2 1 256 -1 1 0 -5932 -1215 1412
5 0.000 3 0 254 3 1 -3 -5985 -1205 1452
6 0.000 2 1 256 -3 0 0 -5990 -1252 1437
5 0.000 3 -1 255 4 -2 4 -5985 -1215 1432
6 0.000 1 3 254 1 1 2 -5970 -1247 1432
6 0.000 1 0 254 3 5 6 -5995 -1252 1442
6 0.000 2 1 254 1 3 2 -5970 -1265 1422
6 0.014 1 0 254 2 0 1 -6000 -1232 1452
5 0.000 -1 2 254 6 -1 0 -6042 -1247 1422
5 0.014 1 -2 257 0 1 0 -6012 -1210 1475
6 0.000 0 1 256 2 0 -1 -6000 -1232 1432
6 0.000 0 0 256 -4 3 0 -5980 -1210 1470
6 0.000 2 1 255 3 1 0 -5980 -1190 1485
5 0.000 3 1 260 0 0 0 -6007 -1290 1485
6 0.000 1 -1 254 3 1 3 -5970 -1265 1442
6 0.000 3 0 254 3 -2 4 -5995 -1200 1432
5 0.000 2 2 255 2 1 1 -5932 -1227 1470
7 0.000 2 0 255 1 0 3 -5975 -1252 1447
5 0.000 3 0 255 2 -3 3 -5990 -1247 1457
6 0.014 0 0 254 1 1 1 -5980 -1270 1417
6 0.000 1 1 256 2 2 1 -5980 -1242 1447
5 0.000 2 1 256 0 5 3 -5955 -1215 1500
7 0.014 1 0 254 3 -1 2 -5990 -1247 1475
5 0.000 1 0 257 3 -1 0 -6000 -1252 1470
6 0.000 2 0 257 2 0 -3 -5932 -1285 1457
6 0.000 1 1 256 2 1 -1 -5985 -1265 1457
5 0.000 1 3 255 1 -5 0 -5980 -1242 1480
7 0.000 2 0 256 1 -1 1 -5922 -1300 1447
5 0.000 2 1 257 -3 -2 2 -5937 -1247 1475
5 0.000 2 0 253 0 4 1 -5960 -1232 1505
6 0.000 5 1 257 3 -1 1 -5990 -1247 1475
5 0.000 2 1 257 1 2 -3 -6032 -1222 1465
7 0.014 0 -1 253 2 2 4 -6000 -1205 1465
5 0.000 0 2 257 3 1 1 -5995 -1242 1515
5 0.000 1 2 256 1 0 -1 -5990 -1237 1510
6 0.014 1 -1 256 4 1 -2 -5965 -1222 1427
5 0.000 0 1 257 4 5 -2 -5942 -1265 1500
6 0.000 2 1 257 -1 -1 0 -5927 -1232 1447
7 0.000 2 1 257 2 -4 -1 -5942 -1280 1470
5 0.000 2 2 255 1 -2 1 -5942 -1257 1442
6 0.000 2 1 256 1 2 -3 -5950 -1247 1470
5 0.000 3 1 254 0 3 -1 -5980 -1242 1422
5 0.000 3 2 257 1 0 3 -5975 -1252 1437
7 0.000 1 4 255 2 0 3 -5970 -1257 1465
5 0.000 2 0 257 1 0 2 -5960 -1290 1447
6 0.014 3 0 256 2 -1 2 -5950 -1265 1475
5 0.000 1 1 255 1 1 -3 -5955 -1222 1475
5 0.000 2 -1 254 0 2 2 -5965 -1222 1480
7 0.014 1 1 254 1 3 -1 -5970 -1237 1432
5 0.000 1 -1 257 -2 -2 -3 -5980 -1247 1490
5 0.000 0 1 255 2 -1 -2 -5960 -1227 1475
6 0.000 3 0 255 -2 -2 -3 -5985 -1227 1432
5 0.000 2 1 255 1 -1 4 -6007 -1232 1485
6 0.000 2 0 254 2 -3 1 -5937 -1215 1457
7 0.000 4 0 253 2 0 0 -6000 -1222 1457
5 0.000 0 1 256 3 0 4 -5965 -1270 1427
6 0.000 3 0 254 4 0 1 -5960 -1285 1412
5 0.000 2 0 256 0 -1 2 -5937 -1252 1427
6 0.014 1 1 257 4 3 0 -6007 -1222 1465
6 0.000 1 1 257 -3 0 -1 -5990 -1242 1475
5 0.000 -1 0 252 3 -1 0 -6012 -1232 1457
6 0.014 3 1 254 1 -1 -4 -5942 -1237 1452
5 0.000 1 2 254 1 2 -1 -5937 -1237 1407
5 0.000 2 1 256 -2 0 -3 -5965 -1247 1447
7 0.000 2 2 254 -2 -4 2 -5955 -1227 1465
5 0.000 1 4 256 3 2 -1 -5970 -1247 1452
6 0.000 1 1 254 0 0 3 -5980 -1237 1495
5 0.000 3 0 253 1 1 -2 -5980 -1242 1407
5 0.000 2 0 255 3 1 2 -5960 -1265 1465
6 0.000 0 1 256 5 2 2 -5955 -1265 1447
6 0.000 2 1 253 1 0 4 -6012 -1252 1485
6 0.014 2 0 253 -3 4 3 -5995 -1242 1437
5 0.000 2 0 255 3 3 0 -6007 -1210 1485
5 0.000 1 -1 253 3 0 0 -5942 -1222 1437
6 0.000 1 2 255 0 4 2 -5950 -1265 1480
6 0.000 3 0 256 0 -2 1 -5965 -1275 1452
6 0.000 1 0 254 3 0 0 -5980 -1270 1437
5 0.000 1 0 256 -1 3 2 -5980 -1222 1475
5 0.000 1 2 256 1 0 3 -5960 -1210 1490
6 0.000 2 1 255 3 4 0 -6000 -1227 1442
5 0.000 0 2 256 2 -3 2 -5950 -1215 1442
6 0.000 1 3 256 2 1 0 -5965 -1252 1457
5 0.000 2 3 257 4 2 0 -5980 -1265 1432
6 0.000 1 1 254 0 -2 3 -5980 -1275 1447
5 0.000 1 0 256 -1 1 -3 -6022 -1205 1457
5 0.000 1 1 257 0 1 2 -5990 -1222 1452
6 0.000 1 1 256 2 0 -1 -5985 -1237 1475
5 0.000 2 1 254 3 -1 0 -5985 -1247 1427
6 0.000 1 1 254 1 -1 -1 -5985 -1265 1452
6 0.000 2 2 254 1 3 4 -5960 -1195 1457
5 0.000 0 1 253 1 5 2 -6007 -1237 1417
7 0.000 2 1 255 2 2 -2 -5965 -1270 1470
5 0.000 1 2 256 2 2 1 -5965 -1265 1452
6 0.000 2 1 255 5 2 1 -5985 -1185 1442
5 0.000 0 2 253 3 1 0 -5965 -1252 1485
5 0.000 1 1 258 -1 6 0 -6037 -1265 1485
6 0.000 2 1 255 1 1 1 -5975 -1242 1500
6 0.000 1 1 256 1 0 -2 -5927 -1185 1402
5 0.000 2 3 256 -1 1 1 -5985 -1210 1427
6 0.000 1 0 257 -1 0 3 -5922 -1175 1417
6 0.000 -1 1 259 3 1 3 -5995 -1257 1442
5 0.000 0 0 252 3 2 -3 -5995 -1280 1485
6 0.000 2 -1 256 4 0 3 -5965 -1252 1470
5 0.000 1 0 254 -1 1 0 -6007 -1247 1490
6 0.000 1 2 255 2 2 1 -6000 -1210 1465
5 0.000 2 3 256 4 1 1 -5970 -1265 1465
6 0.000 1 2 256 1 2 5 -5960 -1237 1412
6 0.000 1 2 256 0 1 -1 -5995 -1237 1465
5 0.000 3 0 255 0 -1 0 -5975 -1257 1437
5 0.000 1 1 255 2 1 1 -5955 -1270 1465
6 0.000 2 0 256 -1 2 -2 -5955 -1232 1442
6 0.000 2 1 254 -1 3 4 -5950 -1242 1520
6 0.000 1 1 255 1 -3 4 -5990 -1237 1437
5 0.000 1 0 254 3 2 -1 -5985 -1270 1480
5 0.000 1 1 257 0 -3 0 -5980 -1242 1427
6 0.000 3 0 255 1 -1 3 -6007 -1252 1437
6 0.000 3 1 253 1 3 -2 -5942 -1247 1457
6 0.000 1 -1 254 0 1 2 -5975 -1242 1510
6 0.000 1 1 257 1 -3 4 -5975 -1232 1437
5 0.000 2 4 257 2 -1 -2 -6007 -1275 1500
6 0.000 1 1 256 0 4 -1 -5990 -1215 1470
5 0.000 1 1 256 2 1 2 -5990 -1232 1427
6 0.000 2 -1 255 -3 -3 -2 -5965 -1280 1457
6 0.000 2 0 254 4 0 3 -5995 -1247 1475
5 0.000 1 1 257 -3 2 2 -5970 -1222 1437
6 0.000 1 1 254 0 2 1 -5990 -1252 1432
5 0.000 -1 -1 254 -1 2 -2 -5960 -1242 1447
6 0.000 2 1 254 3 5 1 -5995 -1252 1432
6 0.000 1 0 256 1 2 -1 -5975 -1300 1495
5 0.000 2 1 256 4 1 2 -5985 -1270 1465
6 0.000 2 3 256 3 2 -2 -6022 -1290 1505
6 0.000 3 1 254 -2 0 4 -5990 -1237 1457
6 0.000 2 1 256 1 2 2 -5932 -1257 1475
6 0.000 2 0 256 -1 2 2 -5955 -1252 1437
5 0.000 1 1 256 -1 3 -1 -5932 -1270 1485
6 0.000 2 0 256 2 3 0 -5942 -1247 1490
6 0.000 1 2 253 7 2 2 -6000 -1275 1447
5 0.000 1 2 257 -2 1 0 -5985 -1232 1432
6 0.000 1 2 251 -2 -1 -2 -5955 -1247 1452
5 0.000 2 2 251 3 1 -2 -5950 -1205 1447
5 0.000 1 1 258 -1 0 0 -5990 -1252 1485
6 0.000 0 -1 255 1 2 2 -6007 -1290 1447
5 0.000 3 2 256 4 -2 -2 -5995 -1265 1427
7 0.000 2 1 257 2 2 2 -6017 -1205 1457
5 0.000 3 1 257 3 2 -2 -5980 -1205 1412
5 0.000 0 0 257 -1 4 -2 -5942 -1247 1417
6 0.000 0 1 256 -2 -1 3 -5975 -1215 1442
5 0.000 2 -1 254 -1 4 -1 -5942 -1285 1495
6 0.000 2 0 254 -1 -1 2 -5955 -1312 1447
6 0.000 4 1 253 2 0 1 -6022 -1247 1475
5 0.000 1 0 257 2 1 1 -5965 -1275 1510
6 0.000 2 -1 255 -1 0 2 -5922 -1237 1465
5 0.000 3 1 257 -1 0 -1 -5965 -1227 1452
5 0.000 1 2 254 0 -1 -4 -6012 -1227 1437
6 0.000 2 1 255 0 2 0 -5975 -1247 1475
5 0.000 3 1 256 4 -1 3 -5980 -1257 1465
6 0.000 1 1 256 2 4 -1 -5980 -1227 1447
6 0.000 1 -1 256 -1 4 3 -5942 -1190 1475
5 0.000 1 0 256 1 0 2 -5955 -1247 1437
7 0.000 2 1 256 2 0 0 -5960 -1237 1485
5 0.000 2 1 257 2 1 -1 -5970 -1275 1485
6 0.000 2 2 255 3 -2 -1 -5970 -1242 1475
6 0.000 2 -1 255 2 1 1 -5942 -1205 1490
5 0.000 3 -1 254 3 -5 2 -5942 -1232 1485
7 0.000 1 1 253 1 1 2 -5937 -1222 1505
5 0.000 2 0 256 3 2 3 -6007 -1237 1465
5 0.000 2 -1 254 3 1 -3 -5950 -1280 1470
6 0.000 2 1 255 4 4 -4 -5965 -1247 1485
5 0.000 0 3 256 0 0 2 -5990 -1295 1447
6 0.000 1 3 258 2 1 -2 -5970 -1270 1442
5 0.000 1 1 255 -3 -1 1 -5995 -1290 1407
5 0.000 2 1 257 3 1 0 -6007 -1252 1407
6 0.000 1 1 255 1 -2 -2 -6052 -1237 1442
5 0.000 1 1 257 2 1 1 -5990 -1257 1375
6 0.000 1 1 252 1 -2 -2 -5937 -1280 1500
6 0.000 2 1 254 4 0 0 -5922 -1275 1520
5 0.000 2 0 257 1 -2 0 -5937 -1275 1470
6 0.000 0 2 254 2 0 1 -5965 -1200 1475
5 0.000 2 1 256 2 1 1 -5985 -1222 1475
6 0.000 2 0 260 -2 3 3 -5985 -1210 1432
6 0.000 2 0 256 0 3 0 -5980 -1252 1452
5 0.000 1 2 255 -2 0 -1 -5985 -1195 1442
6 0.000 -1 1 253 1 4 -1 -5942 -1242 1432
5 0.000 3 0 256 3 -1 0 -5985 -1232 1437
6 0.000 3 2 257 2 0 3 -5990 -1242 1465
5 0.000 2 0 255 2 1 0 -5975 -1280 1457
5 0.000 2 -1 255 0 1 2 -5990 -1275 1465
6 0.000 4 2 255 1 0 0 -5985 -1232 1465
5 0.000 1 1 257 0 3 -1 -5965 -1257 1452
6 0.000 0 2 258 1 -1 0 -5985 -1270 1432
5 0.000 2 0 256 2 -1 0 -5970 -1242 1442
5 0.000 0 0 255 2 0 0 -5955 -1252 1465
6 0.000 2 -1 258 -1 -1 1 -6012 -1270 1442
5 0.000 1 0 254 2 4 -2 -6007 -1247 1427
6 0.000 3 1 253 4 4 0 -6000 -1252 1457
5 0.000 0 3 257 3 1 0 -5995 -1215 1470
6 0.000 1 2 252 -2 3 1 -5990 -1280 1442
6 0.000 3 0 255 3 -1 3 -5975 -1242 1412
5 0.000 2 1 255 4 1 1 -5980 -1270 1500
5 0.000 3 1 256 0 -1 -1 -5980 -1265 1437
7 0.000 0 2 253 2 3 -1 -6000 -1242 1470
5 0.000 2 1 256 0 1 -1 -5932 -1257 1500
6 0.000 3 0 255 2 4 1 -5970 -1215 1470
6 0.000 3 1 256 0 1 0 -5970 -1227 1470
5 0.000 2 0 256 2 0 1 -5975 -1210 1457
6 0.000 0 2 256 2 -1 2 -5970 -1252 1480
5 0.000 2 0 254 1 4 1 -5932 -1247 1490
6 0.000 2 1 256 1 2 0 -5917 -1280 1447
5 0.000 1 1 256 2 1 -2 -5932 -1280 1505
5 0.000 3 -2 254 -1 0 0 -5950 -1280 1447
6 0.000 2 2 255 -1 -2 0 -5942 -1237 1465
6 0.000 2 0 257 3 2 3 -5942 -1215 1442
5 0.000 1 0 254 0 0 -1 -5995 -1237 1470
6 0.000 1 2 256 0 2 2 -6007 -1270 1457
5 0.000 2 1 255 0 4 0 -5980 -1265 1465
6 0.000 1 3 255 4 0 -1 -6007 -1257 1422
6 0.000 2 1 256 4 3 1 -5942 -1222 1457
6 0.000 1 0 254 1 1 4 -5960 -1242 1457
5 0.000 2 3 258 4 4 1 -5970 -1222 1442
5 0.000 2 -2 254 1 2 1 -6000 -1237 1457
6 0.000 1 2 252 2 0 -1 -5942 -1215 1475
5 0.000 2 0 257 4 4 -2 -5975 -1215 1475
6 0.000 2 0 255 3 2 1 -5970 -1247 1452
5 0.000 2 2 255 1 4 -2 -5990 -1237 1510
5 0.000 -1 0 257 0 2 4 -5975 -1222 1437
6 0.000 1 2 254 3 -1 3 -5975 -1247 1465
5 0.000 2 -1 253 -1 -1 2 -5995 -1252 1505
6 0.000 2 2 256 2 0 0 -5950 -1280 1505
6 0.000 2 4 256 3 4 1 -5990 -1242 1427
5 0.000 0 1 254 -1 0 -2 -5950 -1247 1432
6 0.000 1 -2 254 1 -1 2 -5995 -1215 1470
5 0.000 2 1 252 4 -1 0 -5985 -1280 1457
6 0.000 2 1 254 3 -2 0 -5932 -1222 1532
6 0.000 1 3 255 3 2 2 -5932 -1252 1470
5 0.000 2 -1 254 2 3 3 -5932 -1270 1452
6 0.000 0 0 257 2 2 4 -6000 -1242 1432
5 0.000 1 0 256 1 0 0 -5990 -1257 1485
6 0.000 3 1 256 4 -3 2 -5975 -1252 1427
6 0.000 2 1 253 2 3 1 -5950 -1227 1495
5 0.000 3 2 255 0 5 -2 -6012 -1242 1432
6 0.000 2 0 255 4 -1 -3 -5995 -1242 1510
5 0.000 1 -1 256 0 2 4 -5975 -1252 1412
6 0.000 2 1 258 2 4 4 -5965 -1242 1412
6 0.000 4 1 254 -1 0 0 -5990 -1242 1385
5 0.000 1 1 255 4 0 2 -5990 -1222 1417
6 0.000 0 1 254 1 3 -3 -6000 -1247 1427
5 0.000 0 1 256 -3 1 2 -5990 -1242 1427
6 0.000 -1 2 255 2 -2 5 -5970 -1252 1452
7 0.000 -1 2 256 2 2 1 -6022 -1242 1490
5 0.000 -1 0 258 1 0 3 -5970 -1227 1490
6 0.000 2 2 256 -4 -1 1 -5970 -1215 1442
5 0.000 2 2 257 2 -1 3 -5990 -1285 1442
5 0.000 3 0 256 0 1 -2 -6012 -1300 1442
7 0.000 1 2 254 1 -1 2 -5975 -1270 1442
5 0.000 2 1 255 0 5 3 -5985 -1242 1465
6 0.000 2 0 258 1 -2 0 -5932 -1210 1490
5 0.000 3 -1 258 1 1 1 -5960 -1290 1427
5 0.000 0 1 254 3 0 3 -5970 -1252 1505
6 0.000 2 2 258 0 0 0 -5942 -1247 1452
5 0.000 2 0 254 0 0 0 -5955 -1227 1490
6 0.000 3 0 255 2 -1 2 -5970 -1222 1442
5 0.000 3 0 255 3 0 -1 -5985 -1257 1412
6 0.000 2 -1 254 1 4 -3 -5980 -1210 1480
6 0.000 1 1 257 -2 5 -2 -5995 -1232 1432
6 0.000 3 0 256 0 -2 0 -5960 -1232 1485
6 0.000 2 2 255 0 -2 -1 -5990 -1227 1495
6 0.000 1 1 256 3 -2 0 -5965 -1210 1427
5 0.000 1 1 253 1 2 -1 -5937 -1285 1427
6 0.000 2 0 255 0 1 2 -6032 -1227 1452
6 0.000 1 3 256 -1 -1 0 -5950 -1237 1432
5 0.000 2 0 255 5 1 -1 -5975 -1265 1442
6 0.000 2 1 254 6 -3 1 -5980 -1270 1452
5 0.000 2 1 257 2 -3 2 -5932 -1270 1437
6 0.000 0 2 255 2 2 -1 -5965 -1270 1500
5 0.000 2 0 255 1 2 0 -5970 -1280 1465
7 0.000 1 0 256 1 0 0 -5942 -1232 1457
6 0.000 2 1 258 2 1 2 -5980 -1252 1475
5 0.000 1 1 259 -2 1 4 -5985 -1252 1447
6 0.000 2 0 254 2 -1 3 -6017 -1175 1380
5 0.000 2 3 255 2 -1 2 -6017 -1232 1447
7 0.000 2 1 256 3 1 1 -5990 -1242 1397
6 0.000 1 0 255 -1 2 1 -5965 -1242 1465
5 0.000 2 0 257 -1 2 2 -5970 -1190 1470
6 0.000 -1 2 256 3 2 1 -5960 -1222 1475
5 0.000 2 1 255 2 4 4 -5975 -1237 1447
7 0.000 -1 1 253 2 0 1 -5970 -1215 1495
6 0.000 2 1 253 1 -2 -3 -5970 -1232 1452
5 0.000 1 1 256 2 0 2 -6007 -1227 1437
6 0.000 2 1 259 1 -1 -2 -5975 -1185 1427
5 0.000 3 2 255 -1 1 3 -6000 -1222 1437
6 0.000 2 2 255 1 5 2 -5975 -1232 1432
6 0.000 2 0 257 0 -1 3 -5922 -1215 1422
5 0.000 3 0 257 0 2 3 -5955 -1215 1475
6 0.000 1 2 253 4 2 5 -6000 -1252 1422
5 0.000 3 0 256 1 1 -3 -5960 -1265 1480
6 0.000 3 0 256 0 0 -2 -5965 -1222 1437
7 0.000 0 2 254 3 0 1 -5995 -1242 1452
5 0.000 2 1 255 6 0 3 -5965 -1290 1422
6 0.000 0 0 257 -1 1 2 -5975 -1247 1432
5 0.000 2 2 256 1 1 -1 -5965 -1265 1422
6 0.000 4 0 257 0 1 0 -6000 -1200 1475
5 0.000 2 2 257 5 0 -2 -6007 -1205 1470
5 0.000 2 0 257 4 -2 1 -5985 -1252 1447
6 0.000 2 2 257 0 0 1 -5960 -1247 1417
6 0.000 0 3 256 5 0 -1 -5965 -1270 1490
6 0.000 3 1 256 2 -2 1 -6007 -1227 1432
6 0.000 3 0 255 2 1 3 -5975 -1252 1442
5 0.000 1 4 257 0 2 -1 -6000 -1210 1417
6 0.000 3 1 256 2 -1 1 -5955 -1265 1485
6 0.000 2 1 256 -1 1 2 -5995 -1232 1485
5 0.000 0 1 253 -1 6 -1 -5960 -1247 1475
7 0.000 3 2 253 0 -5 0 -6007 -1232 1457
5 0.000 1 1 253 1 -1 -2 -5960 -1247 1475
5 0.000 1 0 257 4 -1 3 -5932 -1247 1510
6 0.000 1 3 255 1 0 0 -6000 -1237 1452
5 0.000 1 2 254 -1 -1 2 -5975 -1300 1480
6 0.000 2 2 253 2 1 1 -5970 -1247 1427
6 0.000 -1 1 253 3 3 1 -5980 -1247 1385
5 0.000 2 0 258 -1 0 -2 -5970 -1237 1437
6 0.000 2 1 256 2 -1 0 -5965 -1247 1407
5 0.000 2 0 253 0 4 0 -5965 -1232 1447
6 0.000 2 1 255 1 1 -2 -5975 -1215 1470
6 0.000 3 1 254 1 1 1 -5960 -1242 1437
5 0.000 2 2 255 3 0 -2 -5975 -1265 1442
6 0.000 4 -1 257 1 3 3 -5985 -1252 1432
5 0.000 2 -1 256 0 2 0 -5970 -1237 1485
5 0.000 2 1 255 5 1 1 -5942 -1237 1475
