6 0.000 2 -1 258 2 1 -2 3540 745 1905
7 0.000 0 -1 258 2 3 -6 3520 730 1875
5 0.000 -2 -1 256 3 3 -3 3540 792 1942
6 0.000 1 -2 257 0 -2 -4 3560 760 1885
5 0.000 1 0 255 -3 0 -9 3530 802 1885
6 0.000 0 -1 258 -2 -2 -11 3570 772 1910
6 0.000 -1 -2 258 -4 3 -10 3545 717 1905
6 0.000 -1 0 255 0 1 -9 3560 777 1942
6 -0.014 0 -2 256 4 3 -9 3560 772 1900
5 0.000 -3 1 254 -2 6 -5 3570 755 1900
6 0.000 0 1 256 3 -3 -1 3587 802 1910
5 0.000 1 2 256 0 -12 7 3632 777 1905
6 0.000 0 0 256 1 -22 18 3575 787 1947
6 0.000 0 0 255 5 -31 29 3565 797 1932
5 0.000 3 -5 258 2 -40 40 3570 782 1880
6 0.000 6 1 251 -2 -28 33 3602 772 1905
5 0.014 9 -1 255 7 -14 31 3550 777 1932
7 0.000 7 1 252 11 4 23 3550 777 1880
5 0.000 6 2 255 3 12 14 3545 777 1910
6 0.000 5 1 249 3 14 10 3550 792 1900
5 0.000 6 -4 257 6 20 17 3535 755 1925
5 0.000 6 -1 257 7 39 17 3570 760 1910
6 0.000 7 -2 257 5 50 24 3550 765 1870
6 0.014 4 3 253 1 55 31 3545 777 1952
6 0.000 3 0 258 -4 68 40 3560 730 1942
5 0.014 -9 4 252 -2 71 44 3555 777 1915
6 0.000 1 -3 257 -19 65 44 3507 725 1900
5 0.000 -5 -1 261 -7 48 30 3540 750 1910
6 0.014 -3 3 264 -10 22 14 3545 765 1942
6 0.000 -5 3 257 -15 18 -16 3555 777 1890
5 0.000 -5 -1 256 -14 26 -40 3592 725 1957
5 0.000 -5 -7 255 -3 25 -59 3582 750 1952
6 0.000 -7 -1 251 3 20 -65 3535 782 1967
6 0.014 -9 2 254 0 9 -67 3560 745 1920
5 0.000 -7 4 255 -4 1 -67 3550 772 1977
6 0.000 -4 2 260 -2 -10 -66 3530 755 1937
5 0.000 2 -2 251 -4 -8 -61 3565 755 1920
5 0.000 3 -6 255 1 -6 -59 3535 792 1890
6 0.014 6 -6 261 2 4 -52 3512 802 1932
5 0.000 7 2 255 7 6 -42 3582 782 1947
6 0.000 8 2 259 0 -8 -36 3535 760 1937
5 0.000 6 2 257 4 -24 -33 3535 807 1947
6 0.014 3 -3 248 25 -61 -28 3545 730 1967
6 0.000 9 -4 249 44 -103 -19 3520 740 1962
5 0.014 19 1 256 36 -113 0 3550 755 1932
6 0.014 24 1 269 17 -66 11 3550 797 1910
6 0.028 30 8 264 6 -6 12 3570 820 1857
5 0.000 24 4 255 -7 22 19 3602 807 1910
6 0.028 17 4 247 -9 30 16 3560 820 1885
7 0.028 8 -4 254 6 33 21 3540 815 1910
5 0.014 0 -1 258 5 29 20 3550 830 1920
6 0.028 -2 1 255 1 27 22 3550 797 1900
5 0.028 7 4 258 -2 32 27 3540 777 1905
6 0.028 15 2 260 -1 54 37 3545 765 1870
7 0.028 15 2 247 -10 74 32 3575 815 1947
5 0.028 17 -10 251 9 76 30 3565 745 1900
6 0.028 7 -3 252 11 75 23 3555 750 1932
6 0.028 7 -3 254 15 63 15 3520 777 1942
5 0.028 3 1 259 13 37 2 3497 765 1910
6 0.028 0 -2 255 14 13 7 3520 792 1905
6 0.028 -3 0 247 19 -6 2 3512 772 1920
5 0.028 2 1 251 18 -15 0 3525 772 1890
6 0.043 2 0 249 22 -34 10 3520 755 1905
5 0.028 0 -3 253 19 -53 6 3520 787 1895
5 0.043 13 -4 269 9 -67 13 3550 765 1920
6 0.057 14 0 262 14 -31 13 3502 815 1920
6 0.028 4 5 257 15 -22 10 3540 760 1905
5 0.043 8 5 264 5 -23 -18 3555 760 1910
6 0.043 8 2 261 -5 -18 -40 3587 797 1947
6 0.043 7 2 255 -15 -12 -70 3550 772 1910
6 0.043 8 -1 254 -5 -19 -96 3550 782 1910
5 0.043 9 -2 259 -11 -27 -108 3530 830 1890
6 0.057 7 -3 253 -7 -35 -105 3555 782 1885
6 0.028 5 0 246 -8 -63 -100 3602 777 1875
5 0.057 5 1 253 -9 -71 -88 3565 755 1880
6 0.043 10 0 255 -1 -89 -71 3570 782 1915
6 0.057 6 1 261 -8 -91 -59 3592 845 1870
6 0.071 12 1 263 -6 -73 -51 3565 777 1895
5 0.057 15 5 265 -17 -56 -62 3545 815 1870
5 0.057 11 1 262 -17 -21 -67 3507 772 1842
6 0.043 14 -1 256 -5 9 -88 3487 765 1885
6 0.057 10 -6 250 -17 49 -96 3512 815 1870
6 0.057 10 -1 250 8 63 -93 3612 830 1905
5 0.057 0 -4 253 8 70 -81 3597 845 1880
6 0.043 -1 1 254 -1 83 -58 3555 850 1890
6 0.057 -2 0 255 5 65 -33 3525 825 1875
5 0.057 -4 -3 251 13 51 -5 3540 877 1905
5 0.057 -4 -4 253 19 39 15 3512 882 1937
6 0.043 1 -1 254 4 40 25 3545 872 1925
5 0.043 1 -1 258 3 42 27 3492 840 1890
5 0.085 2 2 264 0 40 27 3540 825 1900
7 0.057 5 3 255 -4 51 16 3540 797 1865
5 0.043 2 1 258 -4 50 11 3530 820 1900
6 0.043 3 0 261 -2 57 -7 3492 807 1875
6 0.057 -4 -1 260 1 46 -18 3520 892 1942
5 0.057 -4 -1 263 -4 39 -23 3520 840 1937
6 0.057 -2 0 252 -8 21 -13 3525 845 1915
6 0.057 0 -3 257 4 14 6 3545 820 1962
5 0.057 -2 -1 256 4 -2 28 3555 850 1915
5 0.057 -3 3 261 -15 -28 37 3592 825 1895
6 0.057 -7 6 263 -32 -39 59 3535 845 1920
6 0.057 12 -4 247 -11 -153 47 3560 855 1910
6 0.142 11 -4 250 -27 -122 -2 3555 782 1925
6 0.071 9 -1 258 -5 -119 -17 3570 830 1895
5 0.057 12 -2 256 -15 -76 -22 3520 797 1925
6 0.071 16 -6 258 -12 -41 -17 3560 807 1910
5 0.057 10 -4 250 0 -21 -9 3550 855 1890
6 0.057 6 -2 253 8 -4 10 3560 855 1885
6 0.057 7 -5 253 6 -11 20 3555 835 1875
5 0.071 4 1 255 -28 1 43 3550 835 1910
6 0.071 4 -3 261 -8 -1 60 3570 815 1920
7 0.057 19 0 261 -9 37 57 3560 855 1900
5 0.071 15 -3 257 -2 38 69 3582 845 1875
5 0.057 13 -5 254 2 68 55 3550 855 1910
6 0.057 10 -1 257 -5 83 39 3587 840 1920
6 0.099 9 6 260 0 123 8 3582 777 1972
5 0.057 7 4 251 3 142 1 3592 815 1942
6 0.071 6 -1 245 5 147 14 3535 787 1905
6 0.071 4 -7 255 22 151 31 3550 777 1967
5 0.057 4 -5 263 9 153 50 3502 797 1925
5 0.071 1 3 266 -9 130 79 3535 825 1972
7 0.071 2 0 257 0 110 107 3525 815 1932
5 0.071 1 5 250 9 113 131 3492 807 1977
5 0.057 4 5 258 -3 127 153 3535 820 1952
6 0.071 4 11 262 25 144 144 3535 765 2005
6 0.071 3 8 253 2 168 108 3520 787 2020
5 0.071 3 4 260 13 172 63 3497 792 1972
6 0.071 -6 -7 254 13 165 7 3502 745 2010
6 0.085 -8 -9 260 12 147 -63 3560 730 1977
6 0.085 -11 -9 258 10 108 -99 3492 745 2005
5 0.071 -12 -5 249 13 56 -122 3472 765 2025
5 0.057 -12 2 250 -8 15 -132 3507 760 2030
5 0.085 -8 6 254 -11 -11 -125 3520 802 2010
6 0.071 -9 8 256 -26 -43 -110 3507 820 1967
6 0.085 -8 3 261 -26 -64 -84 3507 787 2000
6 0.071 -8 -2 256 -14 -82 -60 3497 792 1982
5 0.085 -7 -3 257 -18 -100 -45 3492 840 2010
6 0.071 -7 0 260 -31 -98 -37 3512 820 1995
5 0.071 -9 -2 262 -31 -97 -37 3507 782 2000
6 0.113 -10 -3 262 -10 -88 -29 3462 772 1972
6 0.071 -4 -10 262 24 -65 -17 3482 807 1942
6 0.071 -3 -8 255 43 -43 1 3502 802 1967
6 0.071 0 -7 259 39 -20 13 3525 845 2030
5 0.071 -2 -4 249 37 -16 38 3482 825 1987
6 0.071 2 -5 249 61 11 64 3502 840 1972
6 0.071 1 5 253 46 40 76 3435 840 1987
5 0.085 -2 6 251 40 63 84 3472 825 1967
6 0.057 -3 6 249 47 80 76 3512 797 1962
6 0.071 -7 4 249 45 88 71 3587 797 2005
5 0.071 -6 3 253 43 98 60 3565 815 1967
5 0.071 -7 -3 251 45 77 50 3540 840 2005
6 0.057 -7 -6 250 24 122 61 3482 755 1982
7 0.113 8 -5 253 38 123 83 3492 787 2050
5 0.071 4 7 260 18 130 112 3477 797 1972
5 0.057 -4 -1 255 34 134 128 3497 815 1977
6 0.071 -3 -4 250 47 180 146 3520 782 2015
6 0.071 -1 -3 249 69 219 152 3467 760 2005
5 0.071 0 -3 247 63 221 160 3497 750 1982
5 0.071 -1 3 266 72 193 154 3467 725 2020
6 0.071 9 1 271 3 218 119 3462 745 1972
6 0.057 -78 10 350 53 4 123 3430 760 2045
5 0.071 -134 30 163 117 -406 -45 3497 787 2015
5 0.071 36 -1 172 -89 -101 -102 3482 755 1982
6 0.085 -55 34 445 -210 -272 -180 3467 787 2020
5 0.099 -54 26 244 -112 -194 -186 3467 740 1987
5 0.071 22 -16 211 33 85 -123 3445 755 2035
5 0.071 28 -39 193 -155 -123 -61 3455 730 2045
5 0.071 62 -36 248 12 71 -9 3477 765 2082
7 0.071 -52 6 355 -106 -44 66 3487 765 1982
6 0.057 19 -14 266 -15 163 106 3487 802 1995
6 0.071 -65 3 404 -68 68 107 3520 797 2035
5 0.057 31 -10 243 75 28 141 3450 765 2030
5 0.057 -71 -14 255 -77 -101 91 3492 725 1987
6 0.057 23 -20 92 126 -3 158 3497 725 2010
6 0.057 -19 -10 223 -51 -99 67 3462 702 1995
6 0.085 86 0 136 -38 247 88 3492 745 2015
6 0.043 -79 39 506 -127 -194 35 3472 777 1995
5 0.057 20 7 188 23 260 73 3487 712 2000
6 0.057 -20 -6 197 -56 -28 69 3492 660 2025
5 0.043 89 -49 174 78 -102 108 3512 645 2040
6 0.057 22 9 155 -28 137 67 3472 725 2010
6 0.057 -1 17 454 -80 -126 123 3530 687 2010
6 0.043 28 -4 158 -15 -26 102 3435 655 1987
6 0.057 -53 15 287 -20 43 53 3492 702 2025
5 0.057 -22 -5 296 -17 -30 35 3525 670 2077
5 0.057 37 -14 238 2 134 3 3507 702 2035
6 0.057 -56 26 317 37 -192 3 3477 650 2010
6 0.085 -4 0 321 -46 -42 -20 3477 677 1972
6 0.057 -85 1 379 -42 -71 -36 3502 697 2020
5 0.057 -1 -8 100 -76 309 -9 3497 692 2015
5 0.057 -44 -3 417 18 -34 88 3502 670 2020
6 0.057 -7 0 406 -6 -190 155 3467 687 2030
6 0.057 -26 -39 340 146 -516 145 3502 670 2005
6 0.057 133 -51 212 16 8 112 3520 692 2000
5 0.057 -43 18 386 -20 -91 160 3520 645 2010
5 0.057 42 -11 163 -5 177 157 3492 640 1982
5 0.043 -88 -3 142 -17 14 53 3530 622 2072
6 0.057 26 15 371 3 -60 132 3487 612 1957
6 0.057 2 -17 242 10 -74 35 3530 655 2015
6 0.142 -85 -16 474 -120 -282 5 3525 640 2000
6 0.057 -45 33 107 13 113 -7 3487 622 1987
5 0.071 -134 42 288 -31 -51 -15 3502 645 1995
5 0.057 -1 -6 109 37 -148 19 3487 650 2010
5 0.057 34 -4 193 104 87 32 3512 645 2005
5 0.071 -6 -30 334 -73 -27 -8 3550 640 2005
6 0.057 0 1 234 40 -143 1 3525 650 2015
6 0.057 14 -1 195 32 -8 26 3512 602 1962
5 0.071 10 6 214 -24 -5 -17 3535 622 2010
6 0.071 -8 16 272 -80 -291 -52 3497 602 2015
6 0.057 45 -17 208 90 -309 -23 3525 627 1967
6 0.071 0 1 172 47 67 -70 3462 597 1982
5 0.085 13 7 295 -44 13 -24 3492 592 1947
5 0.057 2 2 301 -8 -38 14 3540 640 1952
7 0.071 4 -10 255 -21 -67 43 3507 670 1982
6 0.057 -6 -9 247 19 -87 57 3512 645 2045
6 0.071 3 -3 264 -26 -57 39 3525 617 1942
5 0.071 -7 0 261 -30 -70 36 3555 645 1995
5 0.057 -1 3 252 -20 -49 17 3560 635 1957
7 0.071 -6 5 245 -29 -56 6 3512 597 1910
6 0.071 -3 2 256 -13 -54 -5 3502 650 1947
5 0.057 -9 -7 264 8 -34 -4 3525 645 1920
5 0.057 -1 -6 265 -3 -13 0 3535 645 1947
6 0.085 -3 -5 263 9 -26 27 3570 665 2020
7 0.085 -1 -5 254 25 21 52 3502 592 1920
5 0.057 5 3 252 -3 63 56 3550 645 1932
6 0.057 -4 3 254 -1 67 65 3545 622 1947
6 0.071 3 -4 258 -6 80 52 3570 570 1972
5 0.057 4 -3 256 19 88 35 3525 612 1925
5 0.057 0 -2 237 15 94 40 3545 627 1972
7 0.057 -5 4 255 -22 85 29 3520 645 1947
5 0.057 -9 -2 266 17 59 24 3560 640 2010
5 0.071 -9 -4 253 19 65 14 3535 635 2005
6 0.071 -7 -9 250 -16 65 15 3525 645 1937
6 0.057 -3 0 215 114 -29 -44 3530 640 1962
6 0.057 -13 6 271 14 42 -63 3535 607 1900
5 0.057 -25 3 270 29 -14 -96 3497 640 1947
5 0.099 -10 -3 217 -4 -7 -61 3502 645 1977
6 0.057 -5 2 253 22 17 -57 3560 655 2010
6 0.057 3 3 265 21 -21 -46 3575 627 1942
6 0.057 -4 6 270 3 -48 -18 3592 665 1972
5 0.071 -8 3 256 -16 -6 -20 3525 645 2000
6 0.057 0 -1 231 -2 48 -24 3555 670 2000
6 0.057 -7 2 276 -12 78 -20 3525 635 2025
5 0.085 21 -2 272 36 50 -41 3507 597 1932
5 0.057 9 -9 246 8 116 -39 3520 650 1942
6 0.057 -1 -10 239 -4 -25 -51 3497 650 2000
6 0.071 6 -11 219 -15 -13 -66 3555 665 1972
5 0.057 -71 35 232 -115 -268 -86 3520 645 2050
5 0.099 -1 -4 196 76 98 -121 3512 622 2020
5 0.057 15 7 283 -18 -144 -126 3435 670 1977
5 0.071 21 -14 222 20 -28 -147 3462 645 1962
6 0.071 -20 8 260 27 -146 -133 3497 717 1972
6 0.071 -76 5 268 -58 -116 -142 3512 687 1910
6 0.071 1 -5 203 79 -22 -137 3497 670 1900
6 0.071 15 -1 256 111 -123 -129 3520 687 1932
5 0.057 51 -12 338 -6 -121 -87 3477 730 1900
5 0.071 24 0 322 -60 -16 -121 3545 702 1900
5 0.057 8 11 304 -19 -45 -82 3540 745 1915
5 0.085 -27 -4 249 33 -107 -113 3507 702 1915
6 0.099 10 8 254 -12 -20 -91 3502 702 1900
6 0.057 9 -3 250 28 40 -94 3555 755 1925
5 0.071 3 -3 268 42 58 -91 3575 755 1962
5 0.085 -2 2 252 0 44 -77 3550 782 1932
6 0.057 -20 2 254 18 16 -66 3582 750 1972
6 0.071 -6 3 263 -9 14 -86 3587 765 1952
6 0.057 -3 18 263 8 20 -108 3545 760 1947
5 0.085 -7 17 255 -17 -23 -100 3535 750 1972
5 0.071 6 -2 257 -31 -28 -93 3487 750 1932
6 0.057 -3 -8 254 -12 -42 -59 3540 735 1910
6 0.085 3 0 272 -3 -27 -42 3520 765 1942
6 0.071 12 -3 271 0 8 -24 3497 782 1920
5 0.085 -1 -1 256 -24 4 -4 3565 792 1900
6 0.085 14 -6 272 15 31 4 3492 787 1952
6 0.057 7 -10 248 -7 56 12 3525 830 1915
5 0.085 10 -17 241 41 86 -4 3497 802 1905
6 0.057 -54 23 240 36 34 0 3535 787 1957
6 0.085 27 -15 221 56 15 5 3545 772 1895
5 0.057 8 -11 223 33 68 -6 3520 765 1932
5 0.085 -16 -2 258 30 11 22 3512 797 1905
6 0.071 -40 8 355 44 -106 -2 3492 765 1942
6 0.071 9 -2 214 42 -9 -33 3535 787 1947
7 0.057 -4 18 241 51 -94 10 3482 750 1952
5 0.085 15 9 327 -28 -189 -49 3535 777 1920
5 0.071 20 -1 235 -5 -3 -59 3512 782 1942
6 0.099 5 8 264 -20 44 -73 3535 782 1952
6 0.071 -1 2 273 -6 21 -57 3535 755 1937
5 0.085 -21 -8 248 -5 30 -53 3540 807 1957
5 0.057 -4 -9 237 5 -1 -46 3550 745 1962
6 0.071 5 -10 240 -21 0 -48 3507 840 1942
6 0.071 -7 9 265 -34 -67 -104 3497 840 1967
5 0.071 -75 13 245 -108 -77 -81 3482 820 1910
6 0.085 -7 -1 233 2 10 -135 3525 782 1962
5 0.071 7 -1 262 41 -116 -186 3497 802 1942
5 0.057 41 -34 205 9 6 -124 3555 845 1952
6 0.071 15 -4 263 11 -61 -140 3560 807 1905
6 0.071 2 -3 266 36 6 -115 3525 807 1957
6 0.184 8 5 262 -11 42 -45 3520 830 1937
5 0.057 1 0 247 -15 62 -28 3497 830 1947
5 0.071 3 1 260 15 82 -34 3507 897 1925
6 0.071 0 -1 253 -4 103 -35 3535 792 1925
7 0.057 -43 44 422 -5 -26 -107 3535 855 1977
6 0.085 -32 -2 327 10 -135 -32 3535 820 1920
5 0.057 0 5 208 8 112 -94 3535 845 1995
5 0.071 5 1 242 26 28 -66 3507 872 1962
6 0.057 -20 -16 262 -18 79 -57 3530 855 2010
6 0.071 26 -18 251 10 -7 -54 3462 887 1925
6 0.057 -33 14 244 -2 16 5 3487 897 1895
5 0.057 -8 -15 300 -31 13 1 3502 872 1925
5 0.099 8 -8 229 -21 -14 0 3540 877 1962
6 0.057 -15 9 250 -25 -110 -26 3540 840 1952
6 0.071 -7 9 227 1 -106 -89 3525 862 1982
5 0.057 21 4 238 4 -84 -84 3535 867 1910
5 0.071 -17 14 240 -8 39 -106 3530 877 1890
6 0.057 10 -6 271 35 29 -78 3520 905 1937
6 0.057 0 -6 258 12 -12 -45 3502 905 1967
5 0.071 5 -21 264 9 -70 -20 3502 887 1915
6 0.071 -5 -4 253 -1 -20 -18 3472 910 1932
5 0.057 -4 7 253 -6 -15 -21 3467 910 1942
6 0.057 -12 12 268 -6 18 -37 3497 905 1910
6 0.071 -8 10 271 8 34 -36 3482 935 1920
5 0.085 0 -4 262 -10 18 -34 3535 897 1952
6 0.057 -4 -4 258 -3 10 -33 3502 872 1957
6 0.057 -2 -9 259 -9 5 -38 3497 892 2005
6 0.057 3 -5 253 6 -4 -44 3520 920 1952
5 0.057 3 3 254 5 6 -54 3492 877 1947
6 0.057 5 2 258 8 -11 -64 3512 920 1937
7 0.057 9 -2 254 0 -11 -68 3482 910 1982
5 0.071 7 -2 261 19 4 -75 3482 945 1925
5 0.057 3 2 253 -8 -16 -69 3507 930 1947
6 0.057 -1 7 259 -21 -23 -67 3502 930 1937
6 0.071 -2 8 254 -10 -35 -55 3530 925 1910
5 0.057 0 3 252 -25 -22 -45 3525 972 1952
5 0.099 -19 -12 255 -69 -83 -45 3512 945 1890
5 0.057 1 -31 226 20 13 -86 3477 982 1905
6 0.057 -21 -10 236 3 -10 -70 3492 957 1915
6 0.057 -11 7 270 3 -7 -105 3520 977 1925
5 0.071 5 7 278 -18 -18 -89 3550 957 1987
5 0.057 -12 13 260 -5 -57 -98 3525 977 1920
6 0.057 3 -3 260 -4 -70 -86 3502 962 1905
6 0.071 9 -4 261 12 -96 -84 3507 967 1947
5 0.057 10 -5 269 5 -93 -73 3535 952 1937
5 0.085 9 -4 258 23 -55 -55 3492 995 1915
7 0.057 8 2 253 7 -61 -46 3535 1015 1962
6 0.057 3 5 249 0 -60 -31 3555 977 1925
5 0.099 7 -3 254 11 -30 -26 3560 945 1910
5 0.057 6 -4 256 4 -48 -8 3502 930 1890
6 0.085 -2 1 264 6 -42 -27 3535 910 1890
7 0.057 9 -6 261 -36 -61 -26 3550 967 1885
5 0.057 -3 7 257 -36 -59 -53 3502 1010 1842
5 0.085 16 0 242 15 -37 -74 3487 1020 1865
6 0.071 19 -9 255 -6 -46 -83 3525 1020 1890
6 0.057 -2 3 257 -29 -83 -81 3560 1015 1900
7 0.071 7 -2 268 -10 -132 -52 3502 1020 1947
6 0.085 4 -3 270 0 -149 -33 3535 1005 1895
5 0.057 8 -1 254 -51 -160 -2 3535 987 1905
5 0.085 7 1 244 -25 -154 19 3535 1020 1925
5 0.113 13 3 252 -20 -104 29 3530 1010 1857
7 0.057 18 -1 269 -10 -62 21 3502 952 1807
6 0.085 20 -4 267 -14 -9 14 3540 920 1812
5 0.071 19 -5 252 -16 25 8 3565 995 1857
5 0.071 12 0 248 -14 62 4 3545 987 1885
6 0.085 6 2 250 -18 91 10 3530 1000 1900
5 0.071 0 2 263 4 99 16 3535 995 1870
5 0.071 -1 -3 257 -6 113 -2 3570 1020 1875
6 0.071 -5 3 250 -34 141 -15 3560 1010 1915
6 0.071 -6 -4 260 -38 124 -25 3535 972 1847
6 0.057 -12 -5 252 -2 93 -32 3592 957 1870
5 0.085 -15 -8 265 -33 62 -13 3535 982 1857
5 0.085 -12 -6 261 -2 47 2 3545 1000 1890
5 0.071 -5 -3 251 11 42 13 3512 1005 1915
6 0.071 -2 3 257 -7 44 23 3520 1005 1915
6 0.057 2 1 260 22 34 3 3545 1010 1900
5 0.071 9 4 266 6 36 4 3497 972 1875
7 0.071 9 -1 254 -2 27 8 3507 977 1905
5 0.057 13 -3 270 27 -16 16 3565 962 1925
5 0.085 9 2 274 10 -87 30 3555 972 1957
6 0.057 13 -2 265 -2 -185 26 3520 972 1852
6 0.085 11 6 267 5 -276 -3 3545 945 1905
6 0.085 20 -3 209 -16 -324 7 3617 1010 1932
5 0.099 29 -18 240 -3 -331 -28 3612 1000 1895
5 0.099 -17 2 254 1 -380 -42 3582 995 1900
5 0.128 -10 -10 251 -224 323 -103 3592 1005 1847
5 0.071 -30 -8 134 221 -164 -93 3555 995 1817
6 0.085 -21 0 180 -88 85 -87 3570 1000 1812
6 0.085 -38 11 241 -33 -69 -97 3582 1030 1885
6 0.071 19 5 316 -56 -45 -158 3565 1047 1890
6 0.085 66 -1 391 -18 58 -127 3570 1020 1837
6 0.071 22 0 261 56 -58 -86 3622 1005 1885
5 0.085 32 8 317 -76 147 -43 3565 1062 1847
5 0.057 12 -5 245 96 21 -12 3575 1090 1910
5 0.085 76 -14 355 -78 256 18 3550 1067 1880
6 0.085 -17 3 230 72 2 40 3582 1067 1842
6 0.199 -16 -6 247 29 -41 90 3525 995 1790
6 0.071 -24 -2 246 -6 -64 70 3545 1057 1817
6 0.085 -48 7 211 23 -72 93 3592 1020 1827
5 0.057 -4 -7 218 30 -100 84 3555 977 1880
5 0.085 33 11 298 -21 138 57 3575 962 1837
5 0.071 -41 21 170 -10 -84 98 3575 1035 1812
5 0.057 14 12 250 -100 232 83 3560 1015 1870
6 0.071 18 -17 161 19 -83 144 3602 1035 1900
6 0.071 5 -14 232 0 -208 181 3560 977 1832
6 0.085 99 7 488 -101 109 199 3540 1015 1847
6 0.071 -23 31 284 79 -111 244 3565 982 1807
6 0.071 5 6 232 9 -224 270 3597 972 1827
5 0.099 48 -8 356 37 -55 280 3587 967 1822
6 0.071 14 -4 240 -55 -74 255 3592 957 1807
6 0.071 4 7 320 -17 81 204 3587 910 1802
5 0.071 -19 10 282 113 48 189 3565 920 1817
6 0.071 42 12 375 -42 145 120 3582 887 1847
5 0.071 -18 32 333 9 -82 97 3602 887 1812
6 0.071 -8 4 244 26 -86 64 3597 867 1802
6 0.071 -5 4 220 -133 3 46 3575 862 1807
5 0.057 34 -13 280 -21 -26 4 3597 882 1817
6 0.057 7 -1 242 46 -161 -24 3592 887 1837
5 0.057 172 16 497 -98 256 -3 3632 892 1785
6 0.071 6 10 207 -79 -56 4 3612 892 1812
6 0.099 2 -10 285 -18 -72 -13 3587 910 1827
5 0.057 6 -14 274 -1 -200 -8 3592 897 1817
6 0.085 -14 -3 271 29 -279 -23 3597 862 1802
5 0.071 -4 -5 275 -15 -334 -44 3602 905 1780
5 0.071 29 -6 299 22 -248 -62 3637 887 1812
6 0.071 26 0 279 31 -152 -118 3602 897 1780
6 0.057 58 9 348 64 -38 -126 3645 892 1775
7 0.071 75 9 351 -6 88 -137 3637 862 1717
5 0.057 18 0 245 -25 90 -142 3622 915 1797
5 0.057 13 8 268 -50 44 -161 3645 945 1832
6 0.071 -14 -3 263 104 -66 -177 3587 945 1807
6 0.071 -5 13 286 -54 161 -206 3587 925 1905
7 0.085 128 -21 402 -138 336 -221 3592 910 1765
6 0.071 -34 -7 184 -10 -84 -231 3560 962 1802
6 0.071 71 -8 360 -54 86 -210 3570 962 1812
5 0.071 -56 3 178 -12 73 -233 3622 967 1832
5 0.071 -2 -7 256 63 -116 -191 3622 962 1807
5 0.071 22 -4 273 11 -25 -160 3582 1010 1785
5 0.071 -32 6 219 21 -188 -142 3617 1020 1817
6 0.085 -53 -1 170 37 -26 -129 3582 1025 1832
6 0.071 13 -4 290 -51 83 -91 3575 977 1822
6 0.071 -10 9 220 7 36 -71 3592 972 1755
5 0.071 -19 14 237 -37 -64 -51 3622 1005 1807
5 0.099 59 -13 349 56 54 -12 3592 1015 1785
5 0.057 10 -1 245 -52 61 34 3540 1062 1812
5 0.071 0 3 260 -37 -1 23 3550 1042 1770
6 0.071 -5 -12 280 60 -4 12 3602 1015 1812
6 0.071 -3 1 268 32 -45 12 3555 1030 1812
6 0.071 -9 6 253 -20 -151 5 3575 1015 1827
5 0.071 -6 -3 255 1 -171 -51 3587 1005 1797
6 0.071 3 -7 193 61 -8 -65 3632 1042 1802
6 0.057 18 5 233 -14 34 -38 3602 1025 1745
6 0.085 2 0 207 -56 -17 -55 3587 1020 1797
6 0.057 52 -2 353 -43 3 -47 3565 1010 1852
5 0.071 -3 1 258 -28 44 -45 3582 1035 1832
6 0.099 1 -14 294 -40 -89 -22 3587 1010 1802
6 0.071 14 -20 282 19 -222 -26 3575 1020 1797
6 0.085 31 -9 289 -18 -96 -1 3627 1042 1802
7 0.057 -10 -6 224 116 -45 16 3592 1030 1780
6 0.085 -87 -14 147 63 -528 -87 3592 1047 1755
5 0.071 164 -24 221 14 -474 182 3582 1042 1745
5 0.071 80 -2 157 -2 -120 176 3650 1035 1697
5 0.071 -70 -12 257 18 -477 103 3612 1030 1722
5 0.057 92 -19 210 -28 -470 122 3670 1062 1697
5 0.057 56 19 184 -4 -52 160 3645 1005 1662
5 0.057 -151 8 396 -5 -636 233 3627 1020 1677
6 0.085 175 -15 237 138 -39 368 3670 1000 1687
6 0.028 -2 -10 316 228 -141 389 3685 995 1592
7 0.057 -89 10 209 220 -254 420 3727 962 1592
6 0.043 29 9 238 208 -98 458 3707 935 1610
5 0.043 -13 11 259 170 -280 530 3742 930 1587
5 0.057 69 8 247 -31 -32 541 3742 925 1577
5 0.043 3 23 256 40 -13 550 3727 877 1582
6 0.043 16 15 256 8 -73 517 3752 862 1552
6 0.043 -67 -23 265 -18 -237 427 3770 830 1562
6 0.043 47 -24 242 110 -133 402 3780 825 1525
5 0.043 9 -22 285 119 -86 306 3780 765 1525
5 0.043 -41 -17 183 172 -188 257 3765 772 1515
5 0.028 29 -4 239 117 -155 192 3775 750 1552
5 0.028 45 3 246 46 -93 158 3790 735 1505
6 0.028 47 -5 288 27 -93 137 3737 765 1557
6 0.028 4 -2 242 47 -113 99 3785 777 1532
5 0.014 39 -1 278 3 -43 95 3827 740 1457
5 0.028 47 -1 323 -30 15 22 3820 735 1532
7 0.028 -8 -4 223 51 -38 -31 3795 712 1557
5 0.014 18 -3 258 94 -50 -104 3785 735 1480
5 0.014 12 4 252 104 -60 -219 3805 740 1490
5 0.014 29 12 263 73 -93 -243 3805 725 1515
6 0.000 47 -7 298 43 -88 -223 3837 777 1447
7 0.028 -11 7 254 69 -291 -161 3780 782 1452
6 0.043 26 -1 266 48 -208 -8 3842 792 1447
6 0.028 60 2 253 10 -37 -6 3820 772 1447
5 0.000 -4 7 233 80 -231 -3 3827 807 1407
6 0.028 59 5 230 36 -133 -47 3800 825 1390
6 0.014 -32 7 264 7 -154 -41 3827 792 1452
6 0.014 25 -13 271 16 -304 -64 3815 840 1412
5 0.028 50 0 235 34 -211 -96 3837 850 1412
5 0.014 22 4 207 -27 -157 -132 3842 845 1402
5 0.014 39 1 303 78 -187 -132 3847 797 1422
6 0.000 48 -1 279 111 -248 -61 3852 845 1380
6 0.028 41 -8 186 111 -142 -60 3885 845 1390
6 0.014 26 -1 195 86 -170 -109 3885 877 1375
6 0.014 80 -1 246 94 -87 -161 3872 882 1380
6 0.000 0 12 266 181 -81 -187 3852 935 1355
5 0.000 39 2 260 221 -100 -215 3837 910 1380
6 0.014 -65 -6 294 274 -555 -221 3867 872 1307
6 0.014 113 -12 237 297 -256 -189 3900 930 1250
6 0.014 22 21 235 92 -264 -224 3930 910 1272
6 0.014 129 -12 264 -33 -43 -212 3910 977 1292
6 0.014 45 0 216 25 -53 -202 3925 977 1260
5 0.014 90 7 272 -53 212 -240 3915 982 1245
5 0.000 -33 15 168 -46 226 -237 3877 987 1245
6 0.014 3 47 334 55 -270 -191 3920 1020 1267
6 0.028 76 50 218 -160 107 -160 3915 952 1235
6 0.028 159 26 354 -164 5 -106 3905 1025 1215
6 0.014 55 44 235 -254 352 -158 3872 1015 1267
5 0.028 -248 51 551 -377 -1161 -87 3857 1062 1205
5 0.014 175 -17 -19 -142 -277 19 3895 1005 1255
5 0.028 109 11 120 -491 -352 8 3910 1020 1240
6 0.014 120 22 101 -286 -36 56 3920 1010 1277
5 0.043 65 7 187 -231 -63 117 3915 1047 1177
5 0.014 67 -21 177 -275 44 126 3900 1005 1210
6 0.014 34 1 249 -189 -204 116 3925 1010 1187
6 0.028 47 -2 234 -173 -309 141 3905 1015 1210
7 0.014 157 -7 319 -263 191 240 3890 935 1192
6 0.014 -46 -19 386 152 -578 218 3920 995 1235
5 0.014 22 -41 37 -164 -444 162 3962 935 1162
5 0.043 -62 22 132 -542 465 84 3930 935 1157
5 0.000 -79 -47 60 -241 -374 259 3905 897 1120
6 0.028 -106 -1 199 -204 -416 202 3982 935 1182
6 0.028 140 13 320 -405 173 195 3972 910 1167
6 0.014 -15 -34 76 -214 -278 182 3997 905 1172
6 0.014 211 12 303 -327 -271 108 3987 867 1100
6 0.014 169 -19 317 -406 -80 122 3957 845 1142
7 0.014 -23 -43 249 -60 -334 127 3987 782 1115
5 0.071 -62 -38 146 585 -259 24 3982 787 1137
5 0.043 23 -12 271 599 -179 -79 3930 807 1105
5 0.028 5 -16 265 503 -98 -45 3972 845 1110
5 0.057 -46 -10 221 455 -369 -129 3992 830 1075
6 0.057 74 22 243 -118 77 -113 4025 835 1090
6 0.071 108 19 227 -103 -309 -24 4015 867 1065
6 0.057 14 101 213 -199 -88 -54 4010 897 1012
6 0.071 61 30 279 25 -176 -29 4015 850 1032
6 0.057 35 29 289 -113 -158 26 3987 862 1022
5 0.085 55 -5 285 -96 -266 65 3977 835 1007
5 0.071 47 -29 260 -114 -307 37 3957 855 1002
5 0.099 50 -19 239 -35 -245 -6 3967 872 965
5 0.071 63 -11 241 -43 -115 -26 4015 845 1012
5 0.057 62 -9 232 -38 -23 -12 4015 840 997
7 0.071 62 -1 238 -33 12 0 3957 850 1017
6 0.057 60 5 246 -21 -8 16 4030 840 970
5 0.071 57 5 250 -11 -43 28 4035 862 950
6 0.071 55 -3 249 0 -65 41 4030 820 917
6 0.071 53 -6 246 22 -75 54 3987 855 1007
5 0.057 51 -8 262 7 -107 76 4010 850 997
6 0.085 51 -12 259 11 -149 119 3987 840 965
5 0.071 52 -16 261 40 -149 157 4025 855 980
6 0.057 55 -14 242 75 -113 167 4010 897 950
6 0.099 61 -1 232 21 -54 149 4035 877 950
6 0.071 62 -2 232 40 -7 128 4045 815 892
6 0.057 62 1 244 54 30 95 4035 787 940
6 0.085 63 5 247 48 24 59 4040 825 902
6 0.057 60 1 243 28 -4 11 4040 787 927
5 0.071 58 -6 240 31 -33 -38 4020 825 960
6 0.071 60 -4 239 24 -35 -79 4060 815 935
7 0.085 64 -2 243 26 -22 -101 4035 802 922
6 0.071 65 -5 248 45 0 -119 4055 845 940
5 0.071 66 -4 250 22 20 -132 4087 825 922
5 0.071 61 -4 256 -13 20 -152 4050 825 955
6 0.071 61 -8 259 23 21 -170 4040 802 945
7 0.128 56 0 249 -5 -41 -148 4020 797 960
5 0.071 53 3 242 -28 -38 -147 4020 862 917
5 0.085 49 -1 246 1 -7 -130 4010 882 912
5 0.071 51 4 245 -14 -10 -117 4005 882 877
6 0.085 52 1 243 -31 -42 -105 4055 872 927
6 0.071 49 -4 250 -11 -69 -102 4045 897 985
5 0.085 50 -11 257 19 -99 -112 4005 910 922
5 0.085 51 -10 256 13 -130 -107 3997 867 902
5 0.071 51 -14 251 32 -123 -110 3997 862 917
5 0.085 50 -4 238 22 -110 -105 4030 897 927
6 0.071 49 -1 236 28 -73 -101 4035 925 912
7 0.085 44 3 242 14 -49 -96 4060 930 960
6 0.184 52 -8 295 39 6 -36 4087 925 960
6 0.057 55 3 259 -40 58 -33 4060 982 867
5 0.057 54 -3 227 12 189 -71 4030 940 877
5 0.057 70 -1 245 10 319 -64 4050 897 907
6 0.071 71 -8 255 -15 448 -60 4015 905 945
6 0.057 51 -1 246 -1 602 -60 3997 882 940
5 0.028 45 -6 234 -6 639 -47 4015 957 970
5 0.057 36 -8 249 -8 569 -39 3977 957 1017
7 0.028 21 -6 260 -5 420 -38 3992 935 1027
6 0.057 12 -1 256 -7 248 -38 3977 952 1047
6 0.057 15 -3 250 -3 83 -35 4015 977 1057
5 0.043 17 0 248 0 -40 -36 3962 962 1022
5 0.071 80 5 309 4 208 -47 3982 920 1065
7 0.043 35 10 204 36 76 -42 3947 935 1085
6 0.057 44 4 253 -70 33 -91 3935 952 1085
5 0.043 36 -15 260 34 -11 -159 3947 962 1080
5 0.057 50 -8 271 15 -59 -183 3987 982 1100
5 0.043 59 -10 243 14 -111 -176 3987 1015 1075
7 0.057 59 -6 239 13 -130 -161 4015 967 1085
6 0.071 58 1 243 24 -149 -123 3940 972 1110
6 0.057 55 3 246 13 -222 -66 3987 1000 1065
6 0.071 52 6 257 3 -304 -28 3992 1095 1080
5 0.057 49 7 259 5 -361 -20 3992 995 1052
5 0.057 168 11 439 58 -104 7 4025 1015 1057
6 0.113 52 4 241 -136 77 -62 4010 1025 1002
5 0.057 58 -21 242 -31 231 -120 3982 1047 1007
5 0.071 31 -4 242 -36 124 -165 4010 1020 1042
5 0.057 36 8 277 -3 43 -156 3952 1052 1027
7 0.043 53 -1 272 -25 -10 -155 3992 1005 1007
6 0.071 52 8 247 -45 -36 -168 3962 1015 1042
6 0.057 54 -2 249 22 -4 -198 3972 1072 1037
6 0.071 56 -3 241 33 7 -221 3982 1095 1027
5 0.043 61 -3 245 14 -30 -233 4005 1132 1065
5 0.071 58 -3 250 14 -67 -227 3962 1085 1037
5 0.071 58 -3 265 24 -70 -197 3920 1090 1047
5 0.085 61 -3 247 7 -17 -108 3967 1120 1037
6 0.071 71 -18 242 41 46 -20 3992 1105 1017
6 0.057 54 -6 213 12 70 58 3952 1072 1057
5 0.071 54 -6 223 49 33 126 3957 1110 1065
5 0.057 60 0 243 -23 100 186 3915 1105 1012
5 0.085 61 9 254 64 22 224 3940 1147 1057
6 0.071 53 25 256 -54 -21 225 3940 1157 1037
6 0.071 46 8 206 -23 -51 229 3987 1105 1065
6 0.085 101 -4 289 -85 40 193 4005 1077 1027
7 0.085 72 -8 212 -20 134 117 3962 1110 1037
5 0.071 50 -5 225 -12 145 48 3967 1057 1075
5 0.085 55 -12 214 71 73 17 3930 1020 1115
5 0.113 85 -3 346 -116 43 -10 3967 1062 1090
6 0.085 56 10 281 -16 86 -3 3972 1062 1110
7 0.099 55 9 258 23 -93 53 3982 1062 1080
6 0.099 80 1 292 43 -62 98 3992 1047 1110
5 0.085 104 -12 265 -60 174 153 3977 1020 1052
5 0.099 88 14 317 -76 114 186 3930 1025 1057
5 0.071 41 7 263 49 39 175 3982 1042 1057
7 0.099 38 0 270 3 59 158 3957 952 1047
6 0.085 31 -10 217 8 113 121 3967 1035 1047
5 0.099 72 8 288 84 145 97 3982 962 1037
5 0.085 61 16 259 -1 44 27 3885 1015 1090
5 0.085 31 6 227 -36 62 -42 3915 1057 1095
7 0.142 21 -25 186 -26 -120 -76 3915 1052 1080
6 0.085 40 2 253 -33 -73 -94 3947 1020 1090
6 0.099 74 -8 274 -76 -20 -90 3947 1015 1095
6 0.085 29 -4 244 42 -13 -80 3962 972 1027
5 0.099 43 -4 255 33 26 -62 3972 962 1070
6 0.085 48 -9 252 30 60 -39 4010 1000 1080
5 0.099 48 -5 248 21 73 -32 3962 1020 1100
6 0.099 43 7 242 28 87 -41 3982 1025 1110
6 0.085 46 8 249 9 78 -41 3930 1035 1115
5 0.085 45 2 247 29 57 -28 3925 1020 1095
5 0.085 47 -1 253 14 12 -4 3997 977 1115
7 0.085 45 -4 254 1 -43 9 3962 987 1110
6 0.128 33 -1 251 6 -94 10 3997 967 1080
5 0.085 40 -9 260 31 -130 39 3992 1052 1065
5 0.099 40 -4 252 19 -138 63 3967 1047 1057
5 0.085 45 2 247 20 -141 79 3957 1000 1075
6 0.085 45 1 247 37 -103 64 3962 1052 1075
6 0.085 48 14 247 6 -94 36 3977 1025 1080
6 0.099 60 6 247 15 -75 7 3992 1057 1105
5 0.085 59 3 251 24 -70 -22 3935 1005 975
5 0.085 49 8 228 43 -70 -64 3977 977 1012
7 0.085 52 1 242 -45 -60 -59 3982 967 1007
6 0.099 49 -4 201 -35 69 -79 3977 987 1032
6 0.085 70 -1 215 48 39 -90 3967 1057 1065
5 0.128 53 -12 267 -3 35 -38 3977 1047 1075
5 0.085 14 -5 239 -3 18 -48 3987 1010 1027
6 0.099 45 -7 246 13 -36 -7 3997 995 1080
6 0.099 42 4 265 16 -93 2 3952 1030 1047
6 0.085 42 11 256 -5 -131 20 3982 1042 1047
5 0.085 46 9 238 -3 -139 14 3952 1035 1070
5 0.085 54 6 248 6 -93 1 3972 1062 1052
7 0.085 54 4 250 -22 -70 15 3972 1030 1017
6 0.113 169 0 420 -122 615 22 3987 1020 1052
6 0.071 101 -43 210 96 191 145 3952 1057 1032
6 0.085 20 -1 234 -71 166 116 3982 1025 1057
5 0.085 14 -33 215 45 173 106 3920 1047 1037
6 0.227 40 9 237 -28 112 96 3977 1020 1080
5 0.085 33 13 262 -9 121 75 3947 940 1022
5 0.085 43 2 255 11 76 83 3947 952 1057
5 0.085 49 -6 261 19 56 102 3940 967 1137
7 0.071 49 -7 251 14 56 108 3957 967 1095
6 0.085 52 -16 247 44 73 105 3940 995 1142
5 0.085 50 -4 238 28 101 97 3987 920 1085
5 0.099 49 2 238 10 126 109 3967 930 1162
6 0.085 44 0 244 25 125 134 3957 925 1172
6 0.071 35 14 259 -5 65 152 3972 972 1132
6 0.085 24 19 263 -60 -1 161 3935 977 1095
5 0.085 35 0 247 -17 -44 164 3957 940 1137
5 0.113 32 -2 237 -24 -50 133 3947 930 1115
5 0.085 46 -9 253 24 -38 93 3952 855 1142
6 0.085 45 -6 264 55 -17 62 3930 905 1125
6 0.071 64 1 250 30 40 55 3972 905 1162
5 0.085 63 0 253 -13 62 49 3967 962 1110
5 0.085 62 -6 259 -16 102 43 4005 957 1157
6 0.085 44 -4 234 -41 129 32 3952 882 1147
6 0.085 49 -3 232 6 135 -14 3972 867 1152
6 0.071 37 0 256 26 102 -34 3962 862 1205
5 0.071 28 7 241 -14 52 -41 3947 940 1137
5 0.085 31 -3 244 4 -9 -35 3947 887 1187
6 0.085 35 -5 273 27 -56 -37 3895 930 1147
6 0.113 46 0 258 11 -124 -13 3952 935 1162
6 0.071 48 -5 245 21 -124 9 3972 915 1105
5 0.085 54 -6 242 45 -43 19 3962 915 1142
6 0.085 61 -1 253 16 14 55 3962 930 1115
6 0.085 54 5 253 -2 43 67 3947 882 1095
5 0.071 45 1 266 -1 65 90 3967 882 1120
6 0.085 55 -3 261 23 78 110 3987 920 1182
6 0.085 48 1 257 -1 82 120 3997 930 1182
6 0.071 44 3 244 -10 86 101 4020 915 1187
5 0.085 46 5 253 -4 102 80 3962 920 1167
5 0.085 49 2 249 3 81 91 3952 867 1187
6 0.071 51 -3 247 15 77 89 3987 892 1192
7 0.085 49 -4 254 22 79 62 3972 855 1177
5 0.113 46 -2 252 9 47 24 3947 872 1182
6 0.085 41 -2 244 20 21 7 3910 850 1230
6 0.085 46 1 251 9 13 -14 3930 882 1182
5 0.085 46 -2 255 36 -8 -22 3900 877 1220
5 0.085 46 -1 259 34 -14 -31 3905 877 1147
6 0.085 48 -3 249 9 -33 -22 3940 892 1147
6 0.099 49 -3 248 30 -26 -17 3967 915 1167
6 0.099 47 3 249 8 10 -1 3935 915 1125
5 0.085 50 -3 242 12 37 27 3967 877 1172
7 0.085 47 4 251 -23 73 41 3977 855 1215
6 0.085 42 -1 256 -13 59 61 3930 855 1192
5 0.085 43 3 257 -24 39 84 3952 872 1142
5 0.128 43 2 242 -30 24 106 3987 887 1162
5 0.085 43 5 243 -8 14 101 3987 862 1192
7 0.071 46 4 245 21 2 87 3992 835 1137
5 0.085 50 8 248 20 -23 68 4005 825 1157
5 0.113 52 6 248 11 -50 46 4040 850 1115
6 0.085 54 2 248 21 -63 27 3957 867 1172
6 0.085 53 -24 265 111 -90 20 4010 855 1162
7 0.113 55 -11 261 29 -112 4 3952 835 1167
5 0.099 54 -10 242 23 -125 19 3972 845 1142
5 0.099 56 2 257 0 -77 32 3997 862 1152
6 0.099 57 6 255 -16 -24 55 3987 815 1157
6 0.099 48 4 236 5 22 60 3982 862 1115
5 0.142 51 2 241 67 135 41 3940 820 1177
5 0.085 56 6 225 27 200 6 3987 867 1157
6 0.113 53 -3 218 38 263 -52 3977 825 1162
6 0.085 55 -1 227 17 335 -118 3957 797 1100
6 0.099 61 -3 233 28 328 -160 3952 820 1172
5 0.085 98 56 219 84 90 -158 3930 850 1230
6 0.113 78 -35 219 50 -126 -110 3987 862 1167
5 0.099 20 16 234 39 -10 -88 3925 867 1137
5 0.099 12 -1 247 23 -12 -109 3957 887 1200
6 0.113 40 -16 258 1 33 -89 3940 850 1210
6 0.085 27 -7 236 10 41 -114 3952 882 1215
6 0.099 31 -8 238 58 115 -135 3935 882 1210
5 0.128 -9 16 224 134 154 -196 3915 892 1215
5 0.085 30 10 251 -1 6 -124 3920 945 1152
5 0.071 56 -3 240 16 30 -55 3925 905 1210
6 0.085 40 5 271 -11 67 -36 3930 925 1215
7 0.085 13 -4 285 32 100 -21 3947 930 1245
5 0.085 48 -5 255 -41 77 12 3900 915 1225
5 0.085 29 -6 226 -43 180 27 3930 930 1205
5 0.085 27 1 248 -26 200 27 3940 935 1215
6 0.085 28 -2 259 21 166 37 3915 897 1260
7 0.071 30 1 269 20 86 32 3915 877 1245
5 0.071 24 2 256 6 -11 44 3925 887 1282
6 0.085 33 -1 253 0 -60 58 3935 882 1260
6 0.128 32 -10 225 -58 -156 99 3910 925 1302
6 0.085 50 22 237 90 -106 192 3935 910 1255
7 0.071 28 17 225 -11 -19 250 3935 872 1250
5 0.085 48 -4 243 8 -77 304 3947 887 1250
5 0.085 25 9 248 21 13 316 3920 862 1235
6 0.071 36 2 254 -10 10 344 3920 887 1235
6 0.071 23 6 262 26 -40 335 3972 815 1260
5 0.085 26 4 255 20 -41 321 3957 845 1292
5 0.071 31 -2 256 34 -48 318 3925 772 1235
5 0.071 40 -6 251 23 -43 311 3900 765 1215
6 0.071 41 -7 242 15 -34 316 3935 730 1220
6 0.071 57 -3 243 31 6 321 3957 755 1250
6 0.213 53 8 254 5 -18 337 3947 702 1220
6 0.071 44 -1 261 23 -48 312 3967 655 1267
5 0.085 40 -2 260 16 -76 274 3967 640 1250
5 0.085 34 -4 246 6 -88 233 3952 622 1255
6 0.085 34 -5 240 -4 -78 194 3972 617 1205
7 0.085 33 -3 250 -4 -45 174 3940 640 1162
6 0.071 39 10 253 -12 -1 143 3987 622 1120
5 0.085 33 12 247 -26 27 130 3967 622 1172
5 0.071 40 -1 252 -8 51 105 3947 550 1205
5 0.071 37 -1 254 -9 48 63 3930 570 1200
7 0.071 30 -3 245 2 42 26 3935 597 1200
6 0.071 34 -4 246 13 27 -12 3992 587 1220
5 0.085 37 -4 245 28 8 -52 3967 592 1215
5 0.099 44 -5 250 30 3 -86 3947 597 1187
6 0.057 50 -7 256 5 19 -90 3957 597 1225
7 0.085 48 -7 262 -16 15 -85 3930 602 1255
5 0.071 46 -4 270 2 -1 -82 3935 592 1205
5 0.085 45 7 245 -22 35 -105 3920 640 1177
6 0.071 44 5 239 -22 27 -124 3957 660 1235
6 0.085 40 3 249 -16 27 -141 3967 612 1210
7 0.071 12 16 253 36 13 -191 3972 597 1192
5 0.085 30 -1 237 23 25 -208 3972 627 1245
5 0.071 44 -28 234 0 -86 -204 3957 627 1205
5 0.071 35 6 209 -67 -41 -248 3957 640 1220
6 0.085 21 -2 257 -24 -72 -233 3962 682 1260
7 0.113 45 -13 294 43 -126 -178 3967 702 1205
6 0.071 29 -3 257 -18 -130 -137 3935 730 1210
6 0.085 43 -19 244 17 -116 -117 3940 670 1235
6 0.071 42 -5 246 35 -58 -112 3952 740 1177
5 0.085 39 2 237 26 -29 -108 3977 735 1172
5 0.071 37 7 242 32 -11 -110 4005 760 1172
5 0.071 38 23 261 -37 -6 -119 3977 725 1205
6 0.071 42 14 266 -34 -88 -109 3972 765 1272
6 0.085 39 0 267 -17 -117 -109 3930 735 1200
6 0.071 45 -5 248 -37 -81 -129 3962 740 1177
6 0.085 52 -21 220 -41 15 -127 3967 777 1220
5 0.099 39 -10 243 -37 67 -153 4010 792 1182
5 0.071 46 -2 256 -25 41 -132 3977 777 1152
5 0.071 42 6 253 -16 6 -102 3987 797 1210
6 0.085 41 4 253 0 -13 -87 3952 825 1235
6 0.057 41 10 247 -13 -40 -78 3957 802 1157
7 0.071 45 5 249 -13 -70 -65 3947 820 1172
5 0.085 46 -8 270 52 -96 -43 3935 777 1225
5 0.085 68 2 266 6 -79 -28 3952 797 1177
6 0.071 57 -2 259 -9 -90 -8 3900 740 1132
6 0.085 48 -7 246 -6 -61 -12 3915 782 1157
6 0.071 44 -5 237 -21 11 -21 3957 830 1167
5 0.085 46 -4 234 10 75 -27 3977 787 1177
5 0.099 39 8 256 8 109 -47 3967 802 1192
6 0.057 36 8 253 -22 21 -39 3935 815 1172
6 0.085 20 14 259 -46 -71 -26 3947 782 1187
6 0.085 36 -7 254 2 -106 -37 3992 835 1177
5 0.071 38 -6 250 -2 -103 -72 3957 825 1142
5 0.085 48 1 253 -14 -108 -92 3982 850 1137
6 0.071 50 1 264 27 -66 -136 3940 825 1172
6 0.071 53 1 260 11 -42 -154 3957 835 1157
6 0.071 50 -4 255 26 -15 -153 3957 840 1105
5 0.085 51 -1 253 -1 64 -147 3940 825 1115
5 0.071 51 -8 242 -3 160 -127 3957 867 1162
5 0.071 41 -4 247 27 221 -109 3972 892 1187
6 0.099 37 1 250 -13 237 -90 3925 892 1177
6 0.057 40 4 259 0 235 -91 3967 892 1182
5 0.085 29 0 234 3 194 -89 3900 887 1177
5 0.057 32 -1 242 19 139 -86 3930 850 1250
6 0.071 27 -4 263 24 77 -88 3925 905 1210
6 0.057 33 -1 251 8 19 -75 3915 920 1240
5 0.071 40 -1 250 4 18 -59 3920 940 1240
6 0.071 40 7 261 14 5 -43 3910 897 1205
6 0.071 39 7 246 -10 25 -12 3930 910 1205
6 0.057 39 3 244 -15 23 22 3925 905 1220
5 0.085 37 -2 256 3 5 37 3935 910 1172
6 0.057 34 5 260 -6 -29 36 3905 887 1240
7 0.099 34 4 258 -24 -63 25 3842 897 1210
5 0.071 33 5 255 -25 -64 0 3930 892 1210
5 0.071 32 5 253 -32 -36 -21 3947 897 1272
6 0.071 36 0 246 -14 15 -56 3957 897 1250
6 0.057 36 4 250 -4 86 -86 3910 877 1215
6 0.057 41 -2 233 -7 90 -103 3952 905 1210
5 0.071 41 8 283 -23 71 -138 3982 987 1200
5 0.057 36 3 261 31 94 -104 4010 945 1235
6 0.057 22 5 303 -8 2 -82 3890 925 1230
5 0.071 57 -6 249 23 40 -73 3877 945 1267
5 0.057 53 4 232 45 39 -28 3895 972 1255
6 0.057 49 -13 243 46 -58 31 3915 897 1205
6 0.085 57 5 286 48 -183 113 3890 910 1225
6 0.071 49 4 238 -17 -160 178 3900 957 1192
5 0.057 51 8 269 14 -191 234 3872 940 1235
5 0.071 45 6 269 -45 -252 291 3867 957 1167
5 0.085 59 -4 269 41 -292 317 3915 897 1187
6 0.085 55 10 261 37 -298 313 3962 877 1187
6 0.071 75 15 255 -24 -212 278 3982 835 1147
6 0.071 80 -3 286 58 -25 196 3957 862 1095
5 0.071 56 -9 248 11 -48 127 3930 825 1075
6 0.085 59 -3 236 0 69 71 3930 840 1080
6 0.071 37 9 267 -36 32 66 3910 867 1115
6 0.085 36 18 286 -52 195 45 3890 850 1182
5 0.213 65 23 288 -91 -1 60 3967 835 1162
6 0.085 39 -6 207 33 86 102 3957 782 1167
6 0.071 29 0 198 65 -47 84 3925 760 1137
5 0.071 51 -9 244 -1 211 66 3952 820 1132
5 0.085 67 -8 294 31 -83 16 3915 735 1162
6 0.071 82 -1 333 -23 -8 -36 3967 787 1162
7 0.085 23 36 193 -85 91 -28 3925 792 1210
6 0.085 89 -6 251 35 43 -16 3967 787 1157
5 0.113 37 -4 194 -56 201 -68 3925 802 1177
5 0.085 50 5 249 -12 -59 -88 3962 820 1152
5 0.085 172 -4 403 62 96 -104 3962 792 1162
7 0.099 56 -25 231 13 119 -158 3962 787 1115
5 0.128 26 -23 237 71 15 -137 3962 845 1172
5 0.085 2 8 260 29 43 -157 3905 835 1187
6 0.099 34 3 255 -10 -124 -121 3905 840 1192
6 0.099 20 6 252 22 -149 -87 3972 850 1147
6 0.085 47 0 263 -1 -143 -65 3967 835 1157
5 0.113 51 2 228 -12 -113 -101 3987 855 1162
5 0.085 51 -8 207 -104 27 -62 3957 897 1172
5 0.085 63 -2 290 11 44 -94 3920 887 1157
6 0.099 39 -3 283 4 -64 -138 3915 897 1147
6 0.085 24 -20 257 15 -202 -155 3895 905 1157
6 0.099 32 -6 267 2 -295 -176 3910 920 1210
5 0.099 33 -2 259 28 -381 -186 3930 915 1157
5 0.128 38 4 242 14 -406 -205 3962 920 1115
5 0.099 71 8 254 147 -167 -75 3947 905 1100
5 0.085 39 30 213 45 447 -142 3962 940 1100
6 0.071 76 1 164 -11 384 -112 3957 972 1105
6 0.085 59 -8 187 -39 137 -164 3977 930 1157
6 0.085 22 14 271 23 217 -177 3957 957 1162
6 0.099 12 7 247 50 -28 -114 3930 972 1152
5 0.071 26 -4 254 -37 -215 -119 3957 962 1137
5 0.085 57 -9 226 -41 -26 -93 3987 1020 1110
5 0.099 25 10 172 7 -121 -88 3952 987 1142
6 0.085 66 -4 216 -122 131 -115 3997 1000 1085
6 0.085 35 -21 191 12 35 -128 3967 1020 1110
6 0.099 49 10 296 -65 56 -177 3962 982 1142
6 0.085 41 -12 272 -18 34 -193 3920 1035 1162
6 0.085 54 -10 259 7 -83 -215 3915 982 1142
5 0.085 56 -1 278 -37 -37 -209 3920 1047 1125
5 0.099 66 7 276 35 22 -211 3935 1052 1110
5 0.071 69 6 251 -11 152 -151 3967 1067 1167
6 0.085 45 -3 211 -6 -50 -99 3947 1072 1125
6 0.085 8 13 222 -16 8 -51 3920 1035 1172
6 0.085 25 0 264 17 -105 1 3930 1115 1137
6 0.085 29 3 254 -26 -146 31 3952 1095 1105
5 0.085 41 7 245 -29 -138 47 3920 1072 1080
6 0.113 48 7 233 -13 -43 39 3900 1072 1125
5 0.085 98 6 345 -18 413 18 3962 1077 1142
6 0.085 60 16 301 220 516 101 3920 1095 1105
6 0.057 -12 51 216 -161 300 94 3940 1077 1125
6 0.085 16 -14 258 -42 190 74 3900 1067 1142
7 0.071 32 -19 265 -9 152 27 3925 1067 1192
5 0.085 24 6 259 17 86 65 3962 1042 1215
5 0.085 39 7 247 18 34 80 3920 1057 1177
6 0.085 37 13 226 -12 46 60 3900 1005 1210
6 0.071 43 15 228 -20 95 17 3947 1042 1210
5 0.085 45 13 231 -32 129 -6 3910 1015 1200
5 0.071 69 11 276 -59 246 -27 3962 1035 1220
5 0.113 36 14 234 -74 210 8 3905 977 1215
6 0.071 68 -21 237 -38 377 -30 3905 1047 1240
6 0.085 31 -14 241 19 362 15 3877 1057 1282
7 0.085 35 -28 279 50 410 28 3842 1010 1345
6 0.071 35 -17 278 55 417 47 3885 1042 1260
5 0.071 28 0 254 46 359 43 3885 982 1260
5 0.085 30 14 234 27 330 15 3867 1020 1350
6 0.071 31 24 237 -15 320 -35 3832 1005 1302
6 0.071 39 24 247 -40 290 -71 3910 977 1385
7 0.085 38 18 249 -54 242 -99 3872 995 1365
6 0.085 34 1 254 -53 273 -151 3842 1015 1330
5 0.071 30 -10 237 -89 347 -149 3775 957 1402
5 0.128 11 -16 208 -31 347 -151 3795 1025 1457
5 0.085 88 -16 344 48 326 -96 3805 1047 1437
5 0.071 47 -16 252 -98 484 -83 3800 1030 1437
5 0.085 45 -13 263 91 483 -51 3780 1035 1500
5 0.085 15 -1 229 14 288 -11 3765 1077 1475
6 0.085 45 17 290 -14 362 -10 3732 1057 1537
6 0.071 20 25 277 -52 391 10 3752 1067 1542
7 0.071 5 29 248 -35 379 -9 3742 1020 1520
5 0.085 -1 -12 197 -1 357 -32 3737 1030 1610
5 0.085 49 -10 278 -46 355 -39 3727 1035 1567
5 0.085 59 -9 313 -81 516 -67 3722 1072 1572
5 0.099 47 -24 278 17 297 -92 3670 1042 1582
6 0.085 -2 10 239 -3 361 -52 3680 1005 1635
6 0.071 -8 -4 172 -104 530 -60 3680 1005 1645
6 0.071 35 0 286 31 302 -64 3660 1000 1692
6 0.085 27 27 324 22 412 -76 3665 1042 1697
5 0.085 36 17 313 -31 276 -52 3627 1035 1667
6 0.071 58 0 328 -47 503 -84 3655 1042 1667
5 0.085 -39 -2 143 -74 267 -65 3612 1052 1730
5 0.085 -16 -10 181 88 516 -76 3632 1052 1717
5 0.071 6 2 223 -30 369 -43 3550 1042 1780
6 0.085 -3 4 223 -4 478 -74 3560 1077 1785
5 0.199 -34 6 250 -59 -134 -89 3545 1062 1780
5 0.099 -27 2 263 -4 -168 -116 3555 1025 1780
5 0.085 -1 11 295 151 437 -43 3545 1085 1812
6 0.085 -54 -2 122 128 319 -37 3587 1120 1847
7 0.071 59 5 266 -171 241 -13 3540 1072 1870
6 0.085 142 15 442 55 485 -98 3520 1095 1847
6 0.085 -30 12 231 73 305 -101 3525 1090 1885
6 0.071 3 18 336 -199 215 -128 3472 1067 1875
5 0.085 -8 -5 269 18 -131 -132 3535 1047 1870
5 0.085 -12 9 256 -41 -74 -171 3507 1100 1915
5 0.099 -10 -3 226 -9 -79 -160 3540 1095 1870
5 0.099 -3 -23 173 38 31 -153 3462 1152 1915
5 0.113 58 4 319 66 49 -157 3472 1147 1885
5 0.099 52 11 353 -69 73 -166 3450 1157 1932
7 0.085 28 -4 323 89 222 -112 3512 1125 1832
6 0.085 -17 -8 249 107 -40 -125 3445 1175 1900
6 0.099 33 58 302 -59 181 -87 3497 1152 1910
6 0.099 -8 -16 168 -71 106 -108 3472 1125 1880
6 0.085 27 -10 277 59 62 -75 3492 1175 1900
6 0.085 9 0 259 -29 65 -7 3435 1185 1937
5 0.085 -1 -8 249 -39 -16 6 3482 1185 1942
5 0.099 -3 26 296 -93 -15 46 3472 1210 1925
6 0.099 16 4 276 -37 -89 64 3492 1210 1932
6 0.128 -5 -5 203 -38 -151 46 3450 1222 1962
6 0.099 -12 -9 153 -65 82 -9 3502 1175 1925
6 0.085 0 -10 207 54 89 -33 3472 1132 1942
5 0.085 7 -9 257 52 123 -47 3492 1162 1932
5 0.113 21 -10 309 -3 14 -46 3482 1110 1905
5 0.085 7 -5 273 -86 -13 -26 3492 1190 1915
6 0.099 -6 -9 228 -32 52 33 3450 1190 1895
7 0.099 4 -4 275 16 38 86 3430 1185 1905
5 0.085 13 -6 272 86 17 128 3455 1162 1937
5 0.099 -13 23 255 9 22 151 3520 1167 1942
5 0.085 -8 22 285 -50 -25 191 3467 1110 1962
6 0.099 -6 -3 263 -1 -48 204 3487 1137 1957
7 0.128 -9 -8 252 -9 -25 182 3525 1120 1925
6 0.099 3 -8 235 -24 18 157 3487 1110 1942
6 0.085 -4 -5 237 36 114 121 3520 1095 1920
5 0.099 -14 18 283 48 33 103 3450 1077 1920
5 0.085 15 1 276 -5 -5 93 3445 1067 1895
6 0.099 1 0 269 9 -84 109 3462 1085 1920
6 0.085 -5 2 266 -1 -104 107 3507 1067 1910
6 0.113 -3 -2 255 -8 -103 124 3525 1085 1920
5 0.085 1 -2 250 9 -90 146 3502 1090 1937
5 0.099 1 4 249 9 -52 172 3467 1072 1905
7 0.071 1 4 255 28 -31 173 3467 1085 1982
6 0.099 1 6 256 13 -54 170 3497 1067 1900
6 0.113 1 5 265 3 -99 142 3520 1052 1885
5 0.099 3 2 254 5 -148 156 3540 1052 1900
5 0.085 12 -6 270 -5 -146 139 3575 1062 1905
7 0.099 4 -4 246 17 -125 118 3545 1030 1880
6 0.099 1 -1 244 2 -114 92 3560 1000 1890
6 0.085 10 4 241 -6 -97 80 3545 1005 1895
5 0.085 80 12 370 -80 369 87 3530 1052 1852
5 0.099 28 -9 221 104 95 86 3535 952 1900
5 0.085 -22 -11 169 13 62 16 3540 982 1875
7 0.085 0 10 266 30 88 36 3520 982 1852
6 0.085 -12 12 295 -6 71 19 3520 995 1895
5 0.099 -23 21 296 -21 -10 3 3512 1020 1880
5 0.128 -5 -9 262 39 -77 -5 3545 1000 1915
5 0.099 -9 -1 256 6 -73 -1 3540 1057 1900
6 0.099 3 -2 248 9 -75 10 3540 1047 1915
6 0.085 -2 2 242 -5 -37 26 3545 972 1880
5 0.085 6 5 257 -21 -5 43 3512 995 1890
5 0.085 3 6 260 -15 0 62 3530 1005 1880
6 0.085 0 5 259 -39 9 68 3540 957 1905
6 0.085 10 4 256 -24 2 71 3540 925 1910
5 0.085 6 3 252 -40 16 60 3525 905 1890
6 0.085 10 -6 243 -42 36 52 3520 952 1910
6 0.099 12 -15 249 31 67 24 3502 1020 1915
5 0.085 0 -6 264 12 87 14 3535 967 1870
6 0.113 4 -6 260 -4 100 18 3535 940 1925
6 0.085 2 0 227 -17 92 38 3507 935 1915
6 0.071 7 3 282 -11 97 65 3530 977 1890
5 0.085 28 5 288 -95 238 47 3507 940 1880
5 0.085 10 -11 247 44 2 64 3525 982 1915
7 0.085 1 -2 300 1 68 44 3535 987 1920
5 0.085 -17 2 266 62 -155 51 3512 972 1937
5 0.085 -5 2 262 -4 -181 2 3487 930 1937
6 0.099 -13 -10 236 37 -71 -18 3507 945 1880
6 0.085 46 -3 282 41 140 -58 3530 930 1920
6 0.085 10 0 220 39 149 -74 3507 972 1847
6 0.071 1 2 227 63 216 -116 3487 977 1910
5 0.099 7 12 310 22 121 -73 3497 962 1895
5 0.113 -26 7 310 -63 11 -12 3525 982 1942
6 0.085 -36 25 256 -53 -124 14 3502 952 1957
6 0.099 44 5 332 -109 59 30 3512 977 1932
6 0.085 -14 2 243 5 -59 50 3520 930 1905
5 0.085 -7 3 249 -35 -114 48 3492 967 1937
5 0.085 46 2 347 118 -35 3 3507 957 1895
6 0.085 -2 -8 269 -33 -77 -28 3487 957 1905
6 0.085 -11 -4 254 32 -16 -42 3497 1005 1942
7 0.099 21 8 284 12 -130 -3 3502 962 1920
5 0.085 7 -1 182 54 -51 -49 3492 952 1920
5 0.085 9 0 271 -35 10 27 3497 995 1932
6 0.085 19 -10 270 -76 200 4 3535 945 1895
7 0.213 -36 4 263 80 84 96 3525 957 1920
6 0.099 -36 10 236 -18 -176 112 3472 995 1905
6 0.085 13 0 246 -97 60 104 3535 972 1932
5 0.085 34 -11 247 10 37 93 3520 987 1895
5 0.085 -3 -9 236 3 64 51 3487 925 1920
7 0.099 -4 13 280 79 -138 59 3482 872 1957
6 0.085 -12 -3 244 -41 -144 46 3487 930 1900
6 0.085 8 -23 235 -2 -93 33 3520 940 1932
5 0.099 -1 -8 244 21 -94 49 3530 925 1890
5 0.085 5 -1 257 29 -47 54 3472 892 1880
6 0.099 2 3 263 28 -25 72 3540 930 1895
6 0.071 1 7 263 14 -17 92 3512 910 1880
5 0.113 -3 3 259 5 -41 95 3507 877 1915
5 0.085 -4 3 257 23 -50 75 3570 935 1870
6 0.085 25 -11 206 101 51 78 3587 945 1900
6 0.071 3 -13 183 -72 142 82 3560 915 1910
5 0.085 -34 -12 185 31 30 59 3530 915 1885
5 0.099 30 -15 317 23 166 46 3512 887 1895
5 0.085 -7 6 276 -8 -111 79 3520 867 1900
6 0.085 27 2 334 -70 -28 57 3525 910 1910
6 0.085 -16 5 301 37 -124 156 3530 877 1900
7 0.071 -1 11 294 -9 -31 144 3525 920 1942
5 0.085 -10 0 235 13 -74 180 3575 867 1905
5 0.099 -5 2 250 -12 -73 183 3530 820 1870
6 0.099 -8 1 265 40 -73 169 3597 815 1880
6 0.085 1 8 263 9 -101 136 3582 850 1900
6 0.071 6 4 257 14 -122 120 3565 855 1885
5 0.085 6 2 253 28 -109 86 3582 820 1870
6 0.071 8 -5 247 12 -82 48 3560 815 1875
6 0.085 14 -9 243 -8 287 -48 3582 872 1865
6 0.085 25 -39 117 285 161 59 3575 807 1870
6 0.071 40 -8 186 -105 405 -15 3530 820 1875
5 0.085 -21 -1 224 -1 277 12 3582 820 1900
5 0.085 -37 14 306 -10 91 -71 3582 807 1910
6 0.071 -39 24 308 -73 -168 -82 3525 807 1885
6 0.085 15 -3 308 -40 -156 -100 3582 835 1895
7 0.128 24 1 209 -194 153 -46 3565 867 1910
6 0.085 25 15 256 -69 5 -72 3612 840 1905
5 0.085 67 7 303 21 -19 -70 3530 862 1890
5 0.085 2 14 240 62 133 -42 3520 850 1915
6 0.085 -48 14 202 -29 -6 -28 3540 867 1910
7 0.057 33 -24 303 -15 115 -12 3582 830 1910
6 0.085 49 -35 338 12 269 -46 3545 850 1885
6 0.085 -79 35 106 -145 87 54 3497 872 1947
5 0.085 -27 -74 95 45 -37 0 3512 845 1932
5 0.085 6 1 360 -38 -117 -14 3540 840 1915
6 0.071 -83 -8 212 -43 -67 -22 3502 840 1952
7 0.085 15 18 195 56 20 78 3507 820 1905
6 0.099 -53 17 176 137 -254 106 3502 862 1947
6 0.085 -5 3 259 -78 -4 120 3502 807 1870
5 0.099 -13 -6 262 97 -153 142 3525 830 1900
5 0.071 -19 -10 206 -29 -115 74 3502 850 1900
5 0.071 46 -5 317 -34 -76 40 3512 820 1910
5 0.085 55 -17 345 -59 75 22 3550 755 1957
6 0.071 -27 16 268 72 2 7 3570 807 1942
5 0.085 -28 17 291 24 -146 7 3530 777 1885
5 0.071 9 1 281 -2 -84 -11 3565 830 1905
6 0.085 -5 -5 224 -4 -125 -28 3525 855 1895
6 0.071 -29 9 204 -20 -26 -32 3545 835 1920
6 0.071 19 -3 258 14 175 -60 3530 862 1875
6 0.113 8 3 270 -75 -53 -26 3525 882 1915
5 0.071 0 -1 258 -37 -39 -35 3565 850 1895
6 0.071 7 4 263 -27 -69 -43 3525 840 1870
6 0.085 2 3 261 12 -68 -64 3540 862 1890
6 0.085 2 0 269 21 -91 -84 3575 835 1880
5 0.071 -1 -2 259 0 -121 -106 3565 845 1827
5 0.085 1 -8 253 9 -128 -118 3535 887 1832
6 0.071 3 -8 246 33 -84 -124 3550 850 1885
6 0.085 3 -6 245 10 -46 -124 3570 872 1885
6 0.071 3 0 252 7 -53 -120 3607 892 1885
5 0.085 4 1 255 23 -40 -115 3535 877 1895
5 0.071 7 3 255 11 -42 -104 3587 872 1847
6 0.113 7 5 252 2 -69 -91 3560 940 1852
6 0.071 10 4 257 3 -82 -88 3565 887 1847
5 0.085 13 1 251 -12 -101 -86 3597 887 1842
5 0.085 12 -1 247 -30 -79 -98 3587 892 1857
5 0.071 15 -1 241 14 -42 -100 3555 905 1847
6 0.085 9 0 205 -31 29 -92 3602 925 1852
6 0.085 7 -10 250 -17 -9 -79 3535 930 1837
6 0.071 2 -13 255 -1 18 -76 3540 905 1857
5 0.085 1 -8 270 8 17 -60 3575 915 1905
5 0.085 1 6 266 -9 26 -29 3575 925 1852
6 0.057 -7 3 255 14 43 -18 3540 925 1925
6 0.085 -30 19 241 16 69 -5 3602 952 1885
5 0.099 -15 7 211 67 333 -7 3570 872 1875
6 0.071 21 -3 274 11 259 43 3560 920 1875
6 0.057 -23 -5 184 -73 238 10 3555 892 1847
6 0.057 -27 -3 266 3 106 -12 3560 925 1857
6 0.085 -14 -5 285 1 57 -29 3550 892 1890
5 0.057 -2 -9 256 -17 -24 -5 3535 935 1880
6 0.085 5 -9 246 -29 -41 7 3530 887 1942
6 0.057 5 0 243 -14 -12 5 3472 925 1900
5 0.085 1 3 246 -2 23 -9 3477 915 1952
7 0.057 5 9 253 -31 56 -6 3497 897 1870
6 0.085 16 3 301 -62 117 3 3497 877 1972
5 0.057 2 2 262 13 86 -19 3540 967 1890
5 0.184 -3 -6 266 -23 67 22 3535 930 1920
6 0.071 3 -6 250 -20 47 69 3467 897 1932
5 0.057 4 0 251 -9 71 117 3512 925 1932
6 0.071 2 3 245 -7 107 142 3512 892 1910
5 0.057 -10 10 261 -40 75 167 3507 935 1932
5 0.085 -3 3 260 -22 20 173 3482 887 1932
5 0.071 2 -2 259 -3 -42 169 3512 892 1920
6 0.071 -7 -1 253 -6 -70 156 3497 910 1925
6 0.071 27 -11 313 68 -95 146 3492 897 1905
6 0.071 85 7 391 39 189 93 3507 935 1905
5 0.071 -37 17 232 57 -112 89 3570 845 1962
5 0.071 -7 20 224 72 -85 26 3530 850 1932
5 0.113 65 -5 340 26 -67 29 3520 845 1952
6 0.085 -28 -2 214 -56 59 -18 3530 862 1905
6 0.057 -6 15 281 87 -132 45 3525 855 1937
5 0.085 8 -15 178 51 -142 28 3520 887 1947
5 0.085 16 6 270 -7 75 48 3550 815 1947
7 0.085 32 10 307 -68 31 65 3520 830 1910
6 0.071 -38 5 181 -129 33 49 3535 830 1937
6 0.085 -22 0 196 -85 -80 49 3467 862 1977
5 0.099 26 -17 205 -14 32 93 3502 872 1952
5 0.085 44 -44 199 3 -27 75 3497 882 1962
6 0.085 -24 23 214 113 -34 40 3530 840 1932
6 0.099 10 -8 242 -113 316 14 3530 797 1962
6 0.128 24 -9 292 59 61 20 3525 825 1947
6 0.085 -28 2 250 32 -226 25 3472 862 1947
5 0.113 7 -25 209 -8 -182 74 3502 815 1977
6 0.113 34 -2 207 31 -126 24 3520 802 1910
5 0.085 48 -13 268 34 -20 2 3530 815 1972
6 0.099 2 13 279 -116 51 -3 3550 825 1932
6 0.099 -36 17 245 -120 368 -95 3525 807 1915
6 0.113 1 -14 292 106 -22 -78 3530 835 1915
5 0.085 3 0 318 82 -189 -96 3497 830 1905
5 0.099 7 7 286 -113 -47 -138 3507 850 1942
5 0.113 2 -5 230 47 -277 -183 3492 835 1952
6 0.099 4 -5 242 4 -262 -212 3540 807 1925
6 0.156 24 -5 270 74 -183 -208 3545 862 1895
7 0.099 36 -10 257 14 -125 -168 3535 897 1915
6 0.113 36 2 272 -16 -135 -170 3530 935 1932
6 0.099 115 20 358 59 442 -118 3530 887 1900
6 0.085 65 -13 239 -67 387 -119 3545 887 1937
6 0.099 -26 10 223 40 225 -180 3492 892 1920
5 0.099 -38 -1 294 12 63 -229 3487 920 1932
5 0.099 -18 -8 276 -45 -103 -204 3487 920 1942
5 0.113 -14 -11 247 -17 -188 -185 3467 957 1952
5 0.099 -14 -5 248 3 -193 -190 3502 935 1925
5 0.099 -29 -10 247 -17 -106 -130 3492 962 1932
5 0.142 25 -17 240 32 -105 -134 3530 995 1932
5 0.099 71 -8 329 30 -58 -72 3530 957 1925
5 0.085 7 6 280 -77 -63 -77 3507 1010 1915
5 0.099 -2 -5 213 11 -88 -95 3497 982 1900
6 0.113 -6 -1 219 -50 -132 -112 3507 972 1890
6 0.099 0 -22 273 55 -169 -120 3512 987 1910
6 0.085 -9 -13 276 23 -219 -109 3477 1000 1932
6 0.113 9 -22 254 -84 -213 -133 3520 972 1910
6 0.099 16 22 312 -129 323 -116 3512 1035 1852
6 0.113 157 12 452 231 429 5 3472 982 1885
5 0.071 -21 42 209 -122 464 -26 3512 1025 1947
6 0.099 -68 -5 178 9 273 25 3462 1030 1995
5 0.128 -63 -5 326 0 -36 -22 3467 1035 1942
6 0.099 -47 -4 304 22 -267 -20 3487 1005 1967
6 0.113 -16 6 219 -8 -358 -5 3492 1000 2015
6 0.099 83 -8 422 -139 219 -127 3492 982 1987
7 0.085 -7 30 353 198 31 -36 3482 1000 1932
6 0.099 6 16 283 28 183 -118 3520 1020 1957
5 0.099 21 -10 305 51 189 3 3512 1020 1932
5 0.085 -55 11 297 -19 -51 -14 3482 1010 1967
5 0.099 -36 3 265 -9 -96 28 3502 987 1947
7 0.099 -27 1 205 -43 48 39 3540 1015 1962
6 0.085 8 -16 199 15 184 55 3477 1020 1932
5 0.156 19 -22 238 -66 25 75 3540 982 2010
5 0.085 58 -5 391 -75 -16 120 3497 1030 1982
6 0.085 -18 2 318 46 -126 86 3430 1010 1937
7 0.099 -22 7 220 11 -138 73 3482 1010 1987
6 0.085 7 -28 193 133 -42 88 3492 982 2010
5 0.085 -55 -2 119 13 59 114 3472 1010 1972
5 0.099 -1 9 290 -6 137 51 3492 1020 2000
5 0.085 37 22 349 47 241 140 3507 957 1947
7 0.085 -36 27 268 -52 -118 159 3492 1015 1952
6 0.099 -11 19 358 -126 -112 188 3472 982 1925
6 0.099 -10 -6 281 -5 -72 166 3502 1010 1915
6 0.085 -8 8 255 -7 20 148 3467 957 1942
5 0.128 11 -10 250 -36 -119 128 3502 940 1925
6 0.099 -10 -13 125 116 -148 123 3502 935 1920
5 0.085 -29 -2 190 -18 114 111 3507 892 1890
5 0.099 -10 -12 271 67 -103 126 3497 915 1885
5 0.085 -12 5 262 -21 -63 126 3530 925 1905
5 0.085 5 1 258 5 -26 124 3525 892 1962
7 0.099 6 5 257 10 -2 112 3540 910 2015
5 0.085 0 12 236 -15 32 74 3555 905 1972
5 0.071 2 8 244 -12 46 24 3535 910 1900
6 0.085 3 7 246 -2 57 -25 3540 910 1925
6 0.085 7 4 262 -21 53 -70 3530 897 1932
5 0.085 3 -6 263 -14 24 -108 3507 910 1915
6 0.227 13 -16 256 -20 -7 -84 3492 930 1915
5 0.085 1 -10 250 2 20 -59 3520 892 1925
5 0.099 10 -12 260 31 49 -10 3512 892 1915
5 0.085 7 1 246 4 78 43 3507 910 1947
6 0.085 0 7 245 -4 80 96 3497 897 1905
5 0.099 -6 9 256 -4 104 127 3492 940 1925
5 0.071 -9 8 259 -4 124 149 3507 867 1920
6 0.085 -10 8 259 -30 127 145 3472 877 1932
6 0.085 -14 3 256 -34 144 117 3525 882 1972
7 0.071 -9 -5 253 -5 120 82 3477 872 1972
6 0.085 -15 3 249 -32 94 20 3502 892 1937
5 0.085 -13 -2 259 -38 85 -21 3507 877 1925
5 0.113 5 -4 259 -12 55 -74 3497 877 1925
5 0.085 0 0 251 -34 26 -82 3525 897 1987
7 0.085 -2 -3 266 7 10 -85 3497 872 1995
6 0.071 0 1 262 -28 1 -52 3487 867 2035
5 0.085 -2 -6 235 -19 0 -12 3420 855 1995
5 0.085 -4 -11 239 6 43 6 3455 905 1967
6 0.085 -2 -6 245 -27 93 27 3467 910 1995
7 0.057 -28 2 323 -79 86 51 3415 957 1942
5 0.085 -13 9 281 6 14 90 3440 930 1982
5 0.085 0 -18 221 20 -33 162 3425 887 1957
6 0.071 7 -21 224 -32 -58 171 3425 862 1982
6 0.085 8 0 242 53 -28 171 3482 877 2000
6 0.071 -9 17 277 10 9 148 3467 862 2025
5 0.128 -76 -34 158 133 -127 86 3487 887 1967
5 0.071 13 -46 165 -85 -65 58 3455 897 1995
5 0.071 -31 -1 297 -37 -176 -41 3497 882 1957
5 0.085 -52 7 217 42 3 5 3512 825 2000
6 0.085 11 -7 184 -78 214 22 3497 867 1987
5 0.057 -28 -30 300 19 -92 49 3492 850 1987
5 0.085 -10 -17 219 95 -59 57 3477 920 1967
5 0.071 -5 9 264 1 -43 90 3512 892 1937
6 0.057 2 7 256 -21 -71 109 3525 862 1942
6 0.085 8 -1 264 -13 -86 106 3482 840 1942
6 0.071 4 2 251 -30 -61 109 3530 872 1942
5 0.113 2 2 257 3 -8 95 3525 862 1957
6 0.057 -1 -8 241 -4 33 86 3455 825 1932
6 0.071 0 -8 245 4 75 68 3520 845 1977
5 0.057 -3 -9 260 16 77 47 3492 777 1977
7 0.085 -3 -3 265 18 65 19 3497 797 1942
6 0.057 2 1 246 17 44 -1 3487 815 1932
5 0.085 4 1 253 28 39 0 3445 787 1932
6 0.057 8 6 270 23 72 11 3492 840 1977
6 0.057 5 -1 238 39 86 10 3492 845 1947
6 0.085 15 5 260 -2 86 20 3467 862 1947
6 0.071 9 -2 250 -6 102 11 3482 802 1977
6 0.071 5 -8 256 2 84 22 3550 802 2000
5 0.085 4 -9 264 4 52 47 3507 872 2005
5 0.099 -2 3 247 -34 14 72 3467 765 1947
7 0.085 -12 -9 235 -35 -16 94 3507 825 2010
6 0.057 -17 -7 245 19 16 105 3512 802 1977
5 0.085 -9 4 277 15 0 111 3492 815 2000
5 0.071 -9 4 264 12 -40 101 3482 830 2010
6 0.085 -3 -2 256 31 -65 86 3507 787 2020
6 0.071 2 0 258 25 -66 53 3497 777 1957
5 0.085 2 0 258 43 -69 18 3482 782 1977
5 0.057 3 -1 263 39 -75 2 3512 820 1987
6 0.085 8 -6 257 29 -98 -19 3512 755 1982
6 0.085 2 1 250 22 -78 -24 3530 777 1972
5 0.085 18 -2 265 26 -31 -49 3512 792 1952
6 0.071 3 -2 251 15 11 -53 3492 797 1925
6 0.113 -4 6 264 -12 28 -59 3520 765 1947
6 0.071 -1 7 259 -3 26 -66 3450 717 1967
5 0.071 0 7 255 -24 29 -83 3520 797 1967
5 0.085 4 0 244 -15 36 -101 3525 815 1982
7 0.071 2 1 244 -10 55 -120 3530 835 1947
6 0.071 5 -3 261 11 53 -130 3497 802 1987
5 0.085 5 -5 266 9 19 -129 3497 850 2015
5 0.085 3 -6 259 9 -23 -116 3455 845 1967
6 0.071 3 -8 246 27 -40 -117 3477 840 1972
7 0.099 -4 -7 245 27 -33 -131 3512 772 1957
6 0.085 -5 -7 246 14 -51 -145 3507 845 1910
5 0.071 -4 -5 243 20 -89 -152 3482 872 1962
5 0.113 0 7 258 4 -123 -165 3507 867 1937
5 0.099 4 8 256 0 -137 -181 3512 862 1982
7 0.071 11 0 252 -24 -133 -182 3512 855 1952
6 0.099 15 -18 264 55 -101 -182 3575 872 1957
6 0.085 13 -2 263 -15 -50 -168 3525 872 1977
6 0.099 16 -10 245 -41 -25 -143 3492 910 1925
6 0.085 15 -5 245 -38 40 -112 3525 915 1937
5 0.085 9 8 258 -1 119 -70 3525 910 1942
5 0.085 7 22 264 -42 170 -28 3550 925 1947
6 0.071 2 13 268 -51 149 17 3467 935 1920
6 0.099 0 -4 277 -10 110 36 3487 935 1952
5 0.085 -1 -10 260 7 71 8 3482 945 1972
5 0.128 -1 -12 242 3 67 -60 3477 920 1942
6 0.085 -3 -6 242 10 61 -115 3462 920 1937
6 0.085 -7 0 257 45 33 -160 3477 930 1987
6 0.099 -4 2 260 45 3 -173 3440 887 1942
5 0.085 -5 5 262 18 -37 -169 3487 945 1977
5 0.099 -5 8 262 -37 -93 -150 3520 952 2020
7 0.085 -5 -6 272 -10 -125 -88 3467 925 1942
6 0.099 -2 -3 261 -43 -69 -40 3492 952 2005
6 0.085 2 -2 252 6 -22 1 3467 967 1987
5 0.085 -7 7 239 13 38 21 3492 962 2035
5 0.085 -9 6 244 -3 57 31 3545 945 2020
7 0.085 -10 2 269 3 28 36 3507 962 1982
6 0.227 7 -8 244 -41 -144 43 3462 995 1932
6 0.085 6 -14 243 -27 -156 16 3487 945 1952
6 0.085 0 -10 247 -6 -141 -16 3487 972 1952
6 0.085 3 -16 268 55 -121 -43 3497 915 1942
5 0.085 -1 -8 263 19 -130 -47 3492 957 1900
5 0.099 1 -3 251 14 -159 -39 3467 1035 1925
5 0.085 -3 0 246 27 -139 -35 3487 995 1920
6 0.085 -14 13 249 -7 47 -7 3502 977 1905
7 0.085 -7 1 229 15 -86 48 3520 962 1962
5 0.085 -14 -5 213 -40 -85 68 3555 982 1905
5 0.071 -17 -1 257 46 -80 68 3550 940 1925
5 0.085 -7 -4 258 -4 -102 74 3455 967 1885
5 0.113 3 0 253 1 -116 40 3467 967 1905
7 0.071 10 -3 252 17 -110 15 3540 972 1875
5 0.085 12 -4 251 6 -90 -6 3520 987 1885
5 0.071 9 -4 254 25 -68 -14 3545 972 1932
6 0.085 10 0 256 11 -54 -22 3540 962 1895
6 0.085 5 0 249 -8 -41 -30 3550 977 1885
5 0.085 3 4 249 3 -41 -32 3550 962 1915
5 0.057 2 2 254 -9 -32 -31 3555 1000 1885
6 0.085 -4 1 252 -12 -35 -17 3520 930 1885
6 0.085 66 3 344 49 161 -1 3512 925 1832
5 0.057 12 -8 216 -15 54 48 3520 940 1900
5 0.085 -18 23 251 -5 49 29 3497 957 1875
7 0.099 -18 2 263 19 46 24 3520 957 1915
6 0.071 -2 -8 256 -17 16 16 3525 957 1885
5 0.071 7 -7 261 13 -83 13 3535 962 1915
5 0.085 1 -10 246 24 -93 -5 3520 940 1865
5 0.071 -5 -12 198 106 -74 -20 3555 962 1857
7 0.085 8 2 219 -36 131 6 3545 995 1910
6 0.071 0 -4 245 -17 -95 24 3592 987 1952
5 0.071 2 3 267 -66 106 -2 3497 957 1905
5 0.085 -3 1 249 32 -28 22 3502 935 1905
6 0.071 -5 6 242 -89 52 12 3507 915 1952
7 0.085 0 0 259 49 13 9 3530 987 1942
5 0.071 -1 8 245 -51 -54 -9 3560 920 1875
6 0.099 -7 -17 202 38 1 -60 3570 915 1905
6 0.071 -4 -4 237 -56 -83 -87 3587 977 1865
6 0.085 -10 -33 147 -30 53 -113 3570 940 1870
5 0.071 -7 -8 264 19 -107 -125 3560 982 1910
5 0.085 -7 -3 279 -7 -116 -146 3530 995 1947
5 0.071 -4 -3 261 -11 -174 -114 3520 987 1885
5 0.085 -7 -6 250 -17 -188 -90 3550 962 1900
5 0.071 -12 2 239 -25 -147 -79 3520 1020 1905
6 0.085 6 -3 219 17 19 -52 3520 967 1865
6 0.057 61 6 326 49 209 -34 3530 977 1870
5 0.057 -4 14 192 20 592 -14 3492 1000 1857
5 0.057 -22 -10 166 -91 449 34 3502 987 1900
5 0.085 -27 -22 291 48 122 21 3502 977 1925
5 0.071 -39 5 299 16 -30 -4 3502 982 1962
6 0.071 -21 3 246 23 -140 12 3477 1005 1937
6 0.057 -14 4 233 10 -202 8 3525 1005 1900
5 0.071 -1 3 220 145 -99 61 3487 1005 1895
5 0.057 16 -5 198 18 75 58 3450 1010 1932
6 0.057 -14 -9 184 -1 94 68 3477 995 1932
7 0.057 -50 -3 220 44 33 75 3507 987 1920
5 0.057 22 -9 312 18 -10 78 3507 945 1947
5 0.057 -2 -6 242 -37 77 57 3467 967 1977
6 0.071 3 6 265 22 -156 114 3512 972 1910
6 0.057 10 2 235 -9 -70 171 3525 962 1905
7 0.071 3 -5 247 -25 -25 182 3535 977 1947
5 0.071 2 -4 261 -14 39 180 3592 977 1947
5 0.057 -7 -6 238 -37 68 155 3497 940 1942
6 0.043 16 -8 267 16 73 114 3497 867 1890
6 0.057 -2 -13 209 68 -27 98 3502 877 1932
7 0.057 0 -4 229 -10 14 72 3512 925 1837
5 0.071 -26 7 207 54 60 61 3472 925 1957
6 0.043 45 -2 279 22 7 38 3540 920 1937
6 0.057 -16 13 246 -22 -77 35 3535 930 1900
5 0.057 23 -6 305 46 -140 68 3507 935 1952
5 0.057 35 -18 288 -67 -81 95 3497 897 1977
5 0.057 -8 -24 183 40 -123 113 3520 897 1937
6 0.085 -14 -1 219 57 178 145 3525 877 1900
6 0.071 -15 -6 178 2 8 156 3512 925 1925
6 0.043 6 -2 261 56 15 162 3487 887 1937
5 0.057 9 4 282 -7 47 152 3502 897 1962
6 0.043 -9 10 250 3 -63 123 3530 855 1972
6 0.071 -16 13 247 20 -30 94 3512 850 1885
5 0.057 8 -2 247 -3 53 65 3575 882 1962
5 0.057 -7 -1 240 26 -85 23 3492 877 1942
6 0.057 27 -9 283 -7 -32 11 3492 815 1937
7 0.057 -8 -2 244 22 -23 3 3487 867 1995
5 0.057 -5 -3 243 -15 -52 12 3472 887 1915
5 0.071 -9 -3 215 5 3 10 3520 872 1905
6 0.071 23 2 293 21 -37 45 3555 840 1920
6 0.071 1 -10 228 -24 16 81 3535 815 1947
6 0.057 2 -2 274 -29 -26 95 3492 845 1910
5 0.057 -16 0 226 -11 21 101 3530 815 1977
6 0.057 -6 -3 255 2 -60 115 3497 787 1942
6 0.043 -7 -5 262 31 -77 109 3575 835 1987
5 0.057 6 -8 260 14 -98 130 3520 840 1932
6 0.071 7 -7 247 18 -106 145 3565 855 1890
6 0.057 3 -4 254 22 -93 155 3565 825 1910
6 0.057 4 0 262 27 -80 157 3540 802 1895
5 0.057 3 4 258 29 -92 166 3525 782 1875
5 0.057 -6 9 251 22 -123 159 3587 825 1915
6 0.057 0 8 258 24 -146 142 3570 802 1885
5 0.142 -1 -4 254 -14 -244 90 3525 740 1885
6 0.057 101 -20 338 -44 291 136 3570 772 1900
6 0.057 42 -17 168 42 186 97 3520 765 1857
6 0.043 3 4 229 -50 311 123 3560 792 1852
5 0.057 -15 10 279 10 132 64 3597 760 1900
5 0.057 -12 14 292 -19 27 40 3535 750 1847
6 0.043 -7 -14 261 17 -66 40 3575 745 1885
6 0.057 -2 -4 239 -28 -88 39 3565 787 1925
6 0.057 10 -6 253 -1 63 22 3575 772 1885
6 0.057 2 -1 240 3 -14 14 3540 745 1915
5 0.057 19 7 278 4 43 -19 3560 670 1920
6 0.043 2 -11 239 14 79 -9 3545 682 1915
5 0.071 -2 -5 256 -20 76 -26 3592 745 1880
5 0.043 -2 -8 243 44 -21 -37 3607 760 1915
6 0.057 -5 4 248 -10 -26 -53 3602 740 1895
6 0.057 4 -10 233 28 40 -60 3602 750 1937
6 0.028 -1 -11 218 -13 -30 -53 3587 707 1910
5 0.057 -6 -9 199 -11 29 -61 3535 755 1880
5 0.057 9 6 289 -13 36 -51 3535 792 1875
7 0.043 -10 1 259 14 -38 -56 3560 730 1910
6 0.057 2 -8 278 -36 -35 -39 3587 787 1885
5 0.028 6 -12 260 15 -25 -38 3550 760 1920
5 0.057 -6 4 239 7 -35 -23 3607 755 1920
6 0.057 45 3 314 -17 131 -25 3602 772 1925
7 0.057 21 -3 288 -24 29 -38 3550 765 1952
6 0.057 -5 5 240 2 -31 -49 3545 807 1952
5 0.043 18 -3 263 -53 19 -74 3550 797 1947
5 0.043 -15 0 230 14 -65 -81 3520 777 1900
6 0.043 13 4 279 -27 -97 -75 3575 782 1870
6 0.057 9 -7 263 23 -81 -93 3555 830 1915
5 0.057 3 -3 260 -13 -90 -79 3545 802 1895
5 0.043 3 -6 249 -5 -98 -65 3555 787 1875
6 0.057 4 -3 247 -21 -72 -53 3555 825 1905
6 0.057 3 -2 251 -29 -40 -49 3555 792 1875
6 0.043 0 7 253 -35 -29 -25 3560 820 1880
6 0.043 3 6 256 -33 -29 4 3565 792 1920
5 0.071 -2 4 259 -28 4 49 3560 797 1865
6 0.043 4 -1 249 2 33 79 3582 820 1900
5 0.028 -1 6 236 -2 167 68 3592 787 1885
5 0.043 26 -14 220 -45 261 113 3525 792 1890
7 0.028 8 -16 256 -47 248 112 3560 807 1880
6 0.057 -1 1 314 44 170 108 3545 787 1895
5 0.028 -19 -1 279 -20 140 71 3512 765 1895
5 0.043 -28 -8 244 23 7 46 3545 825 1962
6 0.043 -8 1 261 10 62 15 3545 782 1957
7 0.028 5 -3 248 23 44 24 3545 750 1915
5 0.043 5 3 245 -2 58 12 3502 740 1910
6 0.043 -1 -2 279 -16 79 10 3492 772 1865
6 0.043 -5 2 262 -1 45 18 3540 740 1920
5 0.043 -6 -3 260 -10 19 23 3520 760 1937
6 0.028 -7 -9 260 12 -2 11 3535 765 1932
6 0.043 -15 -2 235 5 10 5 3497 760 1920
6 0.043 -17 -6 222 -20 72 -32 3535 792 1910
5 0.028 -17 -3 266 11 45 -89 3502 755 1932
5 0.028 -29 6 266 -9 73 -151 3525 740 1947
6 0.028 -33 -1 256 0 27 -206 3507 772 1957
6 0.028 -25 -4 266 1 3 -253 3502 782 1952
5 0.014 -19 -4 256 -12 -26 -274 3565 797 1952
5 0.014 -10 -14 245 -7 0 -273 3492 787 1932
5 0.014 -6 -8 245 -9 44 -249 3512 830 1942
6 0.043 -6 -2 244 -8 45 -186 3525 820 1937
6 0.014 2 0 260 -4 30 -133 3492 830 1987
5 0.014 2 -1 258 -7 3 -83 3492 850 2025
6 0.014 8 2 269 7 -1 -30 3492 862 1967
5 0.014 -1 2 246 -7 20 11 3530 845 1967
5 0.028 11 1 251 -11 69 34 3507 835 1915
7 0.014 7 0 259 -15 44 39 3462 872 1982
5 0.014 10 -3 268 5 42 25 3450 882 1915
5 0.014 -9 -4 264 3 4 12 3467 845 1942
6 0.028 -11 0 286 -4 -42 -1 3450 825 1995
5 0.014 -1 -4 249 -13 -6 2 3525 830 1972
5 0.014 -9 0 238 -5 18 12 3487 850 1995
6 0.014 -8 0 269 -18 -12 24 3482 820 2005
5 0.014 -7 -1 260 -14 -30 42 3477 835 1947
5 0.028 -6 0 253 0 3 54 3525 825 1977
6 0.000 -4 1 241 -21 23 76 3502 815 1932
5 0.014 -8 -4 256 -5 3 85 3497 855 1952
5 0.014 -11 -4 252 -8 -9 88 3467 840 1995
6 0.014 -5 -8 252 -4 -7 89 3525 850 1977
5 0.000 -4 -5 261 -7 14 94 3507 862 1957
5 0.014 -8 -1 249 -1 8 103 3545 820 1982
6 0.000 -6 4 249 -1 -12 120 3530 815 1962
6 0.014 6 2 266 -1 -23 131 3525 825 1987
5 0.000 1 4 260 -15 -16 136 3512 802 1972
6 0.028 0 0 269 -12 -24 135 3502 797 2015
6 0.014 -4 -7 253 -10 -20 116 3492 735 1972
5 0.000 -5 -7 254 -7 -8 97 3487 845 2010
6 0.014 -9 -5 253 -7 -6 76 3487 802 2025
6 0.000 -6 -4 265 4 -10 67 3497 765 1995
5 0.000 -7 -3 257 -5 9 57 3525 735 1972
6 0.014 -12 2 251 0 -9 47 3530 782 1952
6 0.000 -8 2 255 -3 -5 40 3512 760 1977
5 0.000 -9 -2 256 -3 -7 29 3520 782 1982
6 0.000 -8 -6 257 -1 4 21 3467 750 2005
5 0.000 -5 -6 253 1 13 11 3502 740 1962
5 0.000 -2 -3 254 -1 10 2 3535 825 1987
6 0.000 -1 -3 256 1 7 0 3545 815 1947
5 0.000 0 -1 254 4 0 4 3535 760 2000
6 0.000 5 -2 255 0 8 9 3520 787 2010
5 0.000 7 5 266 7 17 16 3530 782 1972
6 0.000 -6 -4 248 6 6 7 3487 787 1987
6 0.000 0 1 252 -2 -4 -11 3525 735 2025
6 0.000 -6 -5 255 -1 -12 -23 3507 735 1977
6 0.000 -5 -8 258 -5 -2 -40 3535 717 1925
6 0.000 -16 -5 246 9 -5 -54 3497 792 1967
