5 0.000 1 0 257 2 0 0 3535 1067 1842
5 0.000 1 -3 257 -3 1 1 3520 1100 1910
6 0.000 2 -4 260 3 -1 -1 3502 1100 1905
6 0.000 -1 0 256 2 5 3 3497 1100 1857
5 0.000 2 0 259 0 -4 0 3477 1152 1880
6 0.000 0 -2 255 1 2 0 3462 1095 1880
5 0.000 -2 1 256 3 0 0 3507 1125 1857
6 0.000 -1 0 260 -1 5 3 3487 1110 1880
6 0.000 2 -3 255 4 2 -2 3467 1085 1880
6 0.000 3 -1 259 3 3 1 3507 1110 1870
5 0.000 1 -2 257 2 1 -3 3467 1005 1852
6 0.000 3 -3 259 4 1 -1 3502 1072 1895
6 0.000 1 0 259 2 3 2 3550 1072 1812
5 0.000 4 -1 255 4 -1 -4 3472 1042 1880
6 0.000 0 -2 256 4 1 2 3497 1072 1900
5 0.000 2 0 257 1 -1 3 3497 1090 1885
6 0.000 0 -2 255 2 6 -1 3440 1110 1900
5 0.000 2 -2 256 2 0 0 3482 1120 1905
6 0.000 1 0 257 1 3 0 3507 1090 1880
5 0.000 0 -2 259 -1 3 0 3507 1137 1937
6 0.000 2 -2 260 4 2 0 3482 1137 1885
5 0.000 -4 0 254 2 2 -2 3467 1162 1937
6 0.000 1 0 253 1 -1 4 3535 1120 1880
5 0.000 1 -2 257 2 1 3 3530 1090 1885
7 0.000 0 -3 260 0 0 3 3512 1100 1920
5 0.000 -1 -1 255 -1 -2 -3 3502 1105 1885
5 0.000 1 -1 258 -1 -4 3 3520 1067 1905
6 0.000 1 -1 258 0 4 -2 3497 1120 1890
5 0.000 1 -3 255 4 -1 -1 3507 1120 1900
7 0.000 1 -1 258 3 2 -1 3530 1152 1885
5 0.000 1 1 261 0 1 -1 3520 1132 1947
6 0.000 -1 -1 259 7 4 2 3467 1105 1890
5 0.000 -2 1 256 4 2 0 3487 1072 1890
5 0.000 0 -1 259 2 1 6 3467 1077 1885
6 0.000 1 0 257 -3 2 0 3472 1085 1905
5 0.000 0 -1 259 -2 -1 -1 3507 1100 1885
6 0.000 -2 0 257 5 0 -2 3525 1137 1900
5 0.000 1 -2 255 1 1 1 3512 1100 1875
6 0.000 0 -3 256 6 2 0 3512 1125 1910
5 0.000 1 -2 255 0 1 3 3512 1147 1910
6 0.000 -4 0 255 1 3 0 3535 1110 1802
5 0.000 0 1 258 2 -3 1 3512 1137 1925
6 0.000 0 -1 255 2 2 3 3550 1142 1890
5 0.000 1 -1 260 4 1 1 3482 1120 1900
6 0.000 -3 0 253 3 0 1 3462 1137 1895
6 0.000 1 -3 256 -2 -2 1 3455 1110 1920
5 0.000 0 -1 258 2 -3 -1 3492 1105 1875
6 0.000 2 -2 255 2 3 -2 3502 1077 1905
5 0.000 0 -1 256 1 0 0 3477 1077 1932
6 0.000 3 -2 256 1 0 1 3472 1062 1920
5 0.000 -1 -1 257 3 0 2 3502 1100 1895
6 0.000 -1 -2 257 -2 1 1 3502 1072 1937
5 0.000 -1 0 259 1 3 1 3477 1085 1910
5 0.000 3 -2 259 2 6 1 3477 1120 1842
5 0.000 1 0 257 0 2 4 3462 1057 1900
6 0.000 0 -1 256 5 0 -1 3477 1090 1885
5 0.000 -2 1 258 5 -6 1 3487 1090 1880
5 0.000 -1 -2 256 2 2 -1 3462 1010 1885
6 0.000 1 -2 259 2 1 1 3435 1100 1885
5 0.000 -1 -1 250 2 -1 1 3512 1105 1890
6 0.000 2 0 256 5 0 -5 3512 1085 1895
6 0.000 3 -2 255 2 1 1 3535 1072 1890
6 0.000 0 -2 257 1 6 1 3497 1125 1865
5 0.000 0 0 257 3 1 2 3512 1125 1895
6 0.000 0 -1 255 3 0 2 3555 1085 1925
5 0.000 0 0 258 3 -1 2 3450 1100 1895
6 0.000 1 0 254 0 1 2 3502 1105 1870
5 0.000 0 -1 254 1 0 4 3440 1077 1932
6 0.000 1 -1 257 2 -2 2 3512 1100 1915
5 0.000 -1 -1 256 0 4 2 3497 1085 1870
5 0.000 1 -1 259 2 -2 5 3482 1115 1895
6 0.000 2 -2 261 3 4 -2 3487 1120 1890
5 0.000 0 -3 256 1 0 1 3502 1095 1895
6 0.000 0 -2 255 2 1 3 3497 1042 1865
5 0.000 0 -2 258 1 1 0 3492 1095 1875
6 0.000 0 -4 256 4 0 -1 3497 1125 1920
5 0.000 0 -1 257 0 0 1 3482 1152 1915
7 0.000 1 -1 259 0 -1 1 3462 1125 1885
5 0.000 1 0 256 4 -2 2 3502 1125 1995
5 0.000 1 -3 257 0 3 1 3482 1090 1932
6 0.000 2 -2 256 1 5 -1 3507 1077 1885
5 0.000 0 -3 263 0 -1 0 3512 1090 1890
7 0.000 1 -3 257 0 1 1 3502 1125 1857
5 0.000 -1 0 256 1 -1 -1 3492 1085 1900
6 0.000 -1 -2 255 2 -1 2 3477 1110 1920
5 0.000 2 -2 258 -1 -1 4 3492 1085 1885
5 0.000 0 0 258 0 -3 0 3535 1120 1932
6 0.000 2 -2 259 5 2 -2 3512 1035 1880
6 0.000 1 0 258 3 2 -2 3540 1072 1880
6 0.000 0 -3 260 1 -1 -2 3492 1057 1937
5 0.000 0 0 258 -1 -3 -4 3497 1132 1895
6 0.000 -1 -2 255 0 -3 0 3467 1137 1880
5 0.000 1 -2 261 1 2 2 3497 1105 1880
6 0.000 2 -1 259 -2 1 1 3507 1095 1895
6 0.000 -1 -2 260 5 -2 0 3472 1105 1932
5 0.000 -2 -3 257 5 1 -2 3492 1110 1905
6 0.000 1 -1 254 2 3 3 3507 1047 1885
5 0.000 0 -3 257 0 3 3 3507 1072 1870
6 0.000 1 -1 257 5 4 1 3472 1025 1905
5 0.000 1 0 258 0 -1 1 3512 1115 1875
6 0.000 0 0 255 8 -8 -1 3482 1115 1900
5 0.000 -2 -2 254 8 -18 -9 3520 1072 1952
5 0.000 2 -3 255 3 -20 -7 3487 1085 1885
6 0.000 6 -1 251 -1 3 -9 3492 1057 1885
6 0.000 9 -1 254 14 36 -20 3492 1072 1880
5 0.000 9 -4 260 14 49 -25 3487 1105 1937
5 0.000 7 6 258 -11 33 5 3502 1057 1885
6 0.000 6 0 260 -5 16 28 3482 1095 1890
6 0.014 8 -1 259 -6 -3 56 3512 1085 1870
5 0.014 5 -3 256 -4 -11 70 3492 1110 1875
6 0.000 10 -5 261 -8 -4 72 3487 1072 1870
6 0.000 7 -5 256 1 8 56 3482 1072 1895
5 0.014 6 -4 251 7 1 27 3520 1100 1937
7 0.014 3 0 252 5 -4 -11 3492 1100 1895
5 0.000 8 1 257 3 7 -48 3450 1105 1925
6 0.014 7 3 257 6 13 -70 3440 1120 1925
6 0.014 11 3 256 -3 14 -96 3445 1042 1905
5 0.014 9 0 257 8 16 -104 3525 1132 1852
5 0.014 9 -5 249 -1 27 -98 3497 1132 1870
5 0.014 13 -4 254 -4 -2 -53 3507 1120 1865
6 0.028 10 -5 259 1 -7 -15 3535 1095 1925
6 0.028 4 -5 253 17 7 23 3512 1105 1890
5 0.014 5 -3 258 16 16 45 3492 1100 1895
6 0.014 -4 0 262 13 4 59 3467 1095 1890
6 0.028 -2 -2 257 18 -40 61 3472 1105 1895
5 0.014 5 3 258 16 -63 66 3512 1120 1925
5 0.028 14 2 259 16 -72 57 3487 1115 1890
6 0.028 17 2 256 17 -86 64 3482 1072 1895
6 0.028 21 3 250 10 -87 49 3482 1090 1915
6 0.028 20 -3 229 9 -17 48 3472 1085 1870
5 0.028 16 2 256 10 -51 45 3467 1000 1937
6 0.043 23 2 255 19 19 32 3487 1085 1865
5 0.043 27 0 254 0 39 43 3492 1072 1937
5 0.043 18 -3 245 0 65 75 3482 1077 1852
7 0.028 14 -1 256 -13 65 103 3512 1052 1910
6 0.057 17 -7 257 40 42 135 3472 1115 1865
5 0.043 7 -7 238 20 53 170 3497 1120 1880
5 0.043 9 -6 240 19 30 170 3530 1137 1920
6 0.028 -3 -1 273 19 -25 167 3450 1042 1875
7 0.057 4 -1 274 43 -48 132 3507 1057 1842
6 0.043 16 0 260 22 -48 108 3477 1042 1890
5 0.057 10 6 245 28 -22 63 3535 1035 1857
5 0.043 17 3 267 14 -20 42 3555 1052 1900
6 0.085 16 1 253 10 -40 1 3472 1025 1895
7 0.057 19 2 267 3 -48 16 3507 1030 1890
5 0.057 14 5 252 -6 -28 37 3512 1020 1847
5 0.057 24 -4 251 -2 -10 68 3487 1015 1885
6 0.057 18 4 254 9 28 102 3545 1052 1842
6 0.057 8 8 257 -12 38 153 3535 1085 1895
5 0.071 15 7 262 -18 71 179 3545 1052 1900
5 0.057 4 3 254 -24 69 194 3487 957 1857
6 0.071 5 -1 254 -15 55 178 3530 962 1915
6 0.057 6 -6 249 -19 31 153 3535 940 1875
5 0.071 10 -4 252 -6 63 110 3512 962 1847
5 0.071 19 -5 247 27 70 74 3487 977 1865
7 0.057 6 0 262 12 46 37 3482 925 1910
6 0.099 -7 9 278 -22 -14 -9 3487 977 1837
5 0.071 1 -4 245 12 -24 5 3497 962 1857
6 0.085 7 -2 248 25 7 23 3497 1030 1857
6 0.071 12 -6 259 9 -14 58 3455 957 1847
6 0.071 16 -12 270 14 -31 83 3482 925 1880
5 0.071 4 2 252 34 -9 136 3455 967 1870
6 0.085 16 1 254 8 33 149 3530 1030 1885
6 0.071 11 4 258 -15 27 166 3462 1015 1857
5 0.085 7 1 258 -3 17 160 3520 935 1870
5 0.071 5 7 258 -14 67 146 3507 935 1885
6 0.099 3 9 270 -30 66 105 3492 935 1925
6 0.085 -6 6 258 -50 11 65 3535 887 1852
5 0.113 -4 -2 253 -61 -109 5 3482 910 1885
5 0.085 31 -8 226 -28 -64 -16 3487 910 1885
5 0.085 10 2 234 0 15 -13 3482 935 1837
6 0.085 12 -1 281 -7 46 5 3530 945 1865
6 0.085 0 2 284 -14 -21 57 3525 935 1885
5 0.085 0 -7 260 -15 -37 110 3550 920 1895
5 0.099 -10 -10 217 -28 -65 192 3520 920 1900
5 0.085 0 -7 249 9 -39 215 3502 882 1885
7 0.099 8 2 265 -5 7 230 3492 850 1900
5 0.085 11 0 252 -5 34 216 3512 867 1880
5 0.085 16 3 249 2 96 185 3492 815 1880
6 0.085 16 2 246 19 149 141 3540 845 1842
6 0.128 11 3 265 8 230 63 3497 867 1937
6 0.085 9 -1 261 20 233 25 3545 862 1900
5 0.099 5 -5 271 17 238 5 3530 845 1967
6 0.085 -1 -3 259 -15 215 -2 3512 850 1932
6 0.099 -5 4 260 -29 188 11 3512 845 1952
5 0.085 -9 4 256 -15 173 54 3492 840 1947
6 0.085 -6 7 264 -8 170 101 3502 850 1947
6 0.099 -7 6 249 -11 181 150 3512 840 1982
6 0.085 -4 1 248 -15 194 171 3497 807 1977
6 0.099 3 -11 251 8 204 164 3462 830 1982
5 0.085 2 -11 246 20 227 141 3440 820 1987
5 0.099 2 -10 258 20 212 102 3415 772 2025
5 0.085 -6 0 264 7 203 65 3435 815 1982
6 0.128 -7 6 258 6 175 -2 3455 772 2000
5 0.085 -11 11 257 -10 143 -43 3445 777 1982
5 0.113 -11 5 252 -15 108 -83 3420 765 2040
5 0.085 -13 4 254 -36 65 -98 3440 777 2000
5 0.099 -15 5 268 -32 17 -84 3440 782 2045
6 0.113 -20 -10 274 4 -6 -39 3410 792 2045
6 0.085 -16 -18 270 53 -9 19 3425 815 2072
6 0.099 -6 -20 253 54 -15 84 3455 772 2092
5 0.099 -2 -20 250 70 -11 124 3420 792 2025
6 0.099 1 -5 232 82 11 137 3445 825 2010
6 0.085 -4 11 244 63 28 113 3410 845 2035
6 0.113 -5 18 254 37 32 72 3435 782 2040
6 0.255 -3 2 250 36 69 -83 3440 750 2050
6 0.113 -10 -10 248 26 50 -141 3420 772 2045
6 0.099 -7 2 248 35 27 -132 3415 755 2072
5 0.099 3 9 273 44 -43 -143 3425 820 2045
5 0.099 -9 51 284 -47 -142 -53 3435 807 2045
5 0.113 -62 1 346 -114 -454 -46 3435 787 2077
6 0.099 7 0 72 21 -271 -76 3462 745 2062
6 0.113 -39 -14 101 12 -5 -45 3440 825 2020
6 0.113 -113 31 493 -17 -571 -45 3472 777 2040
6 0.099 37 -50 124 80 -83 -82 3487 802 2015
6 0.113 21 -12 318 120 -131 -73 3462 840 1967
7 0.128 -32 -1 264 -14 12 29 3462 830 1952
5 0.099 -13 -31 328 15 -26 61 3507 855 1937
5 0.085 27 -8 121 70 311 36 3487 815 1962
5 0.085 -86 4 257 -118 -193 44 3467 820 2045
6 0.113 38 -22 85 -71 192 8 3462 797 1967
7 0.085 -134 -26 393 -146 -20 -34 3467 807 2015
6 0.085 191 -34 229 208 252 3 3462 840 1972
6 0.085 -91 67 391 120 -141 34 3425 815 1967
5 0.113 -62 21 146 -30 69 21 3430 850 1972
5 0.085 -18 9 100 -119 238 19 3482 807 2005
6 0.085 1 -4 291 -11 -112 165 3482 815 2025
6 0.099 -54 25 212 -82 67 148 3430 830 1957
6 0.113 54 -20 187 -37 112 154 3467 802 1977
6 0.085 -51 -9 293 50 176 182 3502 777 1957
6 0.085 24 -20 234 -1 90 173 3455 802 2015
6 0.085 6 -20 224 -23 -20 147 3425 792 2010
5 0.085 -161 12 406 -120 -76 40 3435 750 2000
5 0.085 45 -37 231 39 -253 73 3440 755 2025
5 0.085 -96 -7 253 11 -63 5 3487 735 2015
6 0.071 -106 -46 314 74 -155 -76 3492 707 2015
6 0.071 46 11 229 185 -62 -95 3462 765 1977
6 0.085 -57 11 379 38 -128 -104 3420 702 1987
6 0.071 28 14 187 -14 -80 -56 3440 772 2000
6 0.113 43 5 231 -80 -13 -47 3487 750 2015
5 0.071 -5 6 262 -51 -108 -49 3415 797 1987
5 0.071 0 8 243 23 -226 -86 3415 850 2010
6 0.071 -11 -5 131 -100 -38 -75 3502 820 1947
6 0.085 19 6 292 34 -108 -96 3492 797 2005
6 0.071 -158 73 377 -177 -661 -74 3497 797 1957
6 0.099 129 -34 194 11 -286 -128 3565 782 1942
6 0.085 94 -53 241 14 -69 -95 3550 782 1920
6 0.085 33 -19 291 -28 116 -77 3507 815 1947
5 0.071 16 5 269 -10 96 -5 3467 765 1900
5 0.071 -1 -7 249 -21 81 -3 3482 802 1962
6 0.085 -5 4 244 -76 59 -2 3497 802 1937
6 0.099 -8 4 232 -36 51 -16 3530 782 1967
6 0.085 1 -6 267 -4 96 11 3492 830 1982
5 0.071 2 -2 256 -23 132 31 3482 807 1995
6 0.071 -16 -5 260 0 117 73 3502 820 1942
6 0.071 -8 -3 252 -25 75 89 3487 815 1957
5 0.085 -89 11 338 1 138 95 3525 825 1967
6 0.071 27 -1 244 8 146 55 3477 787 1962
6 0.071 5 4 244 -98 -5 19 3472 797 1957
6 0.071 16 -1 176 72 155 -17 3467 772 1987
5 0.085 -82 24 282 -57 -87 -48 3450 787 1977
5 0.071 1 -2 274 94 -114 -50 3477 782 1987
5 0.085 -4 -7 213 -54 32 -123 3512 802 1995
6 0.099 -66 14 275 -10 -143 -89 3472 825 2025
6 0.071 35 -14 312 5 -92 -170 3477 830 1995
6 0.085 53 -1 241 185 15 -116 3507 845 2000
6 0.057 -9 4 364 11 -44 -101 3502 740 1962
5 0.071 -54 5 169 -9 -41 -66 3502 792 1982
5 0.085 9 -14 223 68 35 -66 3530 787 1987
6 0.071 -91 16 394 -9 -17 -26 3472 820 1895
6 0.071 7 7 290 61 -59 -26 3477 815 1947
6 0.071 12 -1 274 36 -93 11 3507 830 1915
5 0.085 5 -11 198 -70 -3 26 3487 845 1925
5 0.057 -45 -1 272 33 -18 24 3525 862 1972
6 0.085 14 -12 235 47 66 30 3520 855 1957
6 0.099 -48 22 385 -70 -67 26 3462 867 1987
6 0.071 49 -2 260 82 21 -22 3482 862 1972
5 0.071 12 -15 376 -63 -312 20 3477 835 1920
5 0.085 66 -29 232 6 21 -30 3507 840 1942
6 0.057 7 9 245 65 89 -13 3492 872 1932
6 0.071 24 31 393 -79 -35 -43 3502 835 1925
5 0.085 -25 35 322 40 21 31 3502 840 1947
5 0.071 12 -23 224 -1 -82 34 3530 867 1972
6 0.071 -7 -13 143 -19 -7 18 3492 815 1937
6 0.085 -79 6 331 -62 -132 -35 3512 807 1942
6 0.071 -28 -9 275 98 -121 11 3520 882 1932
6 0.085 -37 8 339 51 -106 9 3497 802 1977
5 0.085 -1 -4 233 9 -52 63 3502 850 1937
6 0.085 35 -9 269 22 -36 2 3512 910 1972
6 0.057 11 -22 238 41 109 32 3477 867 1890
6 0.071 21 -10 254 25 78 43 3455 820 1962
5 0.071 -71 -15 198 -43 44 116 3507 825 1910
5 0.071 -10 -4 170 107 -63 68 3497 820 1952
6 0.071 4 -11 211 -58 8 55 3540 872 1937
6 0.071 1 -10 218 82 56 66 3477 855 1952
6 0.057 21 14 268 5 128 78 3502 825 1957
5 0.085 43 -20 302 10 -21 42 3530 840 1932
5 0.071 -5 9 213 4 14 109 3525 802 1885
6 0.057 2 -2 281 -38 -6 126 3535 825 1895
6 0.184 11 0 301 -45 -164 107 3492 825 1910
6 0.085 -3 -2 227 -64 -23 104 3520 807 1870
6 0.071 -5 -3 236 21 99 90 3507 782 1915
5 0.057 -50 3 329 -71 -236 135 3472 755 1857
5 0.071 27 -13 202 14 84 101 3507 772 1910
5 0.057 8 -26 293 23 -25 144 3530 750 1885
6 0.071 -6 -2 256 71 34 94 3512 777 1885
6 0.057 5 -4 202 26 88 99 3540 760 1865
5 0.057 9 6 297 62 77 41 3535 760 1915
7 0.071 7 21 232 29 104 90 3520 712 1905
6 0.057 -21 1 331 -48 -80 36 3520 755 1895
5 0.057 22 5 220 77 11 12 3540 750 1895
5 0.085 30 -4 218 10 24 23 3582 735 1885
6 0.057 -54 9 312 -8 -64 27 3550 760 1900
7 0.071 11 -3 258 34 75 53 3612 712 1895
5 0.057 -9 5 284 -7 -30 61 3565 745 1865
5 0.057 16 -9 264 2 40 82 3555 730 1905
6 0.057 -19 1 252 38 -47 60 3530 755 1932
6 0.071 19 -5 221 -21 0 122 3512 740 1942
6 0.057 -8 4 248 18 14 31 3520 717 1952
5 0.057 7 4 271 -37 61 -27 3525 717 1932
6 0.057 -2 -25 214 -13 -84 -97 3525 750 1962
6 0.057 4 -1 220 -18 -38 -112 3535 707 1910
5 0.043 -38 -1 206 2 -96 -161 3520 745 1910
5 0.071 2 -5 218 -77 -194 -188 3597 745 1905
5 0.071 -6 2 242 -12 -100 -151 3545 787 1875
5 0.057 6 2 272 -6 -9 -116 3530 740 1875
6 0.057 12 -2 258 -10 49 -63 3545 797 1890
6 0.043 8 -14 250 17 36 5 3587 760 1900
5 0.057 3 -12 205 -17 93 64 3525 772 1947
5 0.057 -2 7 258 -19 9 121 3482 750 1910
6 0.057 5 9 289 -20 31 140 3535 765 1920
5 0.057 14 0 251 1 44 160 3512 772 1885
5 0.057 12 6 248 15 61 168 3555 755 1905
6 0.057 3 11 239 8 84 153 3550 740 1885
7 0.071 -21 0 270 0 26 122 3555 750 1920
5 0.057 -14 9 223 13 65 47 3497 682 1932
5 0.071 -134 28 246 -46 -44 -39 3492 725 1900
6 0.057 -54 -4 252 2 -19 -82 3520 707 1957
6 0.057 -18 3 241 22 -18 -120 3540 717 1870
7 0.043 -7 -1 221 -24 2 -190 3540 772 1972
5 0.043 40 -19 218 38 -60 -167 3530 735 1932
5 0.057 -30 -1 243 10 -2 -169 3525 725 1900
5 0.043 9 -1 267 -45 5 -181 3507 745 1957
6 0.043 10 -10 249 35 -88 -167 3545 760 1890
7 0.043 8 -5 213 -55 -12 -148 3535 772 1910
6 0.057 24 -9 251 35 -77 -129 3540 792 1890
5 0.043 25 -10 304 -8 -71 -110 3535 835 1885
5 0.057 20 -15 224 37 -1 -97 3525 745 1942
5 0.057 7 4 263 16 32 -103 3535 797 1905
7 0.043 11 -7 277 -8 52 -126 3530 820 1880
6 0.071 -5 0 259 30 41 -125 3535 797 1880
5 0.057 15 3 243 34 -38 -108 3507 815 1900
5 0.043 -88 28 422 21 -315 -118 3535 840 1905
6 0.057 15 -4 196 -43 -127 -124 3540 797 1865
6 0.057 18 -1 226 -18 -16 -107 3587 797 1880
6 0.057 6 1 273 -4 40 -75 3520 835 1875
5 0.043 20 -2 264 -13 65 -55 3570 850 1842
5 0.071 6 -1 242 -14 61 -21 3520 820 1847
6 0.057 14 -6 253 -14 43 -2 3550 845 1875
6 0.057 12 -4 259 -12 66 17 3435 855 1885
5 0.071 11 -2 256 -15 121 47 3535 835 1852
5 0.057 10 -1 255 -8 144 59 3497 850 1895
5 0.071 -4 1 255 28 122 68 3507 840 1847
6 0.057 -13 11 246 -6 110 68 3507 872 1920
6 0.057 -11 2 221 19 93 80 3540 830 1910
6 0.057 -19 -8 231 -7 35 104 3482 892 1915
5 0.057 -12 -5 273 68 42 81 3535 797 1900
6 0.057 1 -2 263 -8 58 79 3525 862 1847
5 0.043 -4 4 256 1 76 95 3502 835 1982
5 0.057 -4 3 280 7 -6 111 3507 782 1932
7 0.057 -5 2 239 18 25 117 3550 830 1967
5 0.043 -8 -17 262 -39 -51 126 3492 765 1915
5 0.085 -94 4 315 86 -237 74 3540 772 1937
5 0.057 11 -8 229 19 -146 86 3502 777 1932
5 0.057 11 -3 228 -2 -23 44 3502 797 1962
7 0.057 23 14 270 0 53 30 3492 792 1900
5 0.057 22 18 281 15 136 19 3530 782 1900
5 0.057 14 5 265 -11 158 15 3555 782 1952
6 0.057 15 -7 243 1 151 23 3520 797 1957
6 0.057 3 1 240 2 68 58 3507 782 1942
5 0.057 -4 -1 214 19 74 39 3535 725 1942
5 0.057 5 -13 204 34 -83 69 3535 730 1952
6 0.071 -5 7 273 -87 -57 56 3502 777 1925
6 0.057 27 -5 239 35 -41 42 3530 740 1900
5 0.085 -57 -27 203 68 -305 14 3512 725 1942
5 0.057 72 -31 180 -11 -15 -7 3520 745 1937
5 0.057 22 3 242 -25 124 10 3530 740 1952
6 0.057 -54 53 406 -73 -418 4 3520 760 1937
6 0.057 44 -15 167 21 -74 -47 3512 777 1932
5 0.057 7 6 281 -1 23 -57 3530 725 1915
5 0.071 22 11 308 4 34 -69 3565 745 1885
7 0.057 10 4 288 -3 13 -60 3550 755 1952
6 0.057 17 -1 262 -28 49 -60 3535 787 1925
5 0.057 9 -11 247 -9 15 -52 3592 772 1937
5 0.071 1 -8 247 -7 -4 -62 3535 802 1910
6 0.057 -7 1 259 -14 8 -91 3570 717 1890
6 0.156 -10 1 256 -14 -79 -173 3525 760 1885
6 0.071 -12 -3 257 -22 -101 -170 3525 820 1952
6 0.057 -9 -9 251 -18 -151 -167 3497 820 1895
6 0.071 -8 -2 259 -14 -173 -164 3540 820 1925
7 0.057 -6 -7 251 1 -172 -152 3512 830 1925
5 0.071 6 -7 264 14 -186 -139 3502 802 1875
5 0.043 9 -4 257 -17 -130 -131 3530 820 1880
5 0.071 2 -3 248 -2 -137 -133 3525 877 1890
5 0.057 5 -2 246 -29 -117 -177 3530 830 1880
7 0.071 -13 -2 243 -25 -76 -240 3535 862 1915
6 0.057 14 -4 264 7 -62 -275 3525 850 1842
6 0.057 21 -1 280 -25 -30 -269 3530 850 1807
5 0.099 20 -5 257 -27 -37 -247 3570 910 1847
5 0.043 11 4 248 -21 -41 -231 3477 882 1852
6 0.071 11 5 256 -28 -46 -227 3582 930 1875
5 0.071 0 -1 263 -16 -58 -219 3565 905 1857
6 0.071 0 -5 265 -2 -61 -186 3555 977 1857
6 0.057 5 -13 256 -4 -65 -135 3525 995 1885
5 0.071 5 -5 256 17 -68 -86 3535 987 1817
5 0.057 7 -2 265 2 -55 -70 3520 967 1857
6 0.071 5 2 257 -7 -43 -54 3502 935 1807
6 0.057 1 -1 246 17 -38 -36 3512 982 1807
5 0.085 4 2 257 0 -32 -23 3565 987 1837
5 0.057 3 -3 261 17 -62 0 3575 930 1847
6 0.085 100 -19 458 -10 411 -5 3545 987 1847
6 0.057 -50 21 199 29 -150 73 3587 1000 1852
6 0.071 -28 0 233 -71 -31 51 3545 982 1802
5 0.071 -6 0 278 0 -123 64 3535 1015 1822
5 0.057 9 4 295 2 66 47 3597 1000 1875
6 0.057 28 -6 232 32 -68 83 3592 952 1847
7 0.071 7 0 234 -1 -123 83 3597 982 1827
5 0.057 3 5 243 -29 -67 10 3582 935 1780
6 0.071 73 -2 356 105 21 8 3587 905 1812
6 0.057 68 -1 346 -15 86 -29 3525 925 1797
5 0.071 -28 -16 239 -91 37 -25 3570 945 1837
6 0.057 -27 -18 263 -13 -81 -78 3540 935 1870
5 0.099 -8 -7 240 5 -120 -92 3545 982 1837
5 0.057 27 0 282 21 101 -91 3587 977 1827
6 0.071 -5 3 195 14 -38 -50 3560 982 1812
6 0.057 61 -3 372 -28 102 -40 3602 962 1832
6 0.057 56 0 356 -65 333 -38 3565 972 1812
5 0.057 -24 -1 222 7 4 -80 3555 952 1817
6 0.085 -22 -12 263 16 -20 -92 3612 982 1837
6 0.057 -4 -4 257 -60 39 -155 3525 957 1807
6 0.071 61 4 325 -8 -21 -134 3525 967 1857
5 0.071 12 -7 225 -60 -99 -176 3512 1025 1827
5 0.057 27 -19 297 -3 30 -125 3555 1020 1847
5 0.099 17 -14 271 26 -49 -86 3560 1035 1865
5 0.071 4 -3 283 25 -40 -48 3632 1062 1832
6 0.057 -8 22 251 -3 -81 -19 3560 1015 1842
6 0.057 11 11 281 -18 110 22 3502 1035 1842
6 0.085 11 16 224 -22 -36 10 3575 1015 1842
5 0.057 11 -9 293 28 -2 5 3525 1005 1790
5 0.057 1 7 277 -40 -123 -15 3525 1025 1797
5 0.085 -2 -2 278 -25 -153 -37 3497 1010 1817
6 0.057 36 -17 273 23 -137 -34 3550 1000 1827
7 0.071 16 -16 256 -14 -124 -28 3560 1072 1822
6 0.071 23 -5 281 46 -24 -69 3535 1020 1837
6 0.071 39 -10 261 -7 135 -33 3565 972 1790
5 0.085 4 -4 255 -12 162 -16 3540 1030 1802
5 0.071 -27 8 220 -25 -2 -11 3550 1047 1817
5 0.071 15 -6 270 -1 -67 -22 3530 1052 1802
5 0.071 -11 9 265 -30 -61 -17 3550 1042 1807
6 0.071 -4 3 245 -6 -62 -12 3607 1047 1797
6 0.071 38 -3 278 -53 166 -14 3545 1052 1812
6 0.071 25 13 246 -13 202 -44 3550 1042 1807
6 0.071 -4 -13 202 -27 44 -45 3502 1042 1832
5 0.057 -5 -12 265 1 47 -91 3550 1035 1812
5 0.085 -8 -3 274 4 -8 -105 3525 1042 1822
6 0.057 3 -6 273 15 -57 -106 3545 1042 1857
6 0.071 2 1 253 9 -106 -111 3535 987 1780
7 0.085 -4 3 253 -17 -155 -117 3520 977 1717
5 0.085 -5 -3 260 18 -164 -132 3472 1057 1780
5 0.071 -3 -1 254 22 -171 -135 3555 1047 1817
5 0.071 -3 -10 253 9 -174 -148 3575 1030 1770
5 0.071 4 -8 252 3 -197 -162 3550 1090 1817
6 0.057 6 -3 251 -24 -188 -190 3565 1125 1735
6 0.071 25 -3 266 -15 -152 -214 3535 1125 1745
6 0.071 37 -5 235 -52 181 -207 3555 1100 1745
6 0.071 24 -13 200 -102 10 -188 3592 1162 1740
6 0.057 23 -49 320 -142 307 -137 3560 1125 1802
6 0.071 -27 20 217 -87 165 -207 3545 1115 1790
6 0.099 -22 10 266 -53 164 -151 3530 1185 1790
6 0.057 9 0 262 -12 -27 -136 3520 1180 1755
6 0.071 -12 -7 258 -33 -97 -111 3545 1180 1797
5 0.057 2 -12 260 55 -103 -106 3530 1110 1785
5 0.071 7 4 265 -25 -10 -109 3497 1167 1802
5 0.071 33 -19 321 123 -53 -71 3530 1200 1802
5 0.071 29 -10 271 -30 196 -72 3535 1152 1775
5 0.057 14 -9 246 12 -87 -51 3525 1147 1745
6 0.071 4 -20 263 -24 -59 -57 3535 1157 1755
6 0.057 36 0 313 20 138 -65 3535 1210 1802
6 0.071 -20 2 224 6 133 -26 3540 1200 1717
6 0.156 -9 4 258 -25 21 40 3575 1200 1797
6 0.057 9 -6 289 15 28 70 3545 1152 1870
5 0.057 13 1 267 -17 -118 89 3520 1210 1790
5 0.057 10 1 267 -17 -38 68 3540 1215 1842
6 0.071 -3 8 236 -5 -125 39 3555 1190 1832
6 0.057 41 1 306 70 -28 -2 3555 1175 1775
6 0.057 14 15 286 53 -21 31 3540 1167 1765
5 0.071 64 2 394 -160 266 33 3560 1200 1807
6 0.057 -22 -4 247 7 -57 -2 3545 1175 1775
5 0.071 -22 -5 256 75 -77 2 3582 1157 1775
6 0.057 7 9 273 -73 -46 -11 3535 1180 1770
6 0.057 -21 -11 258 15 -80 4 3545 1190 1852
6 0.099 12 5 273 -16 -152 -36 3507 1175 1827
6 0.057 14 1 271 -1 -66 -49 3540 1180 1857
5 0.057 27 -2 271 -11 -45 -75 3550 1190 1770
5 0.071 30 -17 362 -54 2 -99 3560 1180 1822
5 0.057 66 -33 331 -3 -14 -94 3555 1205 1775
6 0.071 -108 -19 176 70 -279 -114 3525 1215 1755
7 0.071 -124 -3 278 53 -739 -44 3545 1147 1790
6 0.057 107 5 217 33 -232 45 3612 1205 1740
6 0.071 -44 3 340 -193 -317 23 3612 1195 1712
6 0.071 51 14 159 -12 -216 112 3555 1200 1707
6 0.043 37 -19 365 60 -402 76 3560 1185 1692
6 0.085 14 -40 309 -1 -239 183 3540 1147 1645
5 0.043 -170 4 242 31 -545 240 3575 1152 1697
5 0.057 127 0 172 90 -233 431 3622 1157 1625
5 0.014 86 -5 176 -53 -318 353 3627 1185 1635
5 0.043 12 16 268 -246 -303 285 3675 1162 1630
6 0.028 52 -3 197 -245 -168 271 3650 1110 1532
6 0.028 14 13 334 -112 -148 158 3665 1090 1600
6 0.028 15 -8 233 33 -231 139 3650 1042 1620
6 0.043 36 -10 220 -24 -193 145 3637 1110 1620
6 0.028 13 3 260 -19 -86 176 3702 1090 1567
5 0.028 94 -9 302 -57 29 182 3727 1025 1610
5 0.043 -54 -8 183 -96 -60 207 3707 1052 1610
5 0.028 8 -7 259 -98 -223 246 3752 1042 1572
6 0.028 -18 -12 226 -117 -214 246 3742 1077 1587
6 0.028 -31 -5 160 -6 -238 269 3717 1057 1562
7 0.014 61 -15 316 -18 -215 257 3732 982 1525
6 0.028 7 3 237 -23 -212 191 3775 967 1520
5 0.014 86 -1 345 37 -228 147 3780 952 1547
5 0.028 73 -7 331 -21 -96 126 3757 967 1510
5 0.028 33 -15 281 -49 -93 103 3712 972 1495
6 0.014 8 -4 220 -61 -182 75 3737 957 1495
6 0.014 8 4 239 -3 -154 68 3712 957 1485
5 0.028 10 0 237 -93 -140 106 3727 967 1520
5 0.028 -11 10 203 -120 -156 158 3727 945 1490
5 0.014 11 -11 241 -142 -191 159 3737 945 1490
6 0.014 47 -20 272 -161 -71 177 3752 952 1500
6 0.028 -16 -18 239 -126 -173 164 3722 887 1480
6 0.000 33 -24 272 -61 -136 141 3815 867 1485
6 0.014 8 -24 229 -26 -165 103 3820 877 1470
5 0.014 27 -12 234 18 -174 64 3795 850 1480
5 0.014 45 -22 260 -24 -137 23 3790 872 1427
6 0.014 3 -10 251 -13 -214 7 3765 845 1422
6 0.000 2 -14 260 46 -207 0 3742 840 1427
5 0.014 27 -22 262 82 -199 15 3795 905 1380
5 0.014 41 -11 280 73 -65 34 3815 892 1417
5 -0.014 10 -13 232 95 -56 17 3847 877 1380
7 0.000 30 -10 267 80 -109 -14 3805 850 1407
6 0.014 35 -10 256 73 -109 -43 3847 882 1390
5 0.000 43 7 259 14 -117 -92 3820 835 1350
5 0.000 38 4 240 12 -197 -141 3832 882 1345
6 0.000 77 -2 261 -18 -44 -169 3832 850 1330
7 0.014 21 7 242 -14 -178 -152 3862 887 1317
6 0.000 72 0 203 -50 -66 -134 3832 910 1345
5 0.000 -9 -35 216 -114 12 -118 3815 882 1317
5 0.000 -13 -48 266 -112 -177 -143 3847 892 1385
5 0.000 66 -37 220 -123 -55 -103 3842 920 1345
6 0.000 39 2 278 -235 -236 -108 3770 940 1317
6 0.000 62 16 208 -336 -285 -156 3832 935 1317
6 0.000 179 32 374 -342 -190 -109 3857 920 1322
6 -0.014 109 24 306 -368 -102 -63 3820 935 1255
6 0.000 0 -25 309 -393 -150 -41 3862 930 1302
5 0.014 -21 -26 390 -177 -293 110 3852 940 1287
5 0.028 80 -27 261 -76 -224 90 3872 945 1282
5 0.014 99 -17 217 -120 -59 95 3890 920 1330
5 0.028 22 -28 223 -40 222 45 3872 887 1302
6 0.014 42 -36 249 32 -27 -72 3847 867 1302
6 0.028 116 -12 176 50 381 -121 3800 940 1292
6 0.043 -28 -50 434 226 103 -299 3877 920 1282
5 0.028 -246 -54 104 -42 -462 -184 3862 952 1335
5 0.043 6 15 293 114 -53 -160 3862 982 1292
5 0.028 -66 -3 345 -47 -228 -56 3847 987 1312
5 0.028 -62 -4 253 -207 -480 -111 3857 967 1335
5 0.043 123 -29 279 -194 -11 -39 3852 940 1292
5 0.028 -11 -14 298 -132 64 -47 3872 952 1317
6 0.028 -58 -17 252 49 -415 -97 3852 972 1282
6 0.043 98 -20 214 -46 29 -134 3885 952 1250
6 0.028 41 -24 236 55 -292 -153 3872 957 1245
7 0.043 21 -45 240 199 -77 -199 3852 945 1225
5 0.099 114 -36 285 275 3 -223 3890 1020 1200
5 0.028 58 -16 258 333 -171 -283 3857 1035 1187
5 0.043 76 -19 381 412 -298 -268 3872 1072 1177
5 0.043 76 -21 316 402 -129 -242 3905 1085 1167
5 0.028 27 -10 222 397 -218 -255 3890 1120 1152
5 0.043 11 14 333 327 -187 -210 3890 1147 1167
5 0.028 95 2 378 223 16 -180 3872 1110 1142
6 0.028 -13 -12 223 145 -220 -133 3857 1157 1157
7 0.028 15 14 269 117 -292 -121 3915 1157 1152
6 0.028 21 -13 173 134 -186 -41 3900 1185 1142
6 0.028 52 4 245 120 -107 -21 3890 1210 1110
5 0.028 -19 20 166 100 -192 -104 3900 1190 1147
5 0.028 20 14 309 200 -239 -81 3910 1185 1162
5 0.028 112 -27 310 111 67 -23 3925 1185 1132
5 0.028 -16 0 139 85 -142 -65 3920 1237 1095
5 0.028 56 -2 274 117 9 -69 3947 1242 1042
6 0.014 -10 3 242 155 -139 -90 3915 1257 1057
6 0.028 1 -12 229 214 -119 -80 3940 1237 1070
7 0.028 7 14 235 233 -61 -82 3920 1270 1047
5 0.014 79 -11 239 170 -273 -101 3952 1210 1065
5 0.028 2 56 296 46 -94 -136 3920 1232 1042
5 0.057 52 7 209 -49 -60 -70 3862 1242 1070
6 0.057 77 11 233 29 -84 -69 3905 1290 997
7 0.043 16 5 296 -24 -180 -38 3905 1247 1017
6 0.057 73 -6 242 -4 34 -2 3900 1210 1012
5 0.028 45 -4 262 -21 -32 19 3872 1275 1007
5 0.057 81 7 229 -79 84 -1 3920 1270 1002
6 0.028 73 3 246 -69 82 30 3957 1227 1027
7 0.057 45 8 263 -72 140 32 3940 1290 1065
5 0.057 57 -9 233 -22 139 30 3900 1227 1037
5 0.043 50 -14 232 -70 120 52 3895 1232 1027
5 0.043 57 -6 249 -34 156 78 3910 1280 1002
6 0.043 43 -5 255 -28 159 112 3920 1232 1105
6 0.057 42 -6 257 -18 152 137 3915 1237 1057
6 0.057 44 1 250 -38 103 172 3935 1247 1070
6 0.057 40 6 246 -33 64 191 3905 1195 1057
5 0.043 40 2 249 -18 51 191 3910 1210 1105
5 0.043 37 1 249 -13 16 189 3905 1247 1137
5 0.057 42 -9 249 -20 -7 187 3920 1215 1085
6 0.043 40 -10 250 -4 -30 178 3890 1167 1075
6 0.043 44 -3 248 -3 -34 157 3910 1195 1085
6 0.057 49 -4 248 -4 15 140 3925 1147 1080
5 0.028 63 3 254 -6 29 124 3910 1185 1070
5 0.043 56 8 251 -2 41 84 3900 1157 1085
7 0.057 61 5 255 -10 35 42 3947 1142 1080
6 0.043 60 3 256 -19 12 4 3895 1142 1147
5 0.071 57 -7 261 4 5 -25 3947 1115 1105
6 0.057 56 3 256 -15 5 -32 3915 1157 1085
6 0.057 56 0 246 -28 21 -14 3925 1115 1120
7 0.057 56 -3 243 -23 74 12 3930 1132 1132
5 0.057 55 1 243 -36 130 41 3890 1147 1080
5 0.057 56 3 244 -54 169 66 3952 1100 1065
6 0.057 55 -1 249 -48 185 71 3935 1152 1070
6 0.071 49 0 250 -27 186 46 3930 1175 1100
7 0.043 49 -1 245 -24 176 16 3930 1137 1162
5 0.057 46 -4 240 -37 162 -15 3915 1167 1167
5 0.071 49 -4 246 -37 118 -48 3940 1157 1172
5 0.085 45 -8 257 -36 37 -76 3872 1147 1157
6 0.057 45 -1 242 -17 10 -82 3890 1120 1182
7 0.071 47 -10 247 41 17 -67 3900 1142 1167
6 0.057 40 -17 252 94 35 -63 3895 1110 1152
5 0.071 45 -9 243 65 26 -40 3925 1162 1177
5 0.071 40 -9 249 67 19 -11 3885 1142 1137
5 0.057 33 -6 256 99 10 15 3890 1120 1152
7 0.057 33 3 256 82 -6 46 3915 1180 1152
6 0.057 39 10 260 60 -53 82 3900 1152 1182
5 0.085 38 10 268 43 -91 106 3872 1175 1205
5 0.057 43 8 265 15 -119 106 3872 1152 1162
5 0.071 45 -1 244 23 -116 84 3872 1120 1172
7 0.085 50 -3 246 25 -35 28 3962 1132 1162
6 0.057 56 -8 251 33 6 -9 3900 1115 1147
5 0.057 53 -7 254 29 18 -41 3920 1132 1085
5 0.085 48 1 254 25 15 -63 3905 1085 1142
6 0.057 45 3 255 23 19 -62 3925 1115 1152
6 0.071 46 0 251 31 37 -40 3895 1137 1137
6 0.057 47 -3 257 28 22 -13 3905 1125 1162
5 0.057 42 1 253 -16 41 13 3915 1142 1120
5 0.071 36 3 251 8 33 41 3905 1137 1132
6 0.071 34 2 256 12 4 79 3910 1142 1137
5 0.057 35 3 257 11 -25 98 3930 1162 1132
6 0.071 35 1 254 9 -53 110 3900 1167 1187
6 0.057 41 -1 250 7 -59 123 3895 1105 1125
6 0.071 44 -10 263 17 -27 133 3925 1090 1095
6 0.071 41 -7 239 15 27 137 3900 1110 1115
5 0.057 40 -1 246 16 35 136 3940 1142 1142
6 0.057 36 1 259 4 17 136 3895 1115 1147
6 0.071 32 0 259 13 -23 139 3885 1142 1182
6 0.043 26 -5 249 12 -64 157 3900 1132 1152
6 0.057 34 -2 245 20 -125 172 3935 1090 1157
5 0.071 41 -2 234 27 -125 168 3952 1105 1147
6 0.057 45 3 263 13 -80 162 3900 1025 1120
5 0.043 36 1 256 42 -105 176 3910 1000 1125
6 0.071 42 1 261 17 -137 181 3905 1025 1100
6 0.213 51 -2 249 12 -63 180 3992 967 1042
5 0.057 48 3 250 11 -58 151 3977 972 1085
5 0.071 47 5 253 7 -56 110 3957 987 1080
6 0.057 48 5 252 4 -64 60 3952 977 1095
5 0.043 57 2 250 4 -55 7 3967 1000 1100
6 0.057 49 -1 236 -6 -40 -42 3947 957 1007
5 0.057 53 -3 241 -34 -19 -83 3952 982 1080
6 0.071 52 -6 246 -25 -31 -110 3962 982 1027
6 0.057 48 3 255 -26 -65 -130 3977 1030 1075
6 0.057 43 -4 252 -33 -127 -140 3935 1015 1065
7 0.057 42 1 252 -41 -182 -143 3947 957 1125
5 0.071 44 -4 250 -26 -220 -136 3920 1010 1132
5 0.085 64 3 241 -45 1 -103 3962 1010 1022
5 0.071 61 -7 226 91 102 -59 3982 1000 1080
5 0.057 31 -10 206 -55 132 -68 3997 1047 1032
7 0.057 26 -14 230 52 49 -93 3920 1005 1047
6 0.057 37 -9 264 19 96 -74 3947 977 1052
6 0.057 30 9 214 18 48 -48 3972 1067 1012
5 0.057 46 9 246 7 23 -64 3930 1077 997
5 0.071 50 2 252 16 55 -71 3930 1057 1022
6 0.043 53 -6 248 20 87 -72 3940 1035 1032
6 0.057 48 -9 245 16 117 -66 3962 1042 1095
5 0.057 41 -11 247 12 85 -57 3920 1025 1027
5 0.057 36 -7 253 14 85 -49 3972 982 1070
5 0.057 36 2 264 -22 46 -6 3962 1067 1057
6 0.057 37 0 266 6 -27 37 3940 1095 1052
5 0.057 30 10 258 -18 -87 73 3920 1115 1017
5 0.057 31 8 244 -22 -74 97 3940 1030 1090
5 0.043 54 12 253 29 -68 102 3925 1100 1057
6 0.057 36 2 214 -13 -2 105 3947 1025 1032
6 0.057 50 -13 241 1 93 92 3947 1047 1047
6 0.043 32 -6 246 -12 14 62 3935 1067 1100
5 0.043 35 -8 265 -11 -34 38 3957 1047 1152
5 0.043 39 -4 249 5 -21 31 3952 1025 1070
6 0.057 40 -3 227 -22 18 35 3935 995 1065
6 0.057 45 2 222 15 -39 36 3967 1035 1070
6 0.057 42 5 250 36 25 43 3962 1000 1080
5 0.043 33 -1 229 42 21 65 3940 1025 1090
6 0.057 38 -7 237 34 -44 75 3947 1010 1065
6 0.028 21 -4 227 7 -53 48 3957 1010 1090
5 0.057 28 -3 238 41 -35 64 3987 1052 1075
6 0.043 47 2 242 15 -14 51 3935 1025 1080
6 0.043 60 -6 283 -4 76 45 3947 1025 1075
6 0.043 21 -4 211 11 89 29 3962 1047 1037
5 0.028 29 2 249 13 20 7 3987 1035 1042
5 0.057 52 -3 278 49 -19 0 3962 1020 1042
6 0.028 40 4 271 14 -78 -11 3977 1020 1022
5 0.043 46 1 274 5 55 -16 3952 995 1085
5 0.043 31 -2 242 -14 -78 3 3935 1000 1047
6 0.057 52 -2 282 23 -14 18 3957 977 1065
6 0.028 41 -2 251 -25 -13 35 3957 1052 1065
6 0.028 30 1 234 3 16 53 3957 1000 1042
5 0.028 50 -2 269 -11 -4 68 3930 982 1022
6 0.043 56 4 278 -28 -8 81 3925 1010 1070
6 0.028 49 -1 262 8 -22 113 3957 967 1065
5 0.028 53 -5 248 0 -67 148 3957 1005 1057
5 0.043 69 -6 260 22 -75 167 3952 1000 1042
6 0.043 44 -11 196 26 -30 185 3957 972 1027
6 0.028 53 0 240 17 -57 196 3935 977 1042
6 0.043 59 -3 249 19 -28 188 3977 905 1075
5 0.071 70 -1 290 29 -74 147 3967 935 1065
5 0.028 44 -2 241 -24 -6 93 3930 930 1042
7 0.057 40 -9 247 39 -25 31 3905 915 1057
6 0.043 18 -2 229 12 -15 -32 3957 925 1042
5 0.028 28 -10 240 9 -4 -63 3940 935 1047
5 0.043 46 -12 276 26 16 -82 3940 987 1037
6 0.028 44 -1 273 -5 37 -83 3997 935 1070
7 0.028 7 4 225 9 5 -79 3957 935 1070
5 0.028 12 5 202 33 -13 -67 3977 957 1047
6 0.028 37 7 242 1 -23 -73 3940 972 1057
6 0.028 52 3 267 5 7 -106 3935 935 1070
5 0.014 68 -8 268 1 41 -131 3952 982 1037
6 0.043 65 -13 242 14 22 -161 3982 995 1070
6 0.028 61 -8 243 -6 19 -169 3925 945 1085
6 0.043 73 -7 257 3 0 -172 3925 987 1095
5 0.014 66 8 259 3 -16 -177 3895 995 1105
5 0.043 70 5 257 21 27 -148 3962 987 1052
6 0.028 71 3 251 -14 -23 -123 3967 1005 1037
7 0.057 67 4 255 -5 -56 -113 4005 1052 1057
6 0.043 79 -12 253 20 -17 -62 3925 1020 1047
5 0.028 81 -10 256 -41 51 13 3962 1025 1070
5 0.057 66 -4 256 -11 30 62 3997 1052 1095
5 0.057 51 3 238 -2 -5 108 3940 972 1047
7 0.043 72 -3 285 32 -2 145 3957 1005 1052
6 0.071 63 4 264 7 20 166 3930 1005 1032
5 0.057 52 5 248 -24 -37 142 3940 1015 1037
5 0.043 46 3 235 18 -49 107 3947 1025 1065
6 0.057 46 -2 210 -8 28 86 4015 1010 1047
7 0.057 65 -11 240 6 3 39 4010 1000 1070
5 0.057 47 -5 234 15 -105 13 3952 972 1085
5 0.057 63 -3 274 84 -171 7 3962 1010 1032
5 0.071 54 10 287 -100 -303 29 3925 987 1027
6 0.057 42 6 276 119 -274 61 3977 1005 985
7 0.085 38 -3 178 58 -145 84 3967 962 975
5 0.057 108 2 314 28 -68 113 3977 977 1065
5 0.071 78 -5 228 21 104 102 3930 940 1037
6 0.184 53 -47 249 -25 403 112 4010 892 975
5 0.043 44 -39 225 167 157 206 3987 915 985
5 0.057 68 20 274 -50 174 169 3935 957 985
5 0.057 56 18 266 -77 149 156 3957 920 1017
6 0.057 39 15 255 0 21 130 3962 892 1017
6 0.057 68 -6 315 -39 -125 118 3987 882 1022
7 0.071 12 -5 218 -40 -265 47 3967 925 1065
5 0.057 3 0 230 -3 -586 -49 3997 872 1002
5 0.071 -5 28 143 165 -215 -29 3992 892 997
5 0.071 115 0 294 -32 -34 -12 3972 882 997
6 0.057 53 -7 215 -33 142 -38 3920 905 975
7 0.057 46 -12 238 19 75 -25 3992 905 1002
5 0.085 62 -6 299 -33 47 61 3977 910 1002
5 0.057 104 -3 395 189 73 121 3947 930 1037
5 0.057 72 -1 209 -76 245 189 3977 910 1022
6 0.057 51 -6 212 -62 221 177 4005 882 1057
7 0.057 20 -2 217 8 159 108 3952 862 1027
6 0.057 48 -6 250 29 9 68 3947 792 1027
5 0.071 37 -4 271 -24 101 61 3972 807 1002
5 0.071 12 12 234 -8 -88 29 3940 825 1052
6 0.057 50 0 219 -105 64 -57 3952 867 1052
6 0.071 97 -9 285 33 121 -106 3967 862 1070
5 0.071 24 -2 211 18 54 -157 3987 867 1012
5 0.071 42 -4 223 -29 227 -136 3952 872 1052
5 0.071 41 -13 262 58 81 -151 4010 835 1115
6 0.071 10 9 224 69 119 -97 3987 840 1090
6 0.057 54 -4 204 24 -13 -72 3930 882 1080
5 0.057 54 -3 214 5 176 -55 3982 910 1080
5 0.057 72 5 234 12 90 0 3992 862 1065
6 0.071 51 9 240 -33 85 30 3910 872 1085
6 0.071 34 18 255 -40 -25 33 3957 915 1132
5 0.057 74 1 300 -24 -39 21 3930 892 1142
6 0.057 57 -2 256 -10 -22 2 3925 877 1085
6 0.085 42 -5 252 -4 22 -9 3940 877 1095
6 0.057 8 -14 178 -7 31 -48 3940 887 1095
5 0.085 -2 -7 201 78 -101 -37 3935 892 1095
5 0.085 50 4 265 51 -19 -51 3952 892 1075
7 0.071 34 4 235 -2 99 -47 3935 892 1065
6 0.071 60 -3 257 -11 108 -13 3962 882 1085
6 0.071 59 -1 256 18 20 7 3940 897 1075
5 0.071 57 -5 262 -2 -57 31 3967 887 1090
5 0.071 39 1 282 36 -151 45 3957 897 1110
7 0.071 21 8 249 -38 -27 8 3935 910 1027
6 0.071 22 6 191 -1 -238 47 3972 897 1142
5 0.071 99 -5 310 37 -32 43 3967 925 1057
5 0.085 64 -1 269 -103 -57 60 3910 882 1115
6 0.057 40 -3 244 -4 14 20 3962 862 1100
6 0.085 47 -9 243 16 -58 48 3947 897 1052
5 0.085 19 9 226 56 -4 35 3977 882 1052
5 0.071 0 25 196 -15 -116 35 3977 855 1047
6 0.071 15 10 234 -19 -43 78 3982 872 1065
6 0.071 42 1 257 -1 18 88 3920 877 1080
5 0.057 34 -11 239 0 31 67 3947 867 1110
5 0.085 28 -11 229 -8 -81 52 3957 872 1057
5 0.057 21 -12 196 96 -20 26 3977 855 1065
6 0.057 66 -11 264 6 21 35 3987 877 1085
5 0.071 86 -7 290 -38 70 30 3952 897 1085
5 0.071 71 -7 311 27 82 -11 3952 862 1047
6 0.057 22 3 261 74 -131 22 3957 910 1057
6 0.071 29 1 247 49 -18 20 3992 877 1057
6 0.057 67 0 271 9 -107 19 3987 855 1085
5 0.085 44 -3 223 8 -71 -35 3940 867 1057
5 0.071 55 3 276 42 37 -51 3997 850 1090
7 0.057 49 -2 272 -16 9 -51 3925 862 1027
6 0.057 79 -2 305 50 -115 -110 3982 845 1075
5 0.085 80 -12 287 -2 -23 -73 3967 910 1052
5 0.057 4 8 202 -8 -27 -85 3982 867 1037
6 0.071 43 2 234 63 -5 -65 3982 897 1042
7 0.057 20 -1 241 -19 -17 -64 3957 892 1090
6 0.057 34 6 251 -7 -138 -83 3920 915 1032
5 0.071 8 10 256 -9 -241 -87 3987 905 1075
5 0.057 27 -2 268 32 -418 -98 3982 935 1057
5 0.071 31 -11 258 63 -65 -54 3992 892 1042
7 0.099 72 0 234 1 -10 -91 3925 897 980
6 0.057 44 0 163 39 63 -118 3972 952 1002
5 0.057 75 -13 235 39 143 -138 3992 972 1047
5 0.057 27 5 256 -18 124 -160 3977 957 1032
5 0.057 38 -20 220 61 252 -27 3962 952 1002
6 0.043 62 9 285 -43 112 -11 3982 987 1017
6 0.057 16 20 252 -10 254 10 3962 940 970
5 0.057 23 8 217 23 135 20 3982 967 1027
6 0.057 -3 1 205 59 -26 58 3987 1010 1042
6 0.071 72 8 277 -20 -65 82 3940 940 1105
6 0.057 25 -2 242 -24 -108 60 3977 1000 1080
6 0.057 13 -9 197 59 -415 45 4010 940 1032
5 0.113 -12 0 195 92 -406 46 3997 1005 1065
5 0.057 116 -1 381 69 -18 0 3967 940 1017
6 0.071 83 3 241 16 -40 51 4010 892 1012
6 0.057 74 8 295 -79 251 -3 3957 892 1057
6 0.057 40 6 259 -3 113 -39 3997 845 1047
5 0.057 36 8 254 -8 132 6 3982 935 1047
6 0.057 42 27 222 -6 196 -28 3992 905 1047
6 0.057 99 -11 275 -75 131 -6 3947 930 1080
5 0.057 30 -16 212 -51 206 12 3967 977 1007
6 0.057 45 -18 233 -37 142 -54 3972 957 1105
5 0.071 9 -12 187 23 55 -80 3987 925 1115
6 0.057 78 -16 298 12 -38 -60 3925 987 1080
5 0.170 50 -5 250 18 -5 -74 3962 930 1090
6 0.071 61 -19 268 6 90 -90 4005 977 1132
6 0.057 56 -3 280 2 6 -106 3972 995 1172
6 0.057 43 -2 257 40 38 -66 3925 972 1100
5 0.071 45 -4 238 26 73 -28 3947 987 1120
5 0.057 17 3 209 9 123 -43 3957 935 1095
7 0.057 50 -9 236 63 92 -2 3940 962 1147
6 0.057 33 -3 226 -9 51 5 3930 987 1095
5 0.057 48 -1 230 -16 49 21 3905 972 1125
5 0.057 77 4 300 -20 140 8 3915 962 1132
6 0.057 15 13 214 -20 73 23 3920 987 1100
6 0.071 35 -1 217 -18 129 -10 3920 995 1110
6 0.085 71 -5 276 -35 145 5 3920 925 1137
5 0.071 51 3 244 4 55 -21 3977 1000 1152
5 0.057 41 10 273 -34 117 31 3952 972 1192
6 0.057 50 -10 276 61 48 63 3890 972 1152
6 0.071 36 -3 262 55 28 118 3900 982 1120
6 0.057 27 -16 216 130 57 156 3940 995 1157
5 0.071 9 4 260 69 40 208 3920 982 1147
5 0.043 33 -2 281 58 -31 207 3962 915 1215
6 0.071 62 -11 303 61 -48 225 3972 877 1182
6 0.057 16 3 251 54 -4 191 3910 877 1177
6 0.071 36 11 248 62 -37 170 3930 867 1220
5 0.043 66 10 272 49 -16 125 3910 897 1192
5 0.085 16 9 208 66 -98 41 3947 892 1110
6 0.057 68 9 292 25 -10 -1 3972 877 1167
5 0.057 43 5 271 -43 -36 -27 3952 915 1137
6 0.071 46 -3 250 -7 -75 -55 3930 892 1177
5 0.071 56 -7 281 -17 -27 -96 3977 925 1132
6 0.057 24 3 237 44 -42 -102 3940 925 1147
6 0.071 55 0 270 28 -36 -66 3952 925 1142
5 0.057 29 -10 231 8 -57 -42 3977 957 1105
6 0.057 46 -6 294 23 -51 -17 3997 952 1147
5 0.057 42 -4 274 -20 41 -8 3997 945 1105
6 0.057 2 -2 216 37 -48 -28 3925 855 1142
6 0.057 39 4 265 8 -139 -19 3920 897 1182
5 0.085 22 -4 192 29 93 -56 3872 930 1125
6 0.057 42 -3 268 -11 40 -65 3952 920 1147
6 0.043 40 2 260 5 2 -90 3972 897 1100
6 0.057 57 -3 283 -7 -38 -86 3930 935 1177
5 0.043 9 -2 178 78 -155 -82 3957 920 1105
5 0.043 65 -5 257 1 12 -48 3952 945 1115
6 0.057 66 0 288 -31 9 -39 3952 945 1142
6 0.043 53 2 246 3 -7 -53 3925 967 1132
5 0.057 57 -4 249 -4 -16 -52 3920 910 1157
6 0.043 56 4 277 -21 -27 -56 3930 935 1137
6 0.043 79 -2 333 34 -42 -43 3900 952 1147
6 0.057 64 -5 300 -38 118 -57 3930 935 1162
5 0.071 67 -6 253 -13 30 -46 3900 945 1157
5 0.028 41 2 240 -37 21 -50 3920 977 1157
6 0.057 72 -3 289 -38 39 -49 3967 982 1152
6 0.057 54 1 236 47 29 -35 3920 977 1152
5 0.057 40 -6 204 -27 49 -10 3890 962 1120
6 0.057 68 -12 290 3 63 27 3900 987 1142
6 0.057 35 -10 227 5 42 41 3867 962 1095
6 0.057 54 -3 263 -4 125 59 3905 972 1152
5 0.057 19 1 193 8 -15 67 3930 1020 1182
5 0.043 44 6 272 9 -41 96 3905 957 1147
6 0.057 33 12 264 -36 1 96 3905 925 1152
6 0.057 72 12 309 26 -30 78 3952 957 1142
5 0.057 38 4 208 44 -8 74 3915 972 1095
5 0.071 50 -8 244 15 -3 40 3972 920 1152
6 0.057 50 -7 241 -13 37 11 3915 940 1177
5 0.085 47 -2 242 -2 43 4 3910 995 1120
5 0.057 54 -5 249 -9 -58 -19 3920 977 1137
6 0.057 30 9 233 -2 -126 -38 3920 967 1120
6 0.071 41 8 258 -1 -226 -47 3935 952 1182
6 0.071 48 6 263 -2 -288 -39 3930 897 1105
5 0.071 50 7 249 -5 -312 -52 3900 897 1110
6 0.085 50 0 238 0 -340 -70 3920 925 1057
6 0.085 52 -2 245 -9 -317 -71 3952 930 1080
6 0.071 207 4 452 -17 720 -115 3947 977 1115
6 0.057 11 21 115 103 30 -34 3947 995 1085
6 0.113 53 -2 267 -28 295 -97 3925 972 1120
6 0.057 19 5 284 44 147 -67 3940 1010 1132
5 0.071 38 6 293 -42 -72 -37 3952 995 1147
5 0.071 51 -5 300 28 -66 24 3925 952 1065
6 0.085 61 0 251 -16 16 61 3947 972 1032
6 0.071 20 3 182 -43 60 48 3952 952 1085
6 0.071 52 8 214 -4 141 38 3947 962 1120
6 0.085 61 -2 232 -29 -6 3 3920 952 1147
6 0.057 71 10 320 -28 21 -30 3925 972 1182
6 0.085 51 -2 230 17 -30 -69 3962 952 1120
5 0.071 64 -6 290 34 -34 -83 3947 962 1147
5 0.085 74 -14 260 1 -8 -94 3920 987 1152
6 0.113 41 1 238 15 160 -104 3920 1010 1095
6 0.071 33 -8 220 37 59 -70 3905 1010 1125
6 0.085 28 -2 208 0 24 -55 3930 1035 1095
5 0.085 82 4 309 9 55 -11 3915 1020 1147
5 0.071 21 11 189 37 37 26 3885 1020 1137
6 0.071 63 5 252 23 142 45 3885 925 1120
6 0.085 21 4 262 -55 41 71 3930 1005 1125
5 0.071 24 -3 280 -7 170 74 3920 972 1162
5 0.085 44 -6 303 -22 15 68 3910 987 1137
6 0.071 27 -1 251 28 115 67 3895 967 1125
7 0.071 -8 3 147 11 116 67 3890 952 1152
5 0.085 64 3 280 -43 81 34 3900 935 1137
5 0.199 -7 6 206 -11 -180 20 3920 940 1192
5 0.071 96 -7 370 122 -188 48 3885 930 1172
5 0.085 51 2 335 18 -217 60 3952 915 1120
6 0.085 21 14 291 22 -79 77 3952 967 1172
6 0.057 33 -6 222 10 -21 105 3940 915 1120
5 0.085 50 10 247 -28 75 108 3890 935 1167
5 0.071 5 6 221 -81 131 95 3935 952 1110
6 0.085 31 12 274 14 -98 109 3910 925 1132
6 0.071 60 3 313 -4 -191 101 3925 935 1125
6 0.085 39 -4 183 -10 -92 120 3930 930 1132
5 0.071 65 -1 290 -89 86 92 3930 920 1142
5 0.071 40 4 268 5 -12 63 3925 905 1095
7 0.099 30 -13 208 15 41 79 3925 930 1120
6 0.085 -4 4 210 37 -99 63 4005 915 1132
5 0.057 84 -13 352 35 -94 78 3940 882 1120
5 0.085 50 -9 243 98 -94 99 3940 925 1120
5 0.071 26 2 218 28 -110 103 3992 897 1115
7 0.071 48 -1 274 60 -60 132 3915 905 1147
6 0.071 29 3 243 62 64 161 3957 897 1110
5 0.071 43 4 232 -23 -81 142 3920 840 1147
5 0.071 30 3 235 87 -72 137 3952 872 1152
6 0.071 47 4 261 -7 -40 88 3930 897 1105
6 0.071 45 12 250 57 -49 72 3952 887 1162
5 0.071 61 -9 276 -27 75 36 3940 835 1110
5 0.113 107 -3 349 -95 117 -29 3925 830 1132
5 0.057 92 2 328 -26 96 -91 3935 855 1105
6 0.085 26 11 246 -23 -111 -81 3972 872 1125
6 0.071 2 6 210 37 -77 -85 3967 867 1137
6 0.085 41 -6 238 1 -109 -111 3930 855 1137
5 0.071 31 -4 253 25 -200 -97 3962 840 1105
5 0.085 24 -2 247 35 -247 -79 3890 867 1070
5 0.071 39 6 257 15 -255 -62 3895 862 1070
6 0.071 108 -2 327 -9 -17 -14 3935 877 1075
7 0.071 41 10 206 26 46 -8 3952 910 1075
5 0.071 33 2 226 -13 77 -47 3967 872 1105
5 0.071 149 -30 373 150 383 37 3940 910 1075
5 0.085 -23 27 200 -59 245 -19 3940 905 1115
5 0.071 41 8 303 -19 238 -98 3977 867 1070
7 0.057 26 3 272 -4 -18 -103 3920 882 1142
6 0.071 26 0 269 -1 -129 -118 3987 845 1100
5 0.071 40 -3 259 15 -198 -123 3952 905 1132
5 0.085 40 0 230 -18 -232 -153 3920 925 1157
5 0.071 48 0 235 -22 -187 -184 3952 935 1057
6 0.071 58 3 259 -37 -137 -210 3905 905 1137
6 0.071 112 -4 383 125 5 -186 3925 935 1090
6 0.057 68 12 277 -41 141 -181 3940 910 1120
6 0.085 97 -6 322 -43 374 -171 3940 977 1100
6 0.085 58 4 237 -2 389 -125 3962 995 1137
6 0.057 19 -2 209 -95 287 -78 3947 935 1167
5 0.057 10 -2 257 -20 184 -87 3930 957 1142
6 0.071 29 2 251 -42 6 -101 3920 987 1172
6 0.071 42 -11 240 19 55 -73 3867 1000 1132
6 0.071 40 -7 261 32 -52 -96 3910 995 1177
5 0.071 29 -7 239 28 -161 -109 3920 987 1147
5 0.057 86 -21 304 21 -126 -108 3852 1005 1225
5 0.071 55 6 266 -39 -2 -85 3857 1010 1137
5 0.071 49 0 249 30 101 -83 3895 1015 1152
6 0.071 34 -5 231 26 -38 -48 3877 977 1192
6 0.057 45 2 286 64 97 -15 3862 1025 1200
5 0.085 12 12 211 24 -84 33 3900 1020 1187
5 0.057 45 -13 207 57 -49 51 3967 1020 1167
5 0.085 56 -7 222 -7 50 74 3940 1035 1157
6 0.057 39 12 262 4 -80 81 3877 1015 1147
6 0.057 33 -18 234 -2 -125 112 3915 1052 1172
5 0.071 36 -1 218 -14 -11 110 3930 1035 1172
5 0.057 15 -14 141 52 6 90 3895 995 1157
5 0.071 29 12 222 23 10 86 3885 962 1137
6 0.057 35 18 307 -11 -60 58 3877 945 1152
6 0.057 48 6 282 -17 -13 70 3900 987 1137
6 0.071 31 5 216 2 44 72 3910 967 1157
6 0.057 30 23 266 39 -58 27 3962 940 1192
6 0.085 47 2 295 59 -78 13 3910 967 1132
5 0.057 35 -30 200 46 110 62 3930 1000 1162
5 0.057 5 -22 188 -33 100 51 3920 940 1220
6 0.057 23 -8 241 35 -37 69 3910 930 1162
6 0.071 37 1 273 35 -47 97 3885 1000 1162
6 0.057 45 5 242 15 11 81 3915 962 1200
5 0.057 46 4 238 49 29 69 3872 945 1177
6 0.043 44 9 243 52 30 30 3915 962 1167
7 0.057 44 6 265 -9 23 46 3920 957 1147
5 0.057 41 -8 238 -7 19 25 3920 952 1147
5 0.057 39 -8 256 2 -20 20 3915 940 1215
6 0.057 35 0 258 -7 -36 9 3920 962 1157
5 0.057 33 2 246 -5 -59 14 3957 920 1210
5 0.057 35 5 255 0 -70 35 3915 977 1177
6 0.057 38 -2 256 4 -88 41 3915 945 1162
6 0.057 42 3 258 12 -133 31 3915 967 1172
5 0.057 53 -1 257 11 -81 14 3915 935 1167
5 0.057 42 1 239 22 -90 -42 3935 945 1167
6 0.057 70 -3 222 23 -8 -69 3930 952 1152
7 0.057 47 -8 207 63 -17 -114 3962 930 1167
5 0.057 36 0 223 -38 34 -138 3900 982 1147
5 0.043 41 -2 252 11 7 -160 3940 930 1187
5 0.057 48 -1 255 13 12 -170 3877 957 1157
6 0.071 47 8 245 7 20 -184 3905 982 1105
7 0.043 45 9 246 -21 13 -199 3890 1015 1147
6 0.156 43 -1 253 -7 -27 -190 3920 1025 1142
6 0.057 40 -1 254 3 -29 -169 3877 1057 1147
5 0.057 41 -3 249 9 -6 -136 3900 1010 1192
6 0.057 43 -3 256 -5 38 -70 3905 1047 1210
5 0.057 46 -4 259 -3 39 -2 3915 1057 1125
6 0.057 43 1 251 15 50 50 3915 1052 1152
6 0.057 39 6 252 17 51 96 3930 1015 1182
5 0.057 45 7 255 9 42 144 3890 1035 1142
6 0.043 44 5 253 8 20 177 3885 1025 1152
6 0.057 43 7 253 0 1 187 3935 1047 1167
5 0.043 45 4 257 1 -13 188 3920 1005 1152
5 0.071 45 -2 253 11 -14 188 3910 995 1115
5 0.071 45 -2 251 7 12 191 3915 1015 1125
7 0.057 46 0 248 9 39 203 3930 982 1152
5 0.043 50 2 252 3 36 225 3930 967 1142
5 0.071 45 4 245 -2 52 239 3947 995 1187
6 0.043 46 6 256 2 20 256 3895 925 1157
6 0.057 44 6 246 3 20 253 3910 962 1147
5 0.057 44 7 246 -7 15 224 3900 935 1192
7 0.057 45 3 250 3 8 195 3872 910 1137
6 0.057 48 -2 253 6 1 159 3900 867 1142
5 0.057 49 -3 253 5 30 130 3967 930 1152
5 0.057 47 -4 251 6 13 90 3947 872 1215
6 0.057 44 4 255 -2 11 63 3947 825 1167
6 0.071 44 6 255 6 -9 32 3992 825 1200
5 0.085 41 7 254 -5 -13 9 3952 855 1162
6 0.057 42 5 254 -1 -17 -2 3905 862 1187
5 0.057 40 1 248 -14 -21 -27 3935 877 1152
5 0.057 38 -2 241 -16 -5 -46 3920 877 1205
6 0.057 39 -6 248 -11 13 -60 3910 825 1182
6 0.057 37 -6 254 0 28 -69 3867 850 1172
6 0.071 38 -3 255 -6 15 -76 3890 892 1172
5 0.057 37 1 254 0 -8 -76 3940 862 1200
5 0.057 36 6 249 -4 -43 -80 3947 862 1220
6 0.043 37 9 249 -9 -83 -85 3910 877 1192
6 0.057 46 6 252 -4 -91 -71 3930 915 1137
5 0.071 51 -1 258 -10 -120 -65 3930 897 1225
5 0.085 45 1 251 -21 -155 -54 3920 930 1187
5 0.057 47 -7 245 -11 52 -51 3947 925 1162
7 0.057 60 -6 213 -1 20 -30 3952 887 1137
6 0.071 41 5 264 -54 81 -29 3957 910 1120
5 0.057 37 -17 218 -5 53 -66 3947 892 1142
5 0.057 36 -6 222 76 34 -43 3940 882 1152
6 0.057 51 -11 252 17 -6 -33 3915 915 1152
6 0.085 39 15 249 4 -6 -14 3935 905 1125
6 0.057 50 13 253 -11 -7 -50 3920 897 1182
5 0.057 55 12 247 18 118 -41 3935 920 1132
6 0.071 54 7 229 6 161 -67 3982 930 1132
6 0.057 39 -6 189 -38 77 -99 3972 1000 1177
6 0.099 29 -6 193 -22 15 -167 3940 952 1172
6 0.057 41 -10 254 -4 63 -191 3877 915 1187
5 0.071 55 5 271 -55 43 -156 3900 940 1157
5 0.085 21 9 243 -51 174 -171 3877 945 1192
6 0.071 28 4 237 -16 129 -159 3900 967 1240
6 0.071 52 7 240 -14 264 -159 3895 995 1297
7 0.057 43 10 225 -79 284 -143 3905 1000 1267
6 0.071 53 2 206 -40 265 -162 3885 982 1192
5 0.071 48 3 227 -48 336 -132 3905 1000 1230
5 0.057 18 3 251 -27 278 -140 3877 1057 1225
5 0.085 60 -4 320 25 244 -144 3842 977 1260
7 0.071 67 -13 312 41 215 -109 3832 1020 1277
6 0.099 58 -7 246 -42 250 -92 3900 967 1340
6 0.057 72 -12 292 -44 396 -122 3890 1095 1322
6 0.085 -15 5 175 -59 378 -126 3852 1057 1312
6 0.071 37 -6 249 -34 282 -128 3872 1020 1350
7 0.071 12 -7 215 34 291 -126 3827 1025 1292
5 0.071 44 4 283 -25 236 -115 3805 1042 1360
5 0.071 37 8 279 -24 143 -103 3770 1057 1380
5 0.071 19 16 227 -53 291 -70 3837 1095 1385
5 0.085 43 0 238 -34 332 -74 3810 1090 1417
6 0.057 10 2 252 -38 240 -88 3842 1072 1437
6 0.071 30 9 286 -68 385 -99 3785 1095 1422
6 0.099 27 -10 259 -62 286 -74 3765 1085 1447
6 0.071 1 -2 231 -3 246 -47 3702 1085 1465
5 0.071 21 -12 262 6 234 -46 3702 1047 1442
5 0.057 11 -3 284 11 261 4 3742 1057 1442
6 0.071 4 -3 215 32 305 22 3685 1077 1510
6 0.071 42 -5 263 39 302 63 3747 1077 1542
6 0.057 8 5 202 -28 473 81 3695 1077 1552
5 0.071 19 0 248 25 293 92 3670 1062 1587
5 0.057 34 -2 273 25 355 72 3685 1062 1605
7 0.057 32 -3 254 16 355 81 3712 1057 1620
6 0.071 2 1 216 -21 389 35 3747 1062 1587
5 0.057 20 5 275 -1 419 27 3675 1035 1587
5 0.085 12 6 258 -9 438 2 3660 1042 1592
6 0.057 5 -5 247 2 387 8 3680 1047 1630
7 0.057 1 -13 241 13 259 18 3632 1015 1655
5 0.071 11 -16 233 4 327 43 3607 1047 1677
5 0.057 2 -6 243 20 274 69 3597 1052 1655
5 0.057 -21 -1 228 25 337 110 3607 1047 1662
6 0.057 -11 9 242 8 277 145 3632 1067 1745
7 0.043 11 -1 268 6 180 187 3632 1062 1707
5 0.071 14 6 270 2 246 151 3655 1035 1735
5 0.057 -11 7 231 -58 182 153 3632 1005 1755
5 0.043 11 -14 207 68 294 111 3607 982 1750
6 0.057 43 0 319 2 403 93 3540 940 1780
6 0.128 -23 -6 215 41 233 118 3637 945 1770
6 0.043 -9 -16 205 -12 247 107 3565 982 1817
6 0.057 -12 7 267 13 63 133 3535 925 1802
5 0.071 -5 9 249 -25 3 143 3535 910 1837
6 0.043 15 8 270 31 45 140 3592 982 1755
6 0.057 30 2 292 -27 29 116 3602 952 1765
6 0.057 0 6 288 40 -100 112 3612 897 1807
5 0.043 116 -39 465 -112 488 181 3587 862 1775
5 0.057 -41 -12 163 -73 431 116 3512 887 1817
5 0.043 36 -10 282 27 341 115 3520 897 1822
5 0.057 28 -2 343 -78 408 61 3525 930 1837
6 0.043 10 3 257 -14 279 56 3535 910 1822
5 0.085 -6 -2 231 -12 176 38 3540 910 1852
6 0.057 -11 3 232 -88 33 -8 3565 862 1890
7 0.057 -18 -9 240 60 -48 13 3545 882 1890
6 0.057 -16 8 248 -7 -9 38 3512 915 1885
5 0.043 1 3 248 -61 28 55 3507 892 1915
6 0.057 5 -8 219 19 115 45 3492 905 1870
6 0.057 -14 0 211 -14 7 47 3540 905 1947
5 0.057 -35 4 195 -9 34 10 3512 855 1932
5 0.057 -27 2 206 35 -8 10 3492 867 1900
6 0.057 7 0 253 -33 51 -34 3512 877 1937
6 0.057 -37 1 198 51 10 -33 3507 877 1920
5 0.057 40 -4 242 -39 73 -50 3530 850 1925
5 0.071 27 -2 270 11 -58 -59 3502 905 1910
5 0.057 5 -5 301 -5 121 -45 3477 897 1875
6 0.057 22 -5 318 -14 85 -12 3492 910 1920
6 0.057 -18 -3 237 -28 77 13 3492 897 1920
5 0.057 24 -2 266 29 59 5 3467 877 1920
5 0.057 -16 6 232 58 78 19 3482 940 1865
7 0.071 -40 20 235 17 -44 -14 3472 905 1910
6 0.071 0 13 238 -54 23 -42 3520 897 1875
5 0.057 33 -8 315 31 84 -89 3492 910 1890
5 0.057 15 -10 323 -27 58 -109 3525 897 1885
6 0.071 16 -13 293 69 15 -122 3540 882 1982
7 0.043 29 -12 296 -34 112 -97 3530 882 1982
6 0.085 13 -1 316 3 -28 -77 3492 915 1942
5 0.057 -5 1 260 -61 -38 -49 3497 920 1962
5 0.057 16 6 239 -51 17 -12 3502 925 1947
5 0.071 12 2 210 39 -118 -22 3540 952 1995
7 0.057 19 -5 277 32 -3 -12 3467 915 1905
6 0.057 -4 3 236 39 -148 -57 3450 925 1895
5 0.057 -41 13 191 59 -134 -46 3445 972 1925
5 0.057 44 -7 342 57 -102 -33 3512 882 1925
5 0.071 4 -15 238 -1 -3 -23 3455 915 1937
6 0.057 -7 -17 257 45 53 -10 3482 862 1937
6 0.057 -33 0 240 10 8 12 3440 940 1910
5 0.057 0 1 287 -54 85 0 3435 957 1915
5 0.071 6 12 278 -24 30 10 3445 967 1920
6 0.057 18 5 276 -54 22 10 3512 940 1880
5 0.057 56 -10 299 -20 11 42 3535 935 1932
5 0.057 -27 -1 216 0 -38 42 3550 957 1937
6 0.057 3 -19 196 49 54 50 3512 887 1910
6 0.057 -8 -8 227 27 -67 29 3502 915 1905
5 0.057 16 -6 277 64 -118 42 3487 940 1910
5 0.057 7 4 284 -23 -25 50 3520 892 1987
7 0.071 0 5 260 -19 -24 24 3487 925 1952
6 0.057 -4 4 258 -6 -68 31 3482 925 1932
5 0.057 5 -3 271 14 -20 45 3550 867 1880
5 0.071 -25 4 208 -9 -36 55 3512 935 1870
6 0.085 -4 -6 230 -7 19 58 3520 877 1857
7 0.057 -10 -10 247 42 -50 83 3520 915 1870
5 0.057 -2 -7 269 2 -21 114 3507 925 1885
5 0.057 -6 -4 247 0 -23 141 3482 920 1905
6 0.071 -7 8 240 11 -9 150 3492 910 1895
6 0.057 -1 11 253 -5 0 148 3497 892 1910
6 0.043 -9 8 251 17 -4 137 3492 920 1870
5 0.057 -3 6 268 11 -30 127 3555 830 1900
6 0.071 -13 -2 241 -8 -3 93 3530 855 1910
6 0.043 0 -6 234 0 -7 81 3525 855 1900
5 0.057 -3 -17 238 -18 24 64 3520 835 1880
5 0.057 -9 -5 260 1 60 83 3512 850 1870
7 0.043 -7 1 258 -4 61 101 3525 862 1890
6 0.057 -10 5 253 7 82 139 3502 845 1865
5 0.057 -7 9 257 3 67 159 3492 897 1932
6 0.043 -5 12 254 -12 43 170 3507 850 1895
6 0.057 -6 6 261 -5 19 165 3467 792 1910
6 0.043 -2 0 254 -4 14 135 3530 797 1905
5 0.043 1 0 251 -2 -9 87 3487 745 1910
6 0.057 6 -9 261 11 -43 62 3512 802 1895
6 0.043 1 -12 247 1 -47 39 3530 787 1925
5 0.057 5 -8 254 11 -50 20 3530 792 1937
7 0.043 4 -4 254 5 -46 9 3467 787 1880
6 0.057 10 3 258 10 -40 -1 3487 787 1885
5 0.057 4 9 262 3 -55 -13 3492 765 1910
5 0.071 5 7 257 -1 -119 -39 3487 815 1890
6 0.057 6 5 255 -11 -151 -87 3507 802 1865
7 0.057 10 -1 256 -2 -184 -135 3497 797 1842
5 0.057 12 -3 260 -3 -216 -186 3535 815 1857
5 0.071 13 -7 256 -4 -251 -239 3487 820 1895
5 0.057 0 -23 258 15 -205 -299 3520 820 1857
5 0.071 60 -23 305 39 -96 -282 3530 855 1870
6 0.071 153 -33 376 -139 573 -188 3492 855 1812
6 0.043 20 39 263 -60 367 -242 3525 855 1832
6 0.057 -21 35 301 18 190 -210 3507 872 1842
6 0.057 -28 21 264 -3 143 -176 3512 887 1842
6 0.043 -14 10 259 -58 -18 -156 3492 892 1895
6 0.156 42 -16 291 6 -43 -147 3450 930 1915
6 0.071 7 -15 226 -40 135 -147 3497 957 1895
6 0.057 0 -16 240 9 16 -127 3497 897 1915
5 0.071 -7 -20 254 -21 -60 -90 3462 882 1920
5 0.057 -20 3 272 -12 -97 -29 3477 877 1865
5 0.057 -19 6 267 -5 -157 26 3507 915 1875
6 0.057 -13 8 249 -4 -157 84 3492 952 1847
6 0.057 -5 12 254 1 -158 141 3477 925 1847
5 0.057 0 9 255 -9 -145 177 3530 930 1885
5 0.043 1 5 257 -10 -169 195 3582 945 1890
6 0.071 43 -14 319 79 -54 185 3525 940 1910
5 0.071 17 -29 227 -1 17 188 3525 882 1852
6 0.043 -12 -20 249 14 478 167 3507 840 1885
6 0.057 7 -19 254 -58 347 179 3492 892 1847
6 0.043 0 -12 203 -47 255 188 3535 872 1905
5 0.043 -10 14 295 -13 147 151 3497 882 1915
5 0.028 -4 20 271 -19 62 118 3477 855 1900
5 0.057 7 20 264 21 24 128 3467 845 1895
6 0.043 20 4 210 16 12 127 3540 840 1900
6 0.057 33 -2 227 2 -52 84 3482 845 1915
6 0.057 28 -23 215 55 79 38 3507 815 1915
5 0.071 16 -32 272 -13 -5 16 3482 835 1895
6 0.057 -18 -26 226 56 91 -4 3497 830 1865
6 0.085 -7 -2 271 -4 138 -2 3560 797 1895
5 0.057 -30 23 249 51 -37 51 3512 835 1967
6 0.057 7 21 340 -20 28 84 3512 845 1920
6 0.057 10 13 292 35 75 159 3467 787 1910
6 0.043 18 9 300 -55 119 136 3502 815 1925
6 0.057 -21 5 236 19 37 132 3497 765 1900
5 0.043 15 -7 256 -26 178 58 3502 792 1895
6 0.057 3 -4 229 -9 8 41 3482 792 1905
6 0.057 18 -19 235 4 93 22 3467 755 1900
5 0.057 15 -17 261 17 -21 34 3477 772 1915
5 0.057 19 -12 314 84 -59 46 3472 792 1947
5 0.057 -6 -8 269 -18 -69 81 3450 797 1957
6 0.071 -15 -8 275 11 -75 109 3507 792 1925
6 0.071 -8 -4 278 30 -58 162 3520 725 1915
6 0.057 -35 0 239 -8 -43 211 3560 735 1880
5 0.043 -25 15 250 4 29 244 3520 772 1895
5 0.057 -27 9 203 -37 -59 235 3507 745 1870
6 0.043 -3 14 261 -3 0 225 3520 745 1905
7 0.043 -3 9 239 -30 73 167 3520 750 1890
5 0.043 23 -7 288 0 -18 76 3540 717 1932
5 0.043 36 -17 285 -38 33 -13 3550 702 1932
6 0.043 31 -10 245 -14 -8 -89 3502 712 1925
6 0.057 52 -11 268 -26 50 -110 3507 712 1905
7 0.071 44 -4 249 3 50 -118 3520 735 1967
5 0.085 49 6 268 -14 16 -70 3525 772 1925
5 0.071 44 5 255 -33 -13 -5 3525 712 1910
6 0.085 39 -2 266 20 -1 55 3525 772 1900
6 0.085 33 3 279 4 -7 83 3520 740 1937
6 0.099 20 -3 247 16 -26 84 3540 725 1905
5 0.085 9 -3 243 -2 -37 67 3520 760 1932
6 0.085 3 -2 252 -2 -33 5 3550 702 1920
5 0.085 1 -8 275 29 -30 -57 3487 712 1905
5 0.113 -6 -6 248 -13 -16 -117 3507 702 1910
5 0.085 0 -6 253 -27 -70 -156 3507 725 1895
6 0.085 -12 4 238 24 -13 -248 3540 702 1895
6 0.085 14 -8 294 1 -13 -311 3525 777 1915
6 0.085 -1 5 281 -10 27 -378 3550 765 1962
5 0.128 32 -16 310 -12 19 -487 3492 765 1875
6 0.085 -42 8 221 28 -70 -524 3525 777 1847
5 0.085 14 -12 301 15 -63 -496 3502 850 1920
5 0.085 -8 3 260 -44 -112 -517 3425 807 1895
6 0.085 5 -12 250 -13 -52 -504 3472 897 1885
6 0.085 0 -16 250 42 -18 -481 3507 897 1880
6 0.071 -11 -1 256 -4 -12 -448 3477 920 1847
6 0.071 -10 -15 259 21 -11 -405 3535 930 1890
5 0.085 -14 0 252 0 -19 -342 3477 987 1875
5 0.071 -6 -2 255 1 -11 -286 3487 1030 1937
5 0.071 0 0 260 7 -17 -214 3507 1005 1957
6 0.099 7 6 248 4 68 -113 3492 1057 1885
6 0.085 4 15 213 19 37 -40 3482 1020 1852
5 0.071 25 -10 241 -69 71 -5 3467 1015 1900
5 0.071 11 -9 231 -23 181 46 3472 1062 1900
5 0.071 7 -7 221 -44 93 65 3467 1015 1952
6 0.071 6 4 255 -31 87 88 3492 1067 1937
7 0.085 8 12 256 -9 104 128 3445 1020 1895
5 0.085 20 11 239 5 -4 199 3507 1042 1932
5 0.085 -8 2 213 27 -93 286 3482 1030 1920
5 0.099 25 -14 265 -62 -150 297 3467 1010 1932
5 0.099 41 -3 314 -36 -183 352 3462 995 1925
7 0.099 3 0 265 -16 -217 391 3497 930 1900
6 0.142 34 4 261 -22 -175 441 3487 915 1847
6 0.113 33 35 319 99 18 446 3525 897 1880
5 0.099 89 -4 238 -36 821 419 3540 872 1925
5 0.113 -4 -11 118 45 245 318 3492 910 1920
6 0.099 -10 -13 344 -8 17 363 3550 867 1925
5 0.099 -32 10 252 95 -3 233 3487 850 1952
6 0.113 39 -1 238 -54 -70 151 3487 850 1937
6 0.113 -7 16 242 -97 178 160 3535 840 1932
6 0.099 91 -22 266 -34 0 82 3530 867 1920
5 0.113 60 -38 271 12 222 147 3455 802 1895
5 0.113 -7 -24 214 29 -15 6 3440 820 1957
5 0.099 -35 -1 458 22 -153 9 3487 807 1915
5 0.269 38 -14 373 159 -104 -204 3425 750 1905
6 0.099 -34 8 198 64 -44 -130 3477 765 1890
5 0.085 24 -2 163 -14 -23 -103 3472 840 2000
6 0.099 -128 10 187 39 17 -73 3482 840 1947
6 0.113 -15 -3 187 43 -25 -167 3445 862 1947
6 0.099 58 28 317 4 -96 -188 3477 825 1920
6 0.099 64 -15 350 -71 36 -244 3512 892 1910
6 0.099 25 -27 311 59 11 -308 3482 897 1880
5 0.099 -21 -13 280 93 -172 -313 3520 877 1905
5 0.099 -35 24 265 58 -215 -331 3455 882 1885
5 0.099 -9 2 241 -73 -51 -313 3497 915 1890
6 0.142 33 -1 296 -21 174 -284 3520 935 1890
5 0.071 -18 13 261 4 1 -257 3512 910 1895
6 0.099 -15 2 290 -25 -9 -238 3455 967 1852
6 0.071 -7 4 293 -11 5 -219 3492 1000 1880
6 0.085 4 -10 254 -18 -14 -202 3530 1035 1885
5 0.099 2 -10 246 4 -1 -197 3487 1072 1875
5 0.071 9 -11 248 -1 -4 -191 3477 1025 1880
5 0.099 5 -12 254 24 -22 -167 3445 1005 1905
5 0.085 -4 -7 256 15 -72 -125 3492 1005 1895
6 0.085 -8 -9 262 22 -143 -86 3492 1042 1895
6 0.099 -13 -1 260 -19 -217 -51 3467 1030 1880
7 0.085 -15 1 254 21 -255 -17 3525 1042 1880
6 0.113 -36 26 207 10 78 -21 3492 1025 1875
5 0.085 -19 20 244 -22 186 -34 3525 995 1895
5 0.085 -13 12 239 8 92 -60 3477 1052 1910
5 0.071 -3 -4 243 -50 8 -155 3482 1030 1832
6 0.085 16 -35 211 35 -36 -140 3482 1047 1870
6 0.071 13 -25 247 -47 -55 -132 3472 1067 1852
6 0.085 9 -27 267 -18 -23 -118 3525 1120 1817
6 0.085 12 -5 254 -37 30 -86 3507 1095 1847
6 0.071 15 -3 253 -14 76 -76 3545 1100 1832
7 0.085 0 12 257 -5 54 -64 3450 1115 1925
5 0.085 -3 16 259 -7 -17 -57 3440 1110 1932
5 0.099 -9 -3 247 15 -131 -57 3497 1095 1957
5 0.085 18 -7 279 -67 -82 -46 3525 1125 1812
6 0.085 55 -11 293 126 322 -82 3507 1100 1832
7 0.057 -7 -6 240 -101 334 -37 3472 1105 1875
6 0.071 -33 -10 252 -40 285 -109 3462 1110 1880
6 0.057 -56 4 288 -28 63 -125 3450 1067 1870
6 0.071 -28 5 306 -23 -128 -96 3450 1090 1932
6 0.085 -12 -10 234 -47 79 -69 3492 1085 1905
6 0.057 27 -7 219 33 57 -23 3482 1115 1925
5 0.071 -12 -12 137 -37 136 -9 3440 1120 1937
5 0.071 19 -3 290 -64 3 -13 3420 1120 1847
6 0.057 22 8 340 60 29 -35 3435 1167 1915
6 0.099 -6 4 267 1 -85 -4 3492 1137 1890
6 0.057 -2 -5 252 -36 -5 5 3467 1152 1885
5 0.085 40 3 263 10 85 11 3477 1110 1895
6 0.057 -9 12 233 10 15 25 3482 1120 1885
6 0.057 -24 -2 196 46 49 76 3477 1100 1875
6 0.071 21 -10 282 15 59 118 3462 1090 1895
5 0.057 11 -13 289 25 95 161 3455 1062 1875
5 0.071 -8 1 230 -40 -27 158 3487 1100 1982
5 0.057 40 3 333 94 -18 198 3440 1115 1982
6 0.071 -4 9 249 -26 185 207 3430 1062 1957
6 0.071 -7 -13 221 16 53 209 3477 1077 1905
6 0.043 11 -24 288 37 -16 221 3462 1042 1932
5 0.099 -17 -10 260 62 52 196 3507 1025 1920
5 0.071 -19 -1 252 -31 -65 182 3450 1090 1947
5 0.057 38 3 308 47 -57 171 3482 1062 1937
5 0.071 22 6 303 -12 -15 140 3435 1052 1967
6 0.043 17 6 273 24 16 120 3445 1035 1942
7 0.057 -38 1 152 -14 -17 124 3445 987 1920
5 0.085 18 -2 263 20 -5 82 3445 1020 2010
5 0.057 33 -13 295 45 -66 93 3450 972 1925
5 0.071 -26 -4 206 44 17 81 3455 1010 1932
6 0.057 -7 0 270 -37 18 97 3467 1015 1915
7 0.071 -9 2 300 72 -19 124 3467 967 1920
5 0.099 59 2 317 15 -7 124 3487 945 1925
5 0.057 5 4 242 -54 -52 144 3445 967 1962
6 0.085 8 5 301 -4 -13 73 3477 1010 1962
6 0.057 -7 -10 269 21 -33 27 3455 972 1957
6 0.071 -8 -8 250 -2 -75 -25 3435 995 1947
5 0.071 0 -15 246 -4 -72 -67 3477 967 1962
5 0.057 4 -6 245 20 -42 -95 3472 967 1952
6 0.085 4 -4 251 24 -9 -100 3467 977 1910
6 0.071 6 0 254 -4 84 -93 3425 982 1957
5 0.057 -2 -4 248 -4 -28 -62 3430 977 1957
5 0.071 -6 -9 264 -14 -47 -58 3482 935 1947
6 0.057 -11 -14 246 -23 -51 -31 3477 995 1915
6 0.099 -12 -16 198 63 36 17 3445 940 1925
6 0.071 -15 -5 245 6 14 56 3450 982 1995
5 0.057 -20 -5 253 6 32 83 3445 977 1895
5 0.057 -8 4 254 11 2 111 3435 995 1932
6 0.071 -7 5 259 7 -12 124 3467 987 1972
5 0.057 -4 7 245 -5 10 119 3450 977 1942
5 0.043 12 1 242 4 -11 114 3472 962 1947
6 0.071 12 -1 262 7 -33 98 3467 935 1920
7 0.057 13 -5 251 15 -55 73 3482 952 1937
5 0.085 16 -10 250 14 -81 54 3502 945 1910
5 0.057 20 7 268 -3 1 12 3492 957 1920
6 0.071 24 -2 265 2 -29 -9 3472 945 1920
6 0.071 10 -11 242 5 0 -9 3445 892 1900
6 0.170 -3 -5 250 20 45 -17 3472 952 1880
5 0.085 -8 -2 250 10 39 -5 3482 972 1920
5 0.057 -1 3 251 18 79 -11 3472 957 1885
6 0.085 -2 10 255 16 100 -1 3487 945 1937
7 0.057 -11 3 230 -2 101 2 3467 982 1972
5 0.057 12 -4 268 -7 78 -18 3440 930 1942
5 0.085 8 -3 266 3 46 -28 3502 945 1962
6 0.057 5 -7 259 14 35 -50 3455 952 1957
6 0.071 3 -7 254 4 40 -71 3450 940 1977
5 0.071 0 -7 248 -17 39 -89 3477 967 1957
5 0.071 -2 -6 242 -13 39 -89 3482 935 1987
6 0.085 -14 3 263 -40 -7 -77 3472 967 1982
6 0.099 -9 3 253 -9 -63 -51 3430 925 1925
5 0.057 -5 6 255 -7 -74 -26 3462 1000 1932
5 0.085 -3 5 263 -21 -110 8 3435 962 1942
6 0.071 -5 2 267 -13 -116 30 3507 977 1952
6 0.071 3 -5 255 -28 -100 44 3445 972 1932
6 0.085 16 -6 269 40 48 100 3455 1010 1900
5 0.071 -20 1 241 -48 64 65 3425 982 1925
5 0.057 -13 -7 251 -26 75 57 3477 957 1957
7 0.085 -7 -8 265 -1 57 43 3467 935 1925
6 0.057 -34 12 293 -45 1 49 3472 952 1942
5 0.071 5 0 255 -13 -48 58 3487 952 1915
5 0.071 -7 9 242 -30 -25 45 3467 952 1957
5 0.099 -1 2 271 -4 -62 31 3467 935 1947
7 0.071 7 -8 268 -10 -73 -1 3462 957 1915
6 0.071 6 -10 266 -2 434 -38 3430 987 1915
5 0.071 2 8 159 121 131 -62 3482 945 1942
5 0.071 12 -23 238 26 -10 -54 3502 972 1987
6 0.071 18 -10 301 -7 170 -39 3492 935 1952
7 0.085 7 9 305 -37 50 -27 3445 962 1942
6 0.057 45 -12 346 51 -32 6 3467 952 1885
5 0.085 -5 10 281 -75 -22 50 3477 967 1910
5 0.071 -17 12 257 -28 -16 81 3462 952 1947
6 0.071 -7 2 258 -3 -9 97 3382 987 1982
6 0.071 -9 1 248 -6 -21 100 3425 972 1925
6 0.099 -9 6 257 -26 -7 59 3440 940 1942
5 0.071 -2 -2 249 11 8 47 3450 1005 1967
5 0.071 -2 3 259 35 -9 20 3420 972 1947
6 0.071 13 2 276 20 -21 -4 3472 920 1947
5 0.057 1 -7 254 46 -31 -27 3467 930 1937
5 0.085 2 -18 243 47 -8 -62 3462 962 1977
6 0.057 6 -17 261 114 10 -50 3477 920 1947
6 0.085 13 -20 278 -20 37 -73 3487 952 1952
6 0.057 10 -14 249 10 73 -106 3472 967 1920
5 0.071 32 5 280 -68 19 -70 3477 962 1942
6 0.085 5 20 287 29 -35 -85 3445 1000 1957
5 0.071 7 -7 302 12 92 -78 3472 972 1977
6 0.071 8 0 261 -21 -82 -49 3472 995 1995
6 0.099 -19 -11 262 41 -55 -51 3435 1000 1962
5 0.085 1 -10 261 18 -68 -42 3462 972 1957
6 0.085 -6 -5 245 16 -64 -25 3462 977 1937
5 0.057 -6 0 236 10 -18 -14 3477 995 1932
6 0.085 -6 1 237 -9 79 -6 3497 945 1995
5 0.057 -5 -16 240 4 65 58 3472 982 1937
5 0.071 4 -13 248 -20 46 93 3477 952 1957
7 0.071 -9 5 264 -13 25 132 3467 977 1937
6 0.071 -10 4 266 -8 2 156 3502 962 1987
5 0.057 -9 5 262 -11 -10 165 3497 920 1952
5 0.071 -3 -2 248 -8 -3 176 3440 920 1937
5 0.071 5 -1 251 -1 16 182 3492 952 1987
7 0.085 -2 -3 263 20 19 181 3472 972 1957
6 0.071 2 -3 265 14 1 175 3420 872 2000
5 0.071 -1 -5 249 4 1 171 3467 887 1942
6 0.057 2 -8 246 9 16 154 3477 915 1942
6 0.071 -6 0 264 19 15 144 3462 877 1972
5 0.071 -3 1 271 4 -12 140 3440 935 1972
5 0.057 -2 1 263 14 -28 138 3512 862 1952
6 0.071 -2 6 255 -1 -18 122 3487 925 1947
6 0.057 -2 4 253 3 -5 91 3462 862 1952
5 0.071 2 3 253 2 11 60 3435 910 1952
6 0.071 7 2 260 3 20 36 3467 877 1977
6 0.071 12 -4 259 -4 12 18 3415 882 1962
5 0.085 14 -7 253 0 8 -1 3512 855 1947
6 0.071 12 -5 255 -14 16 -14 3445 887 1925
6 0.071 10 -4 256 3 6 -12 3462 897 1942
5 0.085 4 -1 259 -1 -7 -3 3435 877 1910
6 0.057 0 -2 258 1 -40 25 3440 850 1910
6 0.085 -16 4 243 12 -68 23 3425 920 1890
5 0.071 -14 2 263 -13 -71 50 3445 825 1915
5 0.071 -7 -1 259 -6 -62 57 3467 787 1962
5 0.085 -5 -1 256 -19 -44 66 3450 792 1947
7 0.071 -3 7 248 -36 -42 44 3512 835 1920
6 0.071 1 -1 254 -19 -3 39 3482 807 1972
5 0.071 21 -4 265 29 2 7 3507 887 1937
5 0.057 22 -10 260 -75 14 -21 3420 830 1947
6 0.113 15 -14 269 2 -29 -47 3440 862 1920
7 0.071 11 -3 249 -8 -22 -80 3425 872 1962
6 0.085 4 -11 256 -3 -60 -54 3477 830 1942
5 0.071 -5 3 250 -12 -82 -42 3492 877 1905
5 0.085 -1 1 250 -13 -104 -19 3487 877 1925
5 0.071 1 -2 254 -4 -90 2 3482 855 1932
6 0.085 5 0 255 10 -76 26 3482 892 1937
5 0.071 0 4 252 -5 -48 36 3507 862 1890
5 0.071 4 -2 258 -21 -46 49 3512 887 1885
6 0.085 6 -3 259 -12 -29 30 3507 910 1900
6 0.085 91 -37 441 0 512 14 3497 877 1925
5 0.057 -39 26 136 45 303 22 3487 867 1947
6 0.199 3 -34 305 34 27 -108 3497 807 1952
5 0.071 21 4 293 1 -49 -120 3420 905 2005
5 0.085 7 -2 254 14 -25 -96 3440 867 2005
5 0.085 51 5 296 35 -62 -86 3430 910 2000
7 0.071 -4 -13 174 -36 5 -69 3497 862 1957
6 0.085 24 -12 335 36 -128 -32 3450 840 1987
5 0.085 51 -10 292 -47 -55 -9 3410 835 1967
5 0.071 12 -48 106 142 -59 -44 3435 882 1890
5 0.085 37 0 275 75 -97 -86 3440 862 1972
6 0.071 14 32 259 52 146 -12 3462 897 1957
6 0.071 -64 6 312 4 -23 -23 3455 925 1967
6 0.085 -52 43 459 -16 -116 -67 3450 862 1967
6 0.099 -53 5 234 6 -53 -15 3487 897 2005
5 0.071 -26 6 341 10 -6 -63 3462 877 1972
6 0.071 -29 -8 308 166 -104 -21 3440 862 1957
5 0.071 -16 -6 194 45 37 -25 3445 872 1972
6 0.071 11 31 339 -87 47 -16 3435 897 2045
6 0.071 23 18 360 4 -118 17 3462 920 2020
5 0.071 -4 13 268 -38 -120 11 3467 905 1972
6 0.085 -8 -9 261 -16 -72 -34 3482 882 1942
5 0.071 13 -12 249 24 -109 -44 3467 867 1947
6 0.085 -6 -9 242 50 -53 -45 3492 872 1952
6 0.057 -1 -8 238 22 -8 -55 3497 915 1937
6 0.085 6 -1 264 36 -22 -49 3502 940 1982
6 0.099 3 4 259 21 -37 -19 3450 952 1952
5 0.071 0 1 255 24 7 -8 3477 867 1977
6 0.071 0 1 262 9 13 10 3440 892 1947
5 0.057 2 -4 259 5 46 41 3445 925 1947
6 0.085 1 2 248 -2 81 51 3477 862 1920
6 0.057 -4 7 247 -20 104 54 3450 872 2015
6 0.071 2 3 255 -22 102 55 3507 905 1967
5 0.085 -5 -3 258 12 78 52 3530 962 1962
6 0.057 -1 -11 271 23 66 49 3530 935 1982
6 0.071 4 -10 259 19 50 43 3487 835 1947
5 0.071 -2 -9 252 14 38 23 3450 897 1977
6 0.071 -6 -4 249 7 7 11 3462 910 1900
6 0.099 -6 -3 259 33 -25 5 3497 905 1942
5 0.071 -4 -2 259 39 -49 15 3467 855 1967
5 0.071 -7 2 251 30 -58 21 3492 867 1957
6 0.071 -6 0 252 35 -55 17 3450 867 1932
7 0.071 0 2 254 28 -43 20 3502 877 1942
5 0.071 3 3 252 24 -24 27 3540 915 1962
5 0.057 3 6 260 17 -10 18 3467 872 1962
6 0.085 6 3 256 15 -6 4 3472 887 1962
5 0.057 5 -1 254 19 3 -20 3445 935 1967
5 0.085 7 -1 254 9 8 -39 3477 887 1977
6 0.057 8 -3 256 8 6 -64 3482 905 1932
5 0.085 1 -5 258 14 -19 -76 3492 930 1967
5 0.071 3 -5 257 -12 -34 -91 3430 915 1987
5 0.113 3 -1 245 -29 -47 -103 3507 882 1957
6 0.071 7 6 255 -18 -35 -114 3477 915 1925
6 0.085 7 8 265 -7 -13 -101 3492 925 1962
5 0.057 7 8 265 -22 -21 -83 3497 930 1947
5 0.085 1 -3 257 -17 -43 -79 3450 925 1952
5 0.071 -1 -4 257 -16 -40 -84 3462 925 1937
6 0.085 4 -8 249 -4 -23 -80 3520 945 1910
7 0.085 2 -9 252 -9 4 -78 3512 925 1957
5 0.071 4 -1 255 -27 5 -74 3482 930 1937
5 0.085 4 -1 257 -17 1 -63 3487 962 1925
6 0.085 3 4 258 -18 1 -58 3440 962 1942
5 0.071 1 -3 257 -12 -7 -50 3477 967 1952
6 0.113 -5 -5 258 -19 -44 -43 3502 967 1942
5 0.085 -3 -9 259 -7 -73 -46 3462 995 1890
6 0.085 3 -12 255 25 -43 -39 3487 977 1932
6 0.085 0 -9 274 51 -39 -26 3472 957 1920
6 0.071 1 2 259 22 -55 -12 3425 952 1957
6 0.085 -1 4 248 22 -37 0 3492 972 1925
5 0.085 1 6 241 1 7 -5 3472 972 1915
6 0.085 -1 7 265 -9 25 13 3467 930 1900
5 0.057 -2 5 262 -10 6 29 3502 920 1915
6 0.085 0 1 257 -38 -10 36 3455 952 1920
6 0.085 -3 -4 250 -18 -20 37 3507 930 1905
5 0.071 -5 -5 247 -6 4 40 3462 987 1895
5 0.071 -2 -3 252 22 7 70 3482 920 1947
6 0.099 -7 3 267 2 -17 112 3502 957 1895
6 0.085 -4 -4 267 45 -72 137 3530 967 1942
5 0.071 -7 1 262 39 -110 142 3502 957 1915
5 0.085 -3 -4 243 49 -105 147 3502 1010 1905
5 0.071 -2 -6 244 55 -85 135 3512 925 1915
6 0.085 0 -17 248 74 55 121 3535 957 1915
6 0.071 9 -12 242 90 88 105 3482 940 1932
5 0.057 25 -2 271 26 37 114 3455 920 1905
6 0.071 13 10 286 -44 69 83 3450 952 1925
5 0.085 -20 10 261 -23 68 78 3507 957 1880
6 0.071 -13 14 268 -11 -148 44 3535 915 1895
6 0.071 50 5 348 37 -164 47 3507 962 1880
5 0.099 -13 -20 167 16 -90 -26 3492 897 1915
6 0.085 15 -12 205 -116 107 -65 3545 925 1925
5 0.071 41 -6 292 -31 33 -119 3482 915 1900
5 0.085 20 -14 264 3 74 -138 3492 872 1915
6 0.071 -14 -2 234 14 38 -143 3487 910 1895
6 0.085 -9 -1 252 33 -9 -131 3467 855 1952
7 0.071 -5 -3 252 7 -38 -123 3472 925 1900
5 0.085 -9 -1 250 10 23 -70 3445 915 1857
5 0.071 -5 1 239 11 -11 -49 3462 957 1947
6 0.071 16 -3 293 27 37 -6 3530 940 1885
6 0.071 -10 -5 266 -28 -20 11 3502 910 1895
5 0.071 -2 -6 312 54 -70 16 3525 920 1895
6 0.199 1 -12 215 12 -84 38 3477 935 1910
6 0.085 -11 -4 215 -24 0 12 3487 935 1942
5 0.057 8 -1 247 9 -1 14 3492 1005 1910
7 0.085 -3 3 259 2 -8 -4 3502 925 1925
6 0.057 3 5 251 11 -30 18 3492 935 1895
5 0.085 -9 4 241 -4 -47 -5 3492 945 1905
5 0.057 2 5 248 -5 -69 -13 3487 905 1905
6 0.085 7 4 254 6 -70 -48 3497 920 1915
6 0.057 3 0 251 -5 -67 -63 3520 962 1852
6 0.085 10 -3 259 9 -55 -83 3507 962 1895
5 0.071 8 -4 258 -7 -37 -96 3520 967 1865
6 0.085 17 -9 269 -16 -15 -99 3512 987 1905
5 0.099 9 -6 263 -3 41 -90 3467 945 1880
6 0.071 4 -3 252 -9 49 -90 3502 930 1875
5 0.071 3 3 252 -44 60 -85 3497 982 1857
5 0.071 -4 -4 260 -10 60 -92 3507 957 1847
6 0.085 -2 3 261 -4 58 -95 3550 957 1880
6 0.057 1 2 260 -8 29 -88 3497 967 1885
5 0.071 4 -4 257 -15 12 -89 3525 972 1900
6 0.085 -7 -1 246 -1 -9 -98 3477 925 1857
6 0.071 14 -18 245 -17 12 -97 3492 1052 1875
6 0.071 -6 -4 241 -11 8 -81 3540 1035 1875
6 0.071 -2 0 257 -28 -17 -59 3477 1035 1885
5 0.085 -1 -4 256 -8 -25 -48 3492 972 1895
6 0.099 -5 3 253 0 -12 -29 3487 1020 1865
5 0.071 -4 3 254 -19 -28 -19 3507 1010 1915
6 0.071 -3 0 257 -15 -46 -16 3455 1057 1947
6 0.071 0 -1 257 -10 -40 -26 3477 995 1932
6 0.071 7 -2 258 -17 -43 -18 3482 972 1952
6 0.085 3 -6 257 -13 -48 -23 3477 1010 1900
5 0.057 10 -3 262 -11 -49 -39 3487 1025 1925
5 0.085 7 -6 245 -5 -21 -42 3507 1030 1952
5 0.071 12 -6 255 -15 -7 -44 3535 1035 1852
6 0.071 3 -12 260 48 14 -43 3535 1025 1832
6 0.071 6 1 269 10 -2 -29 3550 1052 1875
5 0.057 3 3 256 9 -14 -9 3507 1035 1885
5 0.113 54 0 357 82 160 47 3507 1025 1890
6 0.057 33 -10 273 -71 296 27 3497 1052 1920
6 0.085 -39 -4 216 11 233 25 3520 1052 1925
6 0.057 -17 -10 234 -15 51 6 3455 1025 1952
5 0.085 26 -20 313 -24 130 38 3497 1030 1937
5 0.057 -3 -12 256 34 16 41 3482 1035 1932
5 0.071 -8 -4 255 30 -42 53 3492 1020 1947
6 0.085 -15 -5 246 -4 -8 44 3502 1015 1932
6 0.071 -1 2 253 -8 -140 72 3520 1015 1962
6 0.071 16 -9 255 13 -4 76 3482 967 1942
5 0.085 -8 -5 211 20 -40 51 3520 1035 1937
5 0.057 -6 2 226 37 -20 51 3492 1005 1880
6 0.099 8 -7 251 39 26 61 3525 982 1932
5 0.071 7 0 278 10 41 46 3477 972 1967
6 0.071 9 -6 283 47 -8 51 3472 1035 1915
6 0.057 0 4 231 -2 40 56 3487 1015 1890
6 0.085 -3 3 242 -12 -2 44 3520 967 1947
5 0.057 -21 -7 197 73 -38 59 3502 957 1890
5 0.071 -1 0 237 -58 33 40 3472 945 1952
7 0.085 -27 13 264 -42 -66 26 3497 977 1987
6 0.057 15 0 279 22 -125 -12 3467 1010 1952
6 0.085 15 3 255 29 -77 -5 3507 1005 1925
5 0.057 -3 -5 266 6 -91 -62 3467 1000 1920
5 0.085 -2 -7 296 51 -50 -58 3545 967 1932
7 0.099 -4 -6 265 -10 -12 -50 3555 987 1890
6 0.057 0 1 244 11 57 -51 3535 940 1942
5 0.071 -17 6 251 -3 -14 -50 3445 995 1852
5 0.071 15 -3 318 51 -7 -11 3462 1005 1875
5 0.057 -13 13 272 -37 -2 22 3512 982 1880
6 0.071 -7 -1 260 11 52 42 3477 987 1910
5 0.057 -8 3 258 -35 -35 56 3467 987 1925
5 0.071 -9 -4 259 -16 50 65 3450 982 1880
5 0.057 3 -12 270 24 -1 63 3530 1030 1900
6 0.057 -5 -10 257 -6 -50 53 3482 1005 1890
6 0.057 15 -10 277 30 -48 47 3472 1015 1932
6 0.071 6 -2 260 14 30 28 3440 1015 1932
5 0.085 -3 -1 244 38 -87 16 3482 987 1895
6 0.057 -29 0 206 47 -101 15 3467 995 1920
6 0.057 28 -9 275 6 -49 44 3467 1025 1920
6 0.057 -2 -2 262 -35 -43 19 3492 995 1910
6 0.057 13 -12 280 63 -69 29 3472 982 1937
5 0.057 17 4 273 20 -29 14 3507 982 1910
6 0.057 10 2 288 -4 70 26 3492 977 1925
6 0.043 -4 -1 257 42 -48 44 3497 1005 1837
5 0.057 -4 0 258 8 -60 46 3445 987 1915
7 0.057 3 -1 260 21 -34 57 3482 1005 1890
6 0.057 4 0 257 3 -42 63 3450 995 1852
5 0.057 4 -4 258 12 -52 58 3525 982 1905
5 0.085 5 -2 254 2 -64 56 3487 1005 1905
6 0.057 4 -1 254 17 -43 50 3497 972 1937
5 0.057 9 -2 258 9 -57 46 3525 940 1962
5 0.057 6 2 254 -14 -46 33 3545 940 1925
6 0.057 7 1 249 -16 -34 19 3492 952 1890
6 0.057 5 4 248 -24 -29 9 3507 935 1890
5 0.057 7 3 254 -16 -16 3 3512 962 1880
6 0.057 41 -9 345 -40 208 -43 3507 967 1890
7 0.057 4 31 228 78 148 6 3507 952 1880
5 0.057 -28 13 198 -28 213 14 3530 967 1920
5 0.057 -14 -6 221 -57 156 -25 3512 972 1925
5 0.057 -15 -2 257 -18 102 -60 3507 962 1947
5 0.057 -14 1 265 -7 41 -64 3472 967 1962
5 0.156 25 1 286 -50 101 -77 3487 925 1910
6 0.057 10 6 285 12 -11 -80 3492 967 1925
6 0.071 -11 1 253 -18 22 -56 3455 962 1937
6 0.057 6 -10 252 -15 -23 -33 3487 940 1910
6 0.057 -17 3 246 -43 35 -48 3440 940 1967
5 0.071 -10 1 242 19 -103 -35 3477 967 1905
5 0.057 -1 3 266 -29 -138 -24 3520 1020 1947
6 0.057 -2 -3 263 -14 -142 -13 3497 995 1920
6 0.071 2 -4 261 -21 -139 4 3535 1025 1920
7 0.071 5 -15 255 -12 -142 28 3472 1005 1915
6 0.057 60 -4 302 16 32 40 3472 952 1932
5 0.057 4 -5 219 -49 14 25 3462 967 1870
5 0.085 0 -11 205 -32 122 28 3502 977 1865
6 0.057 -14 -4 260 40 70 -32 3535 1010 1885
7 0.057 83 -9 370 144 35 -30 3492 1010 1915
5 0.057 22 -6 190 12 276 -8 3455 952 1905
5 0.057 -15 -2 261 -39 197 -53 3507 967 1952
5 0.057 -24 -3 281 7 31 -68 3462 945 1895
6 0.043 -32 6 228 -7 -19 -80 3482 987 1947
6 0.057 19 -9 286 33 -59 -26 3455 1015 1920
5 0.057 -22 17 215 -41 1 -14 3440 1000 1932
5 0.057 -31 3 211 3 -45 6 3467 1010 1925
5 0.057 10 -9 279 22 39 47 3507 987 1932
6 0.057 -1 3 268 -15 60 86 3467 977 1972
7 0.057 -3 -2 274 -28 15 120 3477 972 1972
5 0.043 -13 0 262 -30 32 146 3455 945 1905
5 0.057 -23 -4 249 19 -3 148 3467 977 1932
6 0.043 -13 -9 265 15 30 184 3440 972 1972
6 0.043 -2 -10 265 0 42 170 3482 945 1952
5 0.057 -5 -1 265 8 46 165 3430 987 1952
6 0.043 -1 -3 261 17 27 156 3477 957 1967
6 0.043 2 -2 248 16 26 134 3497 945 1925
6 0.043 5 -1 263 6 46 105 3472 920 1977
5 0.043 5 3 254 12 43 59 3472 905 1947
6 0.043 2 -6 231 31 31 45 3462 882 2005
7 0.028 20 -11 289 79 38 42 3467 905 1962
5 0.085 19 -6 281 62 38 66 3477 925 1962
5 0.028 6 -9 279 48 95 105 3455 905 1987
6 0.043 -10 8 287 -16 64 123 3467 915 1942
6 0.043 -32 5 252 9 -23 142 3445 905 1982
6 0.057 -26 5 261 3 -72 174 3467 872 2035
5 0.028 -20 3 245 -67 13 207 3530 897 2077
6 0.043 -20 11 265 -30 -80 202 3482 867 1952
6 0.043 -22 1 254 -30 -55 217 3477 835 2005
5 0.028 -30 5 251 -22 -120 194 3430 877 1977
5 0.028 -8 -8 258 -19 -23 141 3507 820 1932
5 0.028 -19 -10 234 -5 -46 96 3550 835 1972
6 0.043 -1 -10 276 -10 -1 37 3492 815 1947
6 0.028 -8 -5 237 -9 -2 6 3497 825 1932
5 0.028 -1 3 269 6 -23 -18 3492 835 1937
5 0.028 -6 1 242 13 -53 -22 3512 855 1957
6 0.028 13 4 260 3 -42 -15 3477 835 1915
6 0.028 6 1 244 -12 46 -2 3525 820 1925
5 0.028 4 4 255 -7 -20 -2 3477 802 1957
6 0.028 27 -3 292 23 -34 9 3492 820 1947
6 0.028 5 -6 274 -6 -19 -2 3502 807 1952
6 0.028 -9 -7 228 -6 -37 -11 3502 797 1937
5 0.028 12 -7 288 19 -19 -15 3512 825 1915
6 0.028 -11 -1 259 -30 58 -18 3512 825 1962
6 0.014 -9 5 255 9 22 -50 3550 892 1947
6 0.043 -18 2 262 -3 34 -86 3497 840 1937
6 0.014 -13 3 263 -1 26 -112 3530 872 1932
5 0.028 -9 -4 254 -2 12 -130 3497 850 1952
6 0.014 -4 -8 255 11 -2 -148 3492 882 1947
6 0.014 -3 -4 251 -4 -12 -141 3512 850 1962
6 0.028 1 -8 259 7 -27 -128 3482 877 1937
6 0.014 9 -5 275 25 -28 -99 3477 872 1932
6 0.014 12 -1 263 0 -2 -76 3530 930 1957
6 0.014 -5 4 253 4 -7 -60 3502 925 1962
5 0.014 -8 0 251 11 -11 -50 3492 897 1932
5 0.028 -11 -5 242 3 -21 -44 3530 850 1967
6 0.000 -10 -6 261 -5 5 -48 3467 877 1957
5 0.028 -18 -6 253 -3 11 -58 3497 877 1947
5 0.000 -21 -3 253 1 5 -64 3472 892 1982
6 0.014 -15 -1 258 2 0 -63 3455 892 1962
6 0.000 -13 0 255 -3 2 -51 3482 910 1947
5 0.000 -8 -1 253 4 -3 -40 3487 945 1952
6 0.000 -6 -5 257 5 -3 -25 3455 915 1890
5 0.000 -1 -2 258 1 0 4 3477 940 1932
5 0.000 5 0 254 2 2 28 3487 882 2000
5 0.000 6 1 255 7 -3 49 3502 877 1937
5 0.000 5 -3 255 2 -6 64 3502 887 1987
7 0.014 5 -6 259 6 -13 69 3435 877 1932
5 0.000 0 -7 266 -4 -13 74 3467 882 2000
6 0.000 -2 -3 257 5 13 72 3440 855 2015
5 -0.014 -6 -2 259 9 9 71 3502 905 1972
5 0.014 -3 -4 263 6 -3 68 3455 892 1925
7 0.000 -5 0 260 6 -21 63 3477 882 1937
5 0.000 1 0 258 9 -19 62 3482 867 1942
6 0.000 6 0 255 6 -7 59 3502 877 1962
5 0.000 4 0 251 1 8 58 3507 862 1967
6 0.000 5 -1 254 4 7 51 3492 882 1957
5 0.000 2 -7 253 -1 5 50 3520 867 1920
5 0.000 4 -6 256 1 -7 49 3497 867 1915
6 -0.014 9 1 252 9 21 37 3467 855 1920
5 0.014 -6 1 259 4 1 43 3482 887 1942
6 0.000 -2 -5 254 1 6 38 3482 820 1885
5 0.000 -2 -4 258 7 8 37 3492 825 1952
5 0.000 1 -4 258 0 -5 63 3507 850 1947
6 0.000 -1 -1 258 -3 -2 68 3472 850 1952
5 0.000 -3 1 255 -1 7 65 3467 835 1932
6 0.000 -2 0 249 -7 19 43 3507 872 1962
7 0.000 0 -2 258 2 53 26 3492 835 1932
5 0.000 2 -5 256 -9 104 4 3512 840 1932
6 -0.028 0 -8 251 7 150 -5 3462 882 1995
5 0.000 -1 -7 249 4 170 -13 3492 845 1952
5 0.000 -5 0 256 4 168 -16 3450 845 1962
6 0.000 -32 13 235 25 31 -46 3487 855 1957
6 -0.014 -28 18 260 -43 -81 -80 3472 855 1972
5 0.000 -17 -14 276 5 -169 -100 3430 850 1987
5 0.014 -7 -17 269 -5 -247 -118 3472 840 1962
5 0.000 32 -13 306 -11 -207 -146 3487 887 1925
5 -0.014 -1 18 245 -60 -12 -118 3560 892 1932
6 0.000 19 -1 226 20 68 -119 3535 910 1932
6 -0.014 6 -2 220 8 101 -121 3450 877 1932
5 0.000 -9 -4 269 -15 79 -130 3462 862 1932
5 -0.014 1 -14 279 3 32 -128 3492 862 1890
6 0.000 -2 -6 265 -3 -2 -120 3472 862 1982
7 0.000 -2 6 249 -2 -32 -110 3482 930 1982
5 0.000 -4 7 247 3 -67 -100 3472 940 1962
5 0.000 -5 -2 264 -10 -72 -57 3425 915 1962
6 0.000 9 -9 245 -24 -16 -76 3512 930 1937
5 0.000 10 -11 255 -7 1 -37 3482 910 1942
6 -0.014 6 -8 243 8 29 -34 3477 925 1952
6 0.000 3 2 252 1 24 -19 3487 920 1900
5 0.000 4 -1 263 6 4 -7 3472 877 1925
6 0.000 2 1 263 -2 -9 11 3487 940 1920
5 0.000 2 -4 257 6 -20 20 3467 920 1987
6 0.000 6 -4 252 5 -13 25 3477 920 1925
6 0.000 6 -3 250 3 8 27 3455 952 1947
5 0.000 5 -4 255 4 24 23 3492 905 1925
6 0.000 6 0 254 5 13 28 3497 905 1932
5 -0.014 1 -1 259 4 -3 28 3497 920 1947
5 0.000 4 0 259 6 -10 19 3455 872 1947
7 0.000 2 -2 254 6 -5 15 3445 892 1947
5 0.000 4 -4 253 0 4 2 3487 835 1942
6 0.000 4 -3 255 0 10 -2 3462 897 1895
5 0.000 4 -3 257 2 9 -1 3512 867 1920
6 0.000 -1 -3 261 0 1 -7 3462 877 1937
6 0.000 1 -3 259 1 -4 -9 3492 887 1947
6 0.000 1 -2 257 3 -2 -9 3487 897 1915
5 0.014 2 -1 258 3 7 -8 3530 887 1967
5 0.000 0 -3 255 2 8 -10 3477 887 1957
6 0.000 4 -6 258 2 0 -10 3467 945 1947
5 0.000 1 -2 256 1 3 -8 3512 930 1937
6 0.000 1 3 255 3 -5 -3 3487 920 1952
5 0.000 0 -1 256 4 -4 1 3430 945 1962
6 0.000 1 -2 257 1 -1 2 3430 925 1937
5 0.000 -1 -3 257 3 2 4 3462 920 1910
6 0.000 1 -3 258 2 2 5 3472 945 1952
5 0.000 -1 -3 258 4 0 3 3455 925 1972
6 0.000 -1 -3 255 1 -1 7 3497 905 1937
5 0.000 -1 -1 256 3 -5 5 3425 952 1962
5 0.000 0 -1 258 1 2 4 3440 930 1900
5 0.000 0 -2 254 2 -1 5 3410 897 1920
6 0.000 3 -4 258 4 -3 7 3472 925 1937
6 0.000 0 -2 258 3 1 1 3467 897 1920
5 0.000 0 -3 257 3 1 2 3445 925 1947
6 0.000 1 0 255 1 3 -1 3477 915 1932
5 0.000 1 0 254 1 -1 1 3502 930 1942
5 0.000 -1 -1 254 1 -3 -1 3482 925 1932
5 0.000 -1 -2 253 4 1 -5 3487 925 1947
6 0.000 2 -2 254 4 -4 -3 3420 910 1947
5 0.000 -1 -1 253 3 2 -3 3445 920 1937
6 0.000 1 -1 256 -1 0 -6 3482 930 1967
5 0.000 2 0 257 2 3 0 3477 962 1915
7 0.000 2 -4 255 0 -3 3 3492 915 1925
5 -0.014 0 -2 257 2 3 0 3450 915 1972
6 0.000 2 -1 257 3 -2 -1 3512 957 1982
5 0.000 4 -4 255 3 -1 0 3520 892 1952
5 0.000 2 -2 256 2 -1 2 3482 915 1962
7 0.000 1 -1 255 5 2 2 3545 930 1957
5 0.000 1 -2 257 1 3 1 3525 940 1947
6 0.000 2 -3 255 1 0 4 3497 892 1920
5 0.000 2 -3 257 0 5 2 3425 935 1937
5 0.000 0 -2 256 0 -3 2 3445 952 1937
5 0.000 -1 -2 254 3 2 2 3497 925 1905
6 0.000 0 -1 254 3 3 3 3512 915 1942
5 0.000 -1 -2 255 2 -1 -1 3507 887 1977
6 0.000 1 -2 257 2 2 0 3455 887 1977
5 0.000 1 -2 258 6 -1 -2 3487 892 1937
6 0.000 -1 -5 259 2 3 -1 3502 887 1910
6 0.000 0 -2 255 2 -1 2 3482 892 1952
6 0.000 3 -3 256 4 0 1 3520 910 1910
5 0.000 1 -2 258 3 1 1 3530 882 1972
6 0.000 1 -1 257 4 0 1 3492 930 1925
5 0.000 1 -2 254 1 3 -1 3477 935 1905
6 0.000 2 -3 254 -1 -4 -1 3467 915 1947
5 0.000 2 -4 253 4 4 3 3435 945 1977
6 0.000 -1 -3 257 2 5 1 3462 910 1972
5 0.000 2 -2 255 5 2 -1 3462 945 1982
5 0.000 2 -2 255 5 0 2 3462 930 1982
5 0.000 2 -1 256 3 1 2 3497 892 1952
7 0.000 -1 1 253 5 1 0 3482 957 1915
5 0.000 1 -1 257 2 1 1 3497 952 1952
6 0.000 2 -3 258 4 2 3 3477 892 1925
5 0.000 0 -2 259 2 1 -1 3530 905 1937
5 0.000 -1 -1 256 4 2 1 3530 840 1915
7 0.000 1 -3 257 3 6 0 3530 905 1910
5 0.000 1 -2 255 1 1 4 3482 850 1942
5 0.000 -1 -1 258 5 1 1 3520 887 1932
5 0.000 0 1 255 3 4 1 3525 897 1937
5 0.000 -1 -3 253 1 1 3 3482 940 1967
5 0.000 0 -2 254 0 2 -2 3502 910 1920
6 0.000 2 -2 256 3 -1 4 3467 945 1885
5 0.000 1 -1 257 0 4 2 3425 910 1915
6 0.000 2 -4 256 3 1 0 3450 957 1932
5 0.000 -1 -1 258 1 2 4 3462 892 1952
7 0.000 0 -1 255 4 -3 0 3502 905 1932
5 0.000 1 -3 257 0 -2 3 3477 905 1947
6 0.000 1 -1 256 4 1 1 3530 897 1957
5 0.000 0 -3 254 2 2 -1 3487 952 1957
5 0.000 0 0 253 0 3 -4 3525 897 1942
7 0.000 0 -2 254 0 2 0 3492 940 1947
5 0.000 2 -3 258 0 2 2 3420 940 1957
6 0.000 2 -5 257 1 2 0 3455 967 1995
5 0.000 0 -1 253 2 -2 -1 3482 935 1915
6 0.000 0 -1 255 3 2 0 3492 915 1875
6 0.000 1 -1 253 6 -1 2 3472 877 1947
6 0.000 3 -2 254 5 -3 3 3487 930 1937
5 0.000 0 -2 255 1 0 3 3497 867 1937
6 0.000 2 -3 259 2 0 0 3502 935 1987
5 0.000 2 -3 257 0 0 0 3455 920 1932
6 0.000 1 -1 257 2 -1 3 3492 905 1967
6 0.000 1 -3 255 0 1 1 3497 940 1967
6 0.000 2 -1 257 4 2 3 3497 920 1967
5 0.000 1 -1 256 3 3 0 3462 915 1905
6 0.000 3 -2 259 5 -3 5 3487 905 1937
5 0.000 2 -2 256 -1 -1 -2 3445 920 1957
7 0.000 -1 0 256 3 2 2 3487 940 1932
5 0.000 2 -4 259 1 -1 2 3450 905 1937
6 0.000 -1 -1 251 3 -1 -1 3455 910 1962
5 0.000 1 -2 258 2 2 0 3507 887 1957
6 0.000 0 -4 256 4 3 -4 3487 855 1952
5 0.000 0 -2 257 5 -1 -3 3497 910 1947
5 0.000 0 -3 258 6 1 0 3472 935 1937
6 0.000 -1 -1 254 3 -1 0 3487 940 1977
5 0.000 3 -2 257 3 -1 4 3467 905 1957
6 0.000 1 -3 254 0 -1 0 3487 940 1932
5 0.000 3 -2 257 3 1 -3 3472 995 1952
7 0.000 0 -3 256 3 1 1 3482 972 1972
5 0.000 1 -4 257 3 0 0 3472 910 1910
6 0.000 4 -4 255 2 2 2 3467 935 1972
5 0.000 0 0 255 2 3 -2 3477 892 1982
6 0.000 1 -3 257 2 2 0 3462 930 1952
6 0.000 0 -1 256 2 -2 1 3462 925 1942
6 0.000 1 -2 256 1 3 -2 3492 915 1977
5 0.000 2 -3 251 -1 -2 0 3492 935 1925
6 0.000 1 -2 256 4 3 3 3477 892 1982
5 0.000 2 -4 258 4 0 2 3497 897 1937
6 0.000 1 -1 258 2 1 1 3440 872 1977
6 0.000 4 -6 258 3 -1 1 3472 892 1952
6 0.000 3 -2 255 1 1 2 3430 957 1952
5 0.000 0 -1 251 1 2 3 3487 945 1962
6 0.000 1 -1 251 2 -3 1 3497 957 1967
5 0.000 1 0 257 5 -1 2 3497 925 1962
7 0.000 1 -3 256 3 -2 0 3477 930 1977
5 0.000 0 -1 256 1 -1 1 3440 892 1937
6 0.000 0 -2 256 2 -2 4 3462 882 1937
5 0.000 1 -3 256 4 2 3 3435 887 1972
6 0.000 1 -3 258 3 -1 0 3482 887 1972
5 0.000 0 -2 258 2 0 -3 3472 930 2010
6 0.000 3 -2 256 3 4 1 3502 915 1962
5 0.000 0 -2 253 3 -1 0 3487 935 1952
6 0.000 2 -2 256 2 0 2 3507 897 1890
5 0.000 2 -1 258 1 -3 -1 3435 945 1967
0 0.000 2 -1 258 1 -3 -1 3435 945 1967
6 0.000 0 -2 256 3 1 -1 3477 910 1937
5 0.000 2 -2 257 0 -1 -2 3487 930 1967
6 0.000 0 -1 254 5 -2 1 3502 940 1937
5 0.000 2 -4 253 0 0 1 3467 920 1962
6 0.000 2 -1 256 5 2 1 3472 930 1937
5 0.000 2 -3 257 2 3 2 3477 877 1957
7 0.000 0 -2 254 4 1 4 3477 915 1937
5 0.000 0 -2 256 4 -2 0 3462 935 1895
6 0.000 1 -4 259 4 0 2 3512 972 1942
5 0.000 2 -3 256 3 5 1 3482 935 1920
6 0.000 3 -3 257 2 0 4 3440 925 1947
6 0.000 0 -2 253 4 -3 3 3497 952 1910
6 0.000 -1 -3 253 1 4 -2 3462 910 1932
5 0.000 1 -3 256 2 2 2 3445 935 2005
6 0.000 2 -4 256 1 0 1 3400 925 1962
5 0.000 2 -2 255 5 3 3 3420 920 2005
6 0.000 0 -1 251 3 2 -2 3455 945 1967
5 0.000 -1 -1 256 1 0 2 3430 915 1957
6 0.000 1 0 253 3 2 -2 3462 920 1962
5 0.000 1 -2 257 4 4 3 3482 972 1937
6 0.000 -1 1 254 5 3 1 3415 957 1910
5 0.000 2 -3 254 5 4 3 3445 940 1932
7 0.000 1 -2 254 2 -2 0 3502 935 1995
5 0.000 1 -1 254 1 -3 1 3482 910 1995
6 0.000 0 -3 257 2 -1 -2 3435 935 1952
5 0.000 2 0 256 1 -3 -1 3462 967 1957
6 0.000 0 -5 256 3 5 0 3487 930 1957
5 0.000 -1 -3 259 4 -1 0 3492 925 2010
5 0.000 2 -2 255 3 -3 2 3467 935 1937
6 0.000 1 -2 255 3 1 0 3497 915 1952
5 0.000 0 -2 254 2 1 2 3502 925 2000
6 0.000 2 -3 257 1 4 0 3462 940 1920
5 0.000 2 0 256 2 -1 1 3492 945 1942
7 0.000 -1 -1 253 2 1 1 3512 915 2010
5 0.000 -1 1 255 1 1 2 3477 920 1937
6 0.000 0 -2 256 3 0 -1 3472 957 1937
5 0.000 1 -5 259 -1 -1 4 3477 910 1932
6 0.000 1 -3 255 0 1 -1 3477 930 1957
6 0.000 1 -4 258 6 -1 -2 3472 930 1962
6 0.000 0 -4 257 2 0 0 3445 915 1925
5 0.000 1 -2 254 3 0 1 3445 925 1952
6 0.000 -1 -2 255 4 -1 5 3440 930 1925
5 0.000 1 -2 255 4 6 1 3507 930 1915
6 0.000 1 -1 255 0 1 0 3430 920 1947
6 0.000 2 -4 255 3 3 2 3497 930 1910
5 0.000 0 -2 255 4 2 1 3487 935 1932
6 0.000 0 -3 255 5 0 -2 3492 930 1952
5 0.000 0 0 256 3 -5 0 3450 905 1962
7 0.000 0 0 251 3 1 6 3450 930 1947
5 0.000 2 -2 259 5 1 0 3440 897 1942
6 0.000 1 -1 259 2 2 0 3482 967 1952
5 0.000 2 -3 256 3 1 -4 3455 905 1977
6 0.000 -1 -3 254 1 1 -1 3502 920 1972
6 0.000 2 -3 258 2 5 1 3512 930 1937
6 0.000 0 -1 256 4 1 0 3445 877 1962
5 0.000 1 -5 255 4 3 -1 3487 935 1925
6 0.000 0 -3 258 2 0 0 3520 925 1967
5 0.000 1 -2 254 0 3 1 3507 897 1982
6 0.000 0 -2 253 1 -1 0 3482 910 1977
6 0.000 -1 -3 256 5 0 2 3482 910 1962
5 0.000 0 -1 258 2 1 -1 3467 882 1967
6 0.000 2 -2 255 3 3 1 3497 915 1962
5 0.000 4 -2 257 4 0 -1 3450 920 1962
6 0.000 1 -3 255 2 0 -1 3450 920 1942
6 0.000 -1 -3 253 7 1 2 3482 920 1952
6 0.000 -1 -3 253 1 2 -1 3462 920 1952
5 0.000 0 -2 255 3 1 3 3497 935 1967
6 0.000 -3 0 255 1 -1 1 3462 920 1972
5 0.000 2 -3 257 -1 2 -1 3467 930 1905
5 0.000 0 -1 255 2 3 -1 3455 915 1937
6 0.000 1 0 258 3 5 5 3482 935 1905
5 0.000 1 -4 256 6 4 0 3455 940 1932
5 0.000 1 -2 253 3 3 1 3502 915 1915
6 0.000 2 -2 254 5 5 5 3502 945 1942
5 0.000 0 0 258 6 -2 -3 3512 962 1942
5 0.000 2 -2 254 5 0 -1 3492 920 1915
6 0.000 3 -3 256 4 1 1 3487 867 1885
5 0.000 0 -2 253 4 2 3 3472 930 1937
5 0.000 0 -5 260 -1 -3 1 3530 952 1942
5 0.000 3 -2 257 5 5 3 3467 935 1972
7 0.000 3 -3 256 1 -3 -4 3482 935 1932
5 0.000 0 -1 256 3 -1 -1 3445 952 1967
6 0.000 2 -2 258 3 1 0 3482 897 1972
5 0.000 1 -2 257 0 1 1 3472 940 1962
6 0.000 1 -4 256 0 4 1 3535 940 1937
6 0.000 1 -1 257 3 1 -2 3507 905 1982
6 0.000 1 -2 258 2 -3 2 3492 940 1937
5 0.000 1 -3 253 2 -1 2 3462 920 1947
6 0.000 0 -4 255 5 3 -1 3512 897 1982
5 0.000 -1 -2 254 3 -1 1 3497 910 1972
6 0.000 1 -3 259 1 1 1 3502 910 2000
6 0.000 2 -2 256 6 2 1 3435 905 1957
6 0.000 -2 -3 254 1 0 3 3477 915 1962
5 0.000 1 -3 254 5 1 1 3482 877 1932
6 0.000 2 -4 255 3 0 -2 3472 882 1942
5 0.000 1 0 255 3 3 -3 3502 882 1967
7 0.000 2 -3 260 2 -1 -1 3467 897 1932
5 0.000 5 -2 257 3 0 -1 3467 935 1952
5 0.000 0 -1 256 1 -1 1 3482 952 1962
6 0.000 2 -1 253 7 1 3 3450 925 1942
5 0.000 1 -3 255 0 -3 -2 3472 862 1942
6 0.000 2 -2 255 5 -1 2 3472 882 1947
5 0.000 0 -3 256 5 2 1 3482 930 1957
6 0.000 0 -2 257 2 3 4 3450 920 1962
5 0.000 1 -6 258 1 -1 -2 3435 940 1937
6 0.000 -1 -1 256 2 3 1 3482 915 1947
5 0.000 2 -4 257 2 4 -3 3535 940 1957
7 0.000 1 -3 256 1 1 0 3487 935 1987
5 0.000 1 -3 256 2 1 -1 3482 915 1942
6 0.000 1 -3 254 2 -1 2 3507 940 1982
5 0.000 2 -2 261 5 2 -1 3482 920 1920
6 0.000 1 -1 254 4 0 1 3502 940 1932
6 0.000 0 -3 257 3 1 0 3467 850 1982
6 0.000 1 -4 256 1 4 0 3497 892 1987
5 0.000 -1 -4 260 4 0 1 3487 897 1962
6 0.000 1 -2 256 0 0 -1 3462 925 1942
5 0.000 1 -2 256 5 1 -1 3472 925 1932
6 0.000 -1 0 259 5 3 1 3472 920 1900
6 0.000 -1 0 254 4 1 0 3482 915 1957
6 0.000 0 -2 255 2 5 -2 3450 920 1962
5 0.000 -1 -2 254 2 2 -2 3512 925 1952
5 0.000 0 -2 254 -1 0 3 3467 925 1947
6 0.000 2 -4 256 3 -1 2 3477 935 1915
6 0.000 -1 -3 259 1 4 2 3440 930 1925
6 0.000 -1 -2 256 4 2 -1 3450 915 1967
5 0.000 1 0 254 2 1 5 3492 867 1952
6 0.000 1 -1 255 3 -5 3 3462 897 1962
5 0.000 2 -3 258 -2 4 5 3477 882 1962
7 0.000 2 -2 256 2 3 -3 3512 910 1910
5 0.000 2 -1 255 2 4 2 3477 905 1952
