0.014 1 1 255 -3 3 -2 -1037 4472 2320
0.000 0 -1 256 1 0 -6 -1100 4492 2400
0.000 1 -1 255 0 1 -3 -1072 4482 2357
0.000 1 0 254 2 2 -1 -1062 4507 2352
0.000 0 0 254 -2 1 2 -1057 4530 2347
0.000 1 -1 255 2 3 4 -1042 4525 2337
0.000 2 1 256 1 4 9 -1062 4540 2337
0.000 2 1 256 -2 -2 3 -1020 4482 2357
0.000 3 -4 256 1 4 9 -1095 4520 2372
0.000 3 -4 256 1 4 9 -1095 4520 2372
0.000 0 0 256 -1 -2 8 -1047 4540 2342
0.000 -1 1 258 2 -3 1 -1037 4472 2342
0.000 0 0 256 0 3 -2 -1062 4487 2310
0.000 0 2 258 2 2 1 -1052 4497 2332
0.014 5 2 258 -1 -3 21 -1005 4535 2357
0.000 4 0 259 -1 -2 13 -1072 4567 2320
0.000 2 -2 256 2 -8 5 -1057 4545 2352
0.014 4 -1 259 -4 2 -3 -1105 4540 2337
0.014 1 -2 254 4 2 -10 -1062 4525 2342
0.000 2 -1 254 2 11 -12 -1082 4465 2337
0.000 3 0 256 -4 15 -10 -1077 4535 2337
0.000 3 0 261 0 18 0 -1042 4535 2337
0.000 3 -2 258 -1 12 10 -1010 4512 2377
0.014 2 1 259 -3 6 14 -1047 4497 2337
0.014 5 -2 255 -5 0 15 -1005 4555 2367
0.000 9 1 257 -2 3 13 -1015 4492 2387
0.000 12 -3 257 -2 0 10 -1005 4512 2352
0.028 12 2 256 1 0 -5 -1032 4502 2352
0.000 12 0 257 2 3 -16 -1072 4525 2342
0.028 11 0 257 1 -3 -33 -1072 4492 2377
0.000 9 -1 256 0 -5 -45 -1042 4525 2327
0.028 11 -3 254 1 -7 -58 -1067 4525 2352
0.014 10 -1 256 2 -6 -61 -1095 4507 2337
0.014 8 2 255 3 -5 -59 -1072 4507 2315
0.014 11 2 258 1 -8 -55 -1020 4482 2315
0.028 10 1 258 5 3 -40 -1057 4497 2342
0.014 11 2 258 0 0 -32 -1015 4472 2405
0.014 14 0 255 -2 -9 -25 -1037 4502 2332
0.028 14 1 258 -1 -11 -22 -1042 4487 2337
0.028 18 0 257 5 -9 -17 -1047 4525 2305
0.043 19 0 255 1 -9 -32 -1052 4487 2290
0.028 15 -1 255 5 -17 -36 -1047 4492 2290
0.028 17 -1 258 11 -20 -46 -1052 4507 2332
0.057 18 0 256 -7 -20 -59 -1095 4550 2327
0.028 20 4 253 -2 -15 -59 -1135 4492 2327
0.043 25 -2 249 2 -13 -66 -1110 4512 2342
0.043 31 4 259 4 -13 -72 -1100 4502 2352
0.043 19 -12 237 6 -39 -68 -1120 4535 2410
0.057 19 -1 242 -10 -1 -66 -1095 4477 2387
0.043 24 2 262 -2 6 -65 -1025 4507 2332
0.057 26 2 258 -7 4 -61 -1052 4525 2362
0.057 22 1 256 4 3 -59 -1067 4520 2357
0.057 26 4 263 -10 11 -57 -1115 4535 2327
0.085 24 -1 258 -12 10 -48 -1072 4562 2362
0.071 26 -5 265 12 -4 -47 -1095 4540 2372
0.057 20 3 258 -17 -12 -44 -1077 4487 2352
0.085 21 1 256 -19 -6 -42 -1072 4520 2342
0.071 20 0 257 -1 -12 -34 -1105 4535 2372
0.085 22 -1 254 -3 -4 -26 -1072 4492 2415
0.071 21 -1 257 -1 -4 -22 -1105 4472 2382
0.085 17 -2 260 -10 -21 -14 -1105 4530 2400
0.071 17 0 259 -16 -29 -10 -1150 4520 2342
0.099 18 -8 247 24 -37 -12 -1140 4530 2332
0.099 28 3 268 -18 -1 -8 -1172 4530 2377
0.085 26 1 261 5 -20 -5 -1105 4492 2315
0.128 31 -1 261 -2 -6 6 -1115 4550 2367
0.099 28 3 255 3 9 11 -1115 4530 2352
0.099 27 4 253 -8 10 23 -1095 4477 2327
0.099 28 -1 255 19 22 34 -1077 4482 2347
0.113 28 0 255 20 24 53 -1082 4497 2372
0.113 26 1 253 3 30 58 -1135 4535 2332
0.099 26 -3 255 18 18 71 -1110 4497 2305
0.113 26 -3 259 40 3 73 -1145 4525 2357
0.113 19 2 267 2 -6 65 -1077 4525 2377
0.128 22 -4 251 37 -21 41 -1100 4512 2347
0.128 20 4 246 -2 -25 12 -1115 4562 2352
0.113 27 6 262 -13 -20 7 -1130 4507 2357
1.744 62 22 265 -87 104 38 -1057 4455 2332
0.170 38 -10 211 50 48 21 -1105 4497 2332
0.170 39 13 271 -101 102 23 -1125 4567 2337
0.199 26 -22 247 29 12 15 -1077 4555 2347
0.199 31 -20 258 62 63 34 -1105 4525 2362
0.199 31 13 247 -7 28 47 -1032 4530 2347
0.199 59 -20 249 -4 18 68 -1052 4497 2347
0.199 32 1 266 47 41 54 -1000 4545 2382
0.227 30 1 256 -17 14 32 -1077 4545 2327
0.213 29 1 268 -9 14 25 -1052 4550 2295
0.213 27 -8 261 91 -53 48 -1062 4545 2382
0.227 38 -1 239 78 -11 67 -1072 4512 2327
0.241 39 -18 231 52 -49 90 -1042 4512 2342
0.326 28 5 278 43 -35 113 -1042 4535 2327
0.227 30 23 289 -79 -52 90 -1020 4550 2295
0.255 37 21 226 -16 -97 105 -1067 4540 2327
0.241 49 8 195 80 -82 112 -1032 4555 2337
0.255 66 2 240 7 234 89 -1062 4487 2327
0.269 37 -20 237 78 43 154 -1077 4520 2337
0.255 33 7 310 -59 -55 105 -1062 4530 2352
0.298 49 -1 236 14 -99 55 -995 4507 2352
0.284 97 9 287 -8 26 30 -957 4540 2327
0.284 80 -2 227 -18 163 7 -985 4545 2377
0.298 19 18 290 35 53 6 -985 4482 2310
0.298 44 9 328 45 -115 16 -1047 4507 2420
0.964 62 6 245 -46 24 -39 -1000 4477 2395
0.340 60 -12 254 36 -22 -25 -985 4502 2377
0.355 59 -5 219 2 -31 -51 -967 4577 2352
0.340 71 -3 224 10 59 -67 -962 4615 2387
0.369 64 -13 258 82 31 -86 -1000 4550 2415
0.383 68 -4 290 -9 -70 -146 -1032 4572 2400
0.383 47 11 257 -62 -110 -187 -1052 4562 2410
0.397 58 -11 266 73 -110 -222 -1010 4550 2347
0.411 66 -6 240 19 -91 -255 -1057 4512 2337
0.411 96 21 207 -168 -14 -278 -1052 4497 2305
0.425 100 37 264 -57 165 -224 -1015 4520 2342
0.440 66 0 246 173 171 -170 -1105 4525 2410
4.481 72 -67 229 242 122 -104 -1135 4525 2377
0.539 63 42 320 -27 7 -78 -1182 4540 2337
0.553 45 1 254 -145 -25 -76 -1202 4562 2377
0.553 53 -5 206 150 -175 -106 -1157 4497 2372
0.581 43 59 232 -169 -66 -102 -1182 4512 2372
0.596 49 -39 197 233 -14 -64 -1150 4572 2367
0.581 75 30 269 -130 42 -85 -1182 4525 2362
0.610 85 -12 307 140 -48 -65 -1230 4540 2377
0.596 68 33 282 -132 -135 -173 -1177 4525 2395
0.638 88 4 182 -85 126 -195 -1207 4460 2425
0.638 49 -29 179 102 121 -235 -1207 4455 2377
0.908 66 7 366 -45 6 -229 -1245 4512 2400
0.666 15 -16 327 208 -134 -190 -1202 4520 2415
0.681 68 55 293 -228 -152 -262 -1197 4507 2372
0.681 78 -6 200 18 -36 -178 -1297 4550 2425
0.695 104 36 215 58 118 -107 -1282 4555 2420
0.709 131 10 272 29 282 60 -1230 4545 2420
0.695 6 -51 173 54 48 68 -1255 4555 2445
0.723 20 0 298 -140 -105 108 -1202 4535 2482
0.737 18 -3 248 -53 -156 102 -1302 4545 2482
0.752 53 -2 233 168 -102 84 -1250 4512 2482
0.737 83 9 245 -31 30 65 -1240 4520 2512
0.766 85 -15 291 -58 45 65 -1197 4535 2530
1.078 75 -26 218 113 264 102 -1255 4562 2502
0.766 49 -37 280 294 158 182 -1187 4562 2477
0.822 -2 -4 330 -47 -75 186 -1215 4562 2482
0.808 28 -24 283 75 -163 158 -1162 4610 2492
0.794 -1 4 205 -136 -126 165 -1100 4597 2462
0.808 40 -66 185 137 57 142 -1087 4555 2492
0.794 82 -45 287 1 37 224 -1037 4540 2497
0.808 -32 20 183 -4 -14 282 -1000 4562 2482
0.808 33 14 235 -75 -41 274 -1052 4562 2450
0.808 -7 21 295 117 -138 305 -1015 4525 2430
0.808 15 15 248 -65 -108 204 -980 4562 2450
1.134 -38 -6 213 -66 -69 171 -962 4482 2435
0.794 38 22 266 -67 139 153 -917 4520 2455
0.794 -44 23 233 204 117 148 -917 4472 2467
0.794 65 -120 217 2 198 12 -890 4525 2372
0.780 -101 -67 134 167 65 70 -912 4550 2400
0.794 -49 71 331 -400 -146 -12 -927 4502 2347
0.766 -52 -37 258 222 152 -18 -905 4497 2357
0.752 -6 6 276 -231 29 -2 -927 4492 2285
0.723 -127 -227 242 227 -41 129 -922 4502 2372
0.737 -9 49 296 -191 -17 151 -900 4502 2337
0.709 -94 3 265 -101 -55 205 -890 4502 2377
0.709 -59 4 286 157 56 263 -922 4492 2337
0.922 -114 24 279 -174 -11 176 -922 4497 2327
0.638 -187 -35 237 126 -147 109 -905 4460 2337
0.652 -181 88 236 -270 -3 46 -932 4445 2320
0.596 -156 -24 169 28 180 141 -922 4460 2357
0.567 -105 -44 235 121 -227 213 -880 4460 2315
0.553 -209 -27 9 -18 116 282 -905 4445 2300
0.525 -195 -56 215 78 -105 482 -875 4455 2295
0.511 -244 26 242 159 -205 500 -842 4472 2320
0.482 -198 23 153 -278 110 546 -827 4530 2320
0.454 -162 9 229 31 44 546 -817 4460 2300
0.411 -178 -48 249 166 -167 524 -832 4492 2357
0.567 -194 12 243 -124 -93 386 -755 4445 2347
0.383 -92 -58 224 21 37 338 -760 4477 2327
0.355 -172 83 282 -99 -35 237 -712 4477 2285
0.340 -48 -35 192 13 -133 188 -735 4477 2212
0.312 -95 -22 274 -19 40 157 -735 4472 2315
0.298 -89 5 283 -42 -28 90 -687 4477 2310
0.284 -116 -4 263 -11 14 56 -687 4472 2327
0.284 -123 3 281 -64 -32 41 -682 4472 2305
0.241 -101 -30 239 6 -11 27 -697 4477 2327
0.241 -134 -12 251 0 75 10 -667 4440 2327
0.199 -140 10 258 15 74 -18 -707 4482 2320
0.199 -125 18 423 -92 -69 -48 -687 4465 2300
0.269 -98 -11 281 -5 -29 -94 -667 4435 2270
0.170 -65 -16 270 51 9 -125 -712 4455 2285
0.156 -41 -5 289 -13 -39 -91 -697 4472 2280
0.142 -75 6 250 -5 -33 -98 -735 4512 2295
0.142 -58 -1 269 -28 -71 -78 -722 4472 2310
0.142 -27 -5 243 -35 -78 -31 -702 4455 2305
0.128 -37 -25 247 -17 -84 13 -692 4417 2327
0.113 -42 -7 245 -27 -17 92 -770 4465 2305
0.113 -40 -18 241 34 3 178 -760 4472 2285
0.099 -42 -14 242 3 10 254 -712 4497 2280
0.099 -42 -4 262 -32 0 288 -692 4472 2237
0.071 -44 -4 255 15 -15 306 -677 4445 2275
0.213 -39 -1 258 21 39 273 -582 4472 2315
0.071 -40 1 260 12 25 222 -635 4477 2315
0.071 -36 -6 255 14 25 178 -635 4402 2270
0.057 -36 -7 254 10 4 147 -597 4465 2305
0.057 -35 -4 263 7 5 133 -620 4477 2305
0.057 -31 -9 257 11 23 133 -587 4445 2257
0.028 -32 -1 257 6 20 143 -567 4492 2290
0.057 -33 2 259 1 16 149 -592 4477 2305
0.043 -33 0 255 8 15 148 -587 4440 2305
0.014 -29 -6 254 4 19 126 -577 4455 2290
0.028 -28 -5 257 0 16 97 -592 4465 2332
0.028 -24 -7 256 6 21 71 -610 4430 2257
0.043 -23 -2 257 1 20 28 -552 4460 2265
0.000 -19 -3 255 1 13 -2 -572 4477 2295
0.028 -17 -2 258 -3 4 -28 -572 4482 2310
0.000 -17 -1 256 -1 -8 -48 -567 4450 2285
0.014 -15 1 258 0 -12 -67 -572 4472 2332
0.014 -15 -1 252 -9 -3 -87 -562 4465 2327
0.014 -3 -2 258 -4 -5 -95 -597 4460 2327
0.000 -4 2 255 -2 -1 -95 -602 4465 2352
0.000 -5 6 253 2 -1 -83 -572 4482 2300
0.014 -7 4 257 -2 4 -73 -577 4472 2320
0.000 -6 -2 256 1 8 -58 -625 4450 2257
0.000 -6 -4 256 1 1 -50 -582 4445 2270
0.000 -5 -3 255 -1 2 -43 -625 4460 2242
0.000 -4 -5 256 1 2 -38 -615 4460 2242
0.000 -3 -6 258 1 4 -37 -630 4472 2327
0.000 2 -4 256 -4 8 -36 -635 4482 2347
-0.014 3 0 254 3 6 -32 -615 4465 2305
0.000 3 -1 257 2 7 -17 -610 4492 2300
0.000 4 -1 258 1 2 1 -597 4502 2285
0.000 4 -1 257 4 4 13 -630 4482 2252
0.000 3 -2 257 1 4 29 -625 4502 2310
-0.014 2 -2 254 4 0 39 -597 4435 2305
0.000 2 -1 254 1 6 50 -625 4492 2295
0.000 1 -1 260 7 6 55 -597 4497 2285
0.000 4 -1 259 1 22 45 -547 4450 2310
0.000 4 1 258 0 32 39 -552 4440 2290
0.000 5 0 256 0 40 32 -582 4482 2290
-0.014 6 -1 254 -3 45 19 -660 4482 2280
0.000 5 -1 257 1 44 11 -625 4525 2305
0.000 0 -1 263 1 21 -6 -582 4497 2300
0.000 4 -4 251 4 -11 -7 -572 4407 2342
0.000 5 -2 252 -3 -4 -14 -635 4450 2332
0.000 8 -3 261 4 7 0 -587 4497 2352
0.000 6 -2 255 1 13 12 -610 4450 2280
0.000 6 -3 258 2 19 25 -597 4407 2320
0.000 2 -2 258 2 30 32 -582 4460 2295
0.000 -1 -1 256 1 27 37 -610 4472 2305
0.000 -1 -1 256 5 23 40 -602 4450 2332
0.000 -2 -2 255 1 17 31 -597 4460 2310
0.000 -2 -2 253 4 10 22 -597 4460 2290
0.000 0 1 257 2 1 3 -597 4492 2310
0.000 1 1 256 2 1 -14 -610 4550 2387
0.000 4 0 257 1 -8 -25 -587 4487 2300
0.014 2 1 261 1 -34 -40 -577 4450 2327
0.000 2 1 258 2 -62 -47 -577 4497 2295
0.000 0 -1 256 2 -84 -55 -587 4487 2305
0.000 5 -1 258 1 -96 -60 -587 4460 2252
0.000 8 -2 258 4 -104 -65 -645 4502 2320
0.014 11 -6 260 -4 -94 -66 -640 4492 2300
0.000 1 -6 256 5 -90 -71 -630 4465 2300
0.000 6 -7 256 -2 -86 -73 -650 4477 2327
0.000 6 -5 256 -5 -81 -59 -655 4412 2320
0.014 4 -3 257 -4 -16 -57 -602 4440 2270
0.000 3 4 263 0 -47 -32 -567 4477 2310
0.000 6 0 260 0 -43 -38 -552 4460 2295
0.000 5 4 252 3 -31 -40 -630 4512 2315
0.014 6 5 246 -2 -6 -54 -630 4492 2305
0.000 3 4 257 0 9 -68 -672 4472 2285
0.000 1 4 257 -1 5 -82 -610 4440 2305
0.000 -2 2 257 -4 7 -102 -620 4422 2315
0.014 1 -2 259 -9 13 -111 -615 4450 2265
0.000 0 -3 255 -8 29 -110 -582 4435 2242
0.000 -1 -6 250 -2 14 -110 -620 4512 2315
0.000 -2 -5 254 -4 -9 -111 -620 4487 2257
-0.014 3 -8 253 0 -24 -91 -620 4482 2300
0.014 1 2 262 -1 -56 -68 -597 4460 2305
0.000 12 8 281 11 -22 -44 -635 4472 2285
0.000 1 3 245 4 -27 -14 -615 4512 2285
0.000 18 0 262 -5 15 10 -650 4550 2320
0.000 8 -5 257 2 23 19 -655 4525 2280
0.000 6 -4 256 1 15 36 -672 4460 2295
0.000 3 3 258 -4 1 46 -635 4465 2305
0.000 5 1 259 2 -10 57 -645 4487 2347
0.000 5 2 258 2 -10 59 -645 4455 2270
0.000 7 -1 254 0 0 59 -667 4455 2310
0.000 6 -4 253 4 8 57 -645 4455 2305
-0.014 6 -5 253 4 9 47 -635 4422 2290
0.000 4 -3 254 2 5 45 -630 4530 2290
0.000 3 0 259 4 -2 32 -630 4502 2275
0.014 4 2 258 3 -4 24 -597 4530 2300
0.000 5 1 257 1 -3 15 -620 4455 2295
0.000 5 0 255 -1 3 3 -660 4465 2320
0.000 5 -2 254 0 3 -5 -692 4482 2352
0.000 4 -1 257 0 4 -12 -660 4487 2237
0.000 4 -2 257 2 1 -14 -677 4477 2295
0.000 4 1 256 2 -5 -19 -650 4472 2285
0.000 5 2 260 1 -3 -24 -635 4545 2290
0.000 7 -1 255 -1 3 -20 -645 4502 2275
0.000 4 -1 255 2 6 -15 -667 4472 2280
0.000 5 -1 253 0 6 -18 -610 4472 2305
0.000 3 1 255 2 1 -11 -667 4497 2280
0.000 2 -1 256 3 1 -6 -582 4502 2315
0.000 3 0 256 -2 -1 -3 -645 4460 2290
0.000 4 0 254 -1 -1 7 -615 4482 2242
0.000 4 -1 254 0 1 9 -645 4472 2305
0.000 5 0 255 5 3 11 -667 4460 2285
0.000 3 -2 254 5 0 10 -692 4477 2347
0.000 6 -2 257 0 3 9 -655 4472 2295
0.000 4 0 255 1 -2 5 -667 4465 2275
0.000 3 0 256 0 2 5 -640 4507 2320
0.000 3 0 258 -2 3 3 -625 4460 2265
0.000 5 -1 253 -1 0 2 -672 4525 2300
0.000 5 0 255 0 3 0 -592 4520 2290
0.000 5 -1 256 -3 2 -4 -572 4450 2310
0.000 4 1 255 1 -1 -5 -660 4512 2257
0.000 3 -1 258 1 -1 -9 -660 4507 2315
0.000 5 -1 256 2 0 -6 -620 4520 2265
0.000 4 1 258 -1 1 -4 -625 4455 2295
0.000 4 -2 258 2 -2 -5 -645 4477 2315
0.000 5 0 257 1 2 -3 -635 4440 2315
0.000 3 2 255 3 -1 -1 -640 4492 2315
0.000 4 2 256 0 -3 0 -650 4492 2327
0.000 5 0 255 2 2 0 -645 4460 2280
0.000 6 -1 255 -2 2 3 -625 4492 2280
0.000 6 -1 257 3 0 1 -592 4417 2285
0.000 4 -1 254 -2 1 1 -630 4472 2315
0.000 3 1 257 5 0 1 -655 4430 2305
0.000 4 -1 255 1 3 2 -667 4460 2337
0.000 4 1 256 0 -1 0 -597 4472 2315
0.000 4 -1 253 4 1 4 -640 4497 2362
0.000 5 0 254 0 -2 0 -650 4507 2265
0.000 6 -1 256 -2 1 1 -645 4540 2320
0.000 4 -1 258 1 4 -1 -620 4492 2265
0.000 6 0 257 -5 0 -3 -615 4482 2270
0.000 3 -2 257 1 -2 1 -625 4487 2252
0.000 5 0 258 0 6 1 -602 4502 2285
0.000 5 0 255 3 -1 -1 -667 4502 2290
0.000 5 -2 258 1 2 2 -660 4477 2265
0.000 5 0 257 -1 2 3 -625 4482 2252
0.000 5 -1 254 3 0 0 -640 4477 2305
0.000 5 0 258 0 0 -1 -640 4440 2327
0.000 5 -1 253 -2 3 -2 -630 4430 2372
0.000 4 0 260 0 -2 -1 -620 4465 2295
0.000 5 -1 255 1 5 0 -660 4487 2300
0.000 5 0 256 -1 4 -1 -645 4465 2327
0.000 4 0 259 -1 4 0 -625 4482 2290
0.000 5 -2 255 0 3 -1 -655 4507 2357
0.000 5 -3 256 0 -3 1 -672 4482 2362
0.000 4 -1 255 1 1 2 -625 4492 2327
0.000 2 0 256 2 -5 1 -602 4507 2305
0.000 4 -1 254 2 0 0 -577 4477 2290
0.000 5 -2 258 0 -1 0 -630 4472 2342
0.000 5 0 259 0 5 -1 -625 4482 2275
0.000 5 -2 254 4 3 -2 -667 4482 2320
0.000 4 -1 255 4 5 0 -630 4512 2305
0.000 6 0 258 2 3 1 -630 4482 2305
0.000 4 -1 259 2 -3 0 -645 4502 2300
0.000 6 -1 258 -2 1 -1 -672 4477 2305
0.000 4 -2 254 2 1 2 -620 4472 2290
0.000 6 -2 256 1 4 2 -620 4445 2237
0.000 4 2 256 0 1 -3 -610 4460 2315
0.000 4 0 253 -2 2 -5 -650 4492 2300
0.014 6 1 255 0 3 2 -655 4520 2310
0.000 6 -1 255 -2 0 2 -615 4487 2337
0.000 4 -2 259 2 3 4 -667 4472 2285
0.000 4 -1 257 -1 1 -1 -655 4507 2327
0.000 7 -3 261 4 -3 -3 -650 4507 2332
0.000 5 0 256 2 -2 -1 -635 4487 2337
0.000 4 -1 257 0 -1 0 -640 4487 2332
0.000 4 1 257 1 2 6 -610 4540 2310
0.000 5 -1 258 -3 -4 -2 -667 4520 2290
0.000 4 0 253 -2 2 1 -602 4477 2257
0.000 3 -1 254 0 -1 -1 -610 4497 2257
0.000 5 -1 257 1 1 0 -615 4460 2290
0.000 5 0 258 -1 3 0 -635 4520 2305
0.000 4 -2 255 -2 2 1 -672 4512 2327
0.000 4 1 255 -3 0 -2 -645 4497 2265
0.000 5 -1 254 0 4 2 -650 4465 2305
0.000 3 -3 256 4 4 1 -620 4492 2310
0.000 4 0 258 1 -1 2 -610 4507 2315
0.000 4 0 258 1 -1 2 -610 4507 2315
0.000 5 0 257 -2 6 -1 -650 4455 2275
0.000 4 0 257 -2 2 -1 -667 4507 2285
0.000 5 -4 257 2 2 -1 -667 4482 2300
0.000 6 -3 256 -1 4 1 -625 4482 2275
0.000 4 -1 256 -2 7 -2 -645 4472 2320
0.000 4 1 258 -3 6 -2 -610 4487 2280
0.000 4 0 256 -3 0 4 -635 4472 2290
0.000 3 -2 258 1 8 0 -677 4455 2270
0.000 4 -1 253 -6 6 -2 -667 4445 2337
0.000 1 1 258 -2 3 0 -635 4472 2290
0.000 5 0 254 0 2 -1 -615 4487 2257
0.000 5 0 253 -2 4 0 -635 4422 2315
0.000 3 -1 255 -1 -1 2 -640 4487 2310
0.000 5 -3 257 -3 4 1 -640 4460 2290
0.000 4 0 257 -5 3 -1 -635 4460 2310
0.000 4 0 253 -6 7 1 -615 4460 2280
0.000 6 -1 256 -5 5 0 -620 4482 2257
0.000 4 1 256 -4 7 -1 -620 4482 2315
0.000 4 1 258 -4 4 -2 -610 4492 2310
0.000 3 0 253 -7 3 -3 -630 4482 2305
0.000 4 -1 255 -5 5 2 -650 4430 2315
0.000 6 -1 254 -7 5 2 -640 4477 2342
0.000 3 -1 260 -8 2 -2 -660 4472 2305
0.000 5 -3 255 -1 1 3 -602 4455 2275
0.000 4 -4 255 -2 4 2 -630 4417 2305
0.000 3 -2 257 -4 3 -1 -610 4472 2285
0.000 5 -2 258 -5 3 1 -640 4407 2310
0.000 3 -2 254 -1 4 1 -660 4477 2347
0.000 4 -1 255 1 2 3 -650 4482 2327
0.000 4 0 255 2 1 -3 -635 4460 2315
0.000 4 -4 254 0 2 1 -660 4460 2285
0.000 5 0 255 0 1 2 -635 4482 2320
0.000 4 -1 254 -1 1 0 -625 4445 2270
0.000 3 -1 257 1 -2 4 -625 4487 2320
0.000 5 0 257 3 0 2 -625 4440 2320
0.000 4 -1 255 1 2 -2 -597 4445 2305
0.000 3 -2 255 2 1 0 -587 4450 2315
0.000 7 -2 256 1 3 0 -635 4472 2280
0.000 4 -1 258 -1 1 1 -615 4472 2315
0.000 5 -2 256 3 2 1 -645 4455 2290
0.000 5 -1 255 1 2 1 -667 4472 2265
0.000 6 -1 255 1 -2 2 -602 4497 2300
0.000 5 -2 257 1 0 2 -640 4487 2290
0.000 5 -1 257 0 -1 1 -650 4465 2295
0.000 5 -1 257 -2 1 5 -630 4455 2295
0.000 5 -2 256 0 3 -1 -625 4472 2315
0.000 4 0 253 4 3 1 -635 4455 2285
0.000 6 0 256 3 1 1 -682 4445 2327
0.000 5 -1 256 -4 3 2 -660 4445 2372
0.000 5 -1 255 2 3 1 -655 4445 2290
0.000 4 0 256 2 1 2 -620 4417 2275
0.000 3 -1 254 -1 0 -1 -650 4472 2315
0.000 3 0 255 0 2 1 -620 4417 2300
0.000 5 1 258 1 2 3 -635 4407 2285
0.000 4 0 256 1 -2 1 -655 4487 2237
0.000 7 1 257 0 4 -1 -625 4497 2232
0.000 5 -1 256 1 -1 -1 -615 4465 2327
0.000 5 0 254 -2 5 -1 -615 4512 2342
0.000 5 1 255 1 -2 2 -610 4487 2362
0.000 3 0 255 -1 4 -5 -645 4477 2305
0.000 5 -1 258 3 4 3 -650 4412 2257
0.000 3 1 257 0 6 -1 -677 4465 2315
0.000 4 1 258 1 -3 3 -645 4492 2300
0.000 3 0 255 1 0 1 -630 4487 2275
0.000 3 -2 255 -1 1 1 -660 4512 2227
0.000 5 -3 253 -3 1 0 -640 4465 2295
0.000 4 -2 257 2 1 2 -602 4445 2257
0.000 3 -2 254 3 0 1 -667 4507 2327
0.000 7 -1 255 1 3 0 -615 4487 2285
0.000 5 -1 257 1 0 -3 -635 4472 2327
0.000 5 -1 256 1 1 -1 -620 4460 2280
0.000 5 -1 255 3 3 -3 -615 4477 2320
0.000 4 0 255 5 2 0 -660 4440 2300
0.000 3 0 255 1 2 3 -650 4497 2327
0.000 4 0 257 2 5 5 -655 4465 2300
0.000 4 1 255 0 0 4 -620 4502 2305
0.000 6 -1 253 4 2 2 -667 4450 2300
0.000 5 0 254 1 4 1 -635 4477 2320
0.000 5 0 254 2 0 3 -610 4497 2320
0.000 4 0 255 0 0 5 -635 4472 2357
0.000 3 1 254 1 0 4 -645 4472 2300
0.000 4 -1 254 0 0 0 -660 4507 2327
0.000 4 0 255 4 -1 0 -620 4445 2315
0.000 3 -2 258 2 0 1 -672 4465 2327
0.000 4 -1 257 3 0 1 -682 4450 2327
0.000 5 -1 257 2 -1 -2 -640 4435 2315
0.000 4 -1 256 1 1 -2 -615 4465 2270
0.000 4 0 258 1 -4 2 -630 4477 2280
0.000 4 0 256 2 -1 1 -597 4445 2280
0.000 4 3 253 3 1 -3 -630 4440 2315
0.000 4 -1 257 1 2 -2 -630 4445 2257
0.000 3 -2 257 0 -1 0 -635 4477 2320
0.000 2 -1 254 -2 -2 1 -655 4497 2320
0.000 4 1 257 0 -4 -1 -667 4487 2265
0.000 3 0 255 -1 -2 2 -635 4465 2357
0.000 4 -1 257 2 0 2 -592 4487 2367
0.000 4 -1 255 3 1 5 -645 4482 2332
0.000 2 0 253 5 2 0 -620 4465 2327
0.000 5 -1 255 -1 1 -1 -650 4407 2315
0.000 5 -2 258 0 2 -2 -640 4430 2332
0.000 4 0 255 1 1 0 -635 4445 2265
0.000 5 -1 256 -2 5 2 -660 4430 2295
0.000 5 -2 257 4 2 -1 -645 4460 2300
0.000 4 0 258 2 1 -1 -702 4430 2270
0.000 5 0 256 2 0 1 -630 4497 2300
0.000 5 0 256 2 1 0 -655 4497 2295
0.000 5 0 255 3 0 -2 -615 4525 2337
0.000 4 0 254 1 3 3 -655 4445 2347
0.000 4 -1 253 1 1 3 -620 4487 2305
0.000 3 0 256 1 2 0 -602 4502 2367
0.000 2 1 254 1 0 0 -640 4450 2257
0.000 3 -1 255 2 0 2 -625 4460 2300
0.000 4 -3 257 2 0 3 -655 4492 2290
0.000 6 -2 256 3 1 2 -645 4465 2305
0.000 5 -2 253 -1 0 6 -620 4450 2315
0.000 4 -1 256 2 -1 2 -630 4492 2332
0.000 6 -3 255 0 4 1 -650 4455 2275
0.000 6 -3 255 0 1 0 -645 4435 2315
0.000 4 -1 256 -1 1 3 -655 4477 2310
0.000 3 0 255 4 1 1 -655 4482 2280
0.000 3 -1 256 -1 0 -2 -677 4450 2337
0.000 3 0 253 -1 1 2 -635 4412 2327
0.000 6 -3 256 1 -1 0 -640 4450 2280
0.000 6 -2 253 3 1 1 -630 4512 2305
0.000 4 -1 253 1 0 -1 -635 4482 2280
0.000 6 -2 258 3 3 -2 -667 4487 2300
0.000 4 -4 256 -1 -2 0 -620 4492 2315
0.000 6 -3 255 0 1 0 -667 4430 2280
0.000 6 -3 255 0 3 0 -635 4445 2305
0.000 6 -2 254 0 1 -1 -630 4535 2270
0.000 4 1 255 1 0 1 -582 4465 2300
0.000 3 0 254 -1 -1 0 -615 4460 2327
0.000 3 0 258 -2 -3 -1 -650 4465 2285
0.000 4 0 255 1 -3 0 -587 4507 2290
0.000 4 0 257 4 -3 4 -635 4477 2285
0.000 3 0 254 2 1 2 -667 4477 2327
0.000 5 -1 255 0 1 2 -625 4492 2295
0.000 3 0 256 2 0 3 -625 4492 2320
0.000 4 -4 254 5 -1 1 -630 4455 2305
0.000 3 -2 255 -2 -2 1 -645 4465 2280
0.000 6 0 253 -1 1 -3 -655 4492 2310
0.000 3 -2 256 3 3 2 -640 4497 2337
0.000 6 0 253 1 0 0 -610 4407 2242
0.000 3 0 258 1 -3 3 -625 4445 2300
0.000 5 0 258 0 -1 3 -597 4445 2285
0.000 3 0 256 -4 -2 -1 -635 4435 2270
0.000 4 1 255 0 1 0 -655 4487 2275
0.000 4 1 257 1 2 0 -655 4492 2315
0.000 5 0 255 0 -1 0 -615 4492 2347
0.000 4 0 257 3 3 2 -567 4502 2347
0.000 6 1 259 2 3 2 -677 4487 2290
0.000 6 0 253 -1 2 -1 -702 4512 2320
0.000 4 0 257 1 2 -3 -682 4502 2300
0.000 3 -1 255 -2 2 -1 -640 4450 2332
0.000 5 1 255 0 1 1 -630 4507 2305
0.000 5 -2 253 1 -1 1 -650 4482 2295
0.000 5 -2 258 3 1 1 -667 4477 2290
0.000 6 -1 257 2 1 3 -630 4472 2285
0.000 5 -1 256 -2 2 0 -602 4460 2275
0.000 3 -1 257 1 1 3 -635 4535 2295
0.000 5 0 255 2 1 -1 -645 4472 2300
0.000 5 -1 257 2 0 -1 -615 4482 2300
0.000 3 0 256 1 -3 0 -655 4482 2315
0.000 4 -2 256 1 1 -1 -615 4497 2327
0.000 3 0 259 3 2 2 -640 4482 2290
0.000 7 -1 255 3 5 -1 -620 4525 2305
0.000 2 0 254 2 4 1 -672 4492 2300
0.000 5 -3 256 -2 0 2 -660 4520 2315
0.000 5 -1 256 1 4 -1 -667 4492 2285
0.000 5 0 255 3 4 0 -667 4460 2315
0.000 4 -2 256 5 4 -3 -640 4455 2290
0.000 2 0 256 1 0 -1 -615 4472 2332
0.000 6 -3 260 1 3 1 -640 4487 2305
0.000 5 -1 256 7 -1 -2 -667 4535 2305
0.000 5 0 255 3 -3 0 -660 4535 2305
0.000 5 0 255 -1 -1 -1 -660 4455 2295
0.000 4 -1 257 2 3 2 -677 4482 2285
0.000 2 1 257 3 -1 0 -687 4487 2327
0.000 2 1 257 3 -1 0 -687 4487 2327
0.000 4 -1 254 2 1 2 -625 4477 2285
0.000 3 0 259 2 1 1 -650 4482 2310
0.000 5 -1 256 -2 1 -1 -610 4497 2315
0.000 3 0 253 -1 -1 -2 -650 4472 2290
0.000 3 -1 255 0 -2 1 -625 4492 2320
0.000 3 -2 256 2 1 3 -615 4492 2332
0.000 4 -1 257 2 4 0 -610 4492 2332
0.000 4 -1 256 2 0 2 -650 4455 2290
0.000 5 -1 256 -1 0 -2 -635 4455 2305
0.000 3 0 252 2 2 2 -697 4487 2352
0.000 6 -1 256 0 0 -3 -650 4440 2327
0.000 4 -1 259 0 -3 2 -615 4450 2332
0.000 4 -1 258 3 -4 3 -592 4465 2327
0.000 5 1 254 2 3 0 -610 4445 2327
0.000 5 0 255 -1 2 -1 -625 4460 2290
0.000 4 0 256 1 0 -1 -587 4435 2305
0.000 4 0 257 0 0 -2 -610 4450 2285
0.000 7 1 254 2 -2 -3 -625 4450 2295
0.000 4 1 256 2 1 4 -567 4455 2295
0.000 5 -3 256 0 3 1 -650 4460 2315
0.000 4 -2 256 2 -1 0 -672 4402 2285
0.000 3 -1 257 1 3 5 -625 4507 2332
0.000 3 1 255 1 1 0 -615 4460 2300
0.000 7 -2 258 2 2 8 -630 4440 2310
0.000 5 -1 255 -3 -2 -1 -650 4487 2305
0.000 4 0 256 1 4 0 -672 4477 2290
0.000 4 -2 254 5 0 0 -625 4440 2310
0.000 5 -1 258 1 2 1 -625 4477 2337
0.000 4 -1 256 -2 1 -2 -655 4430 2327
0.000 3 -3 256 -1 0 -1 -667 4492 2327
0.000 3 0 260 -3 0 1 -630 4512 2342
0.000 5 -3 259 -1 -1 2 -602 4477 2337
0.000 3 0 256 1 -1 1 -630 4412 2252
0.000 4 -3 253 -2 0 2 -650 4487 2327
0.000 5 0 255 1 4 -3 -630 4472 2320
0.000 6 -1 260 5 1 2 -635 4492 2305
0.000 4 -1 258 2 0 -2 -630 4460 2295
0.000 3 -3 255 1 0 -2 -640 4460 2357
0.000 3 -1 257 3 0 0 -602 4455 2285
0.000 5 -2 257 2 1 0 -635 4477 2247
0.000 4 0 256 -2 0 3 -620 4492 2295
0.000 6 -2 255 3 3 2 -645 4477 2305
0.000 5 0 256 0 -1 0 -660 4450 2327
0.000 4 0 255 -1 4 -1 -640 4502 2332
0.000 4 -1 254 1 1 1 -655 4472 2347
0.000 5 -2 256 1 2 -2 -650 4482 2310
0.000 6 -1 255 0 0 -1 -655 4482 2270
0.000 3 -1 258 1 1 4 -660 4445 2300
0.000 4 -1 255 2 -1 0 -655 4412 2332
0.000 3 -1 255 1 -3 3 -667 4455 2327
0.000 4 0 257 2 3 -2 -635 4412 2295
0.000 5 -3 256 0 0 1 -625 4465 2300
0.000 2 -2 254 -1 3 0 -660 4435 2300
0.000 3 0 256 1 -2 3 -635 4412 2275
0.000 4 -1 257 4 1 2 -645 4477 2295
0.000 3 1 258 1 -1 0 -667 4460 2305
0.000 3 0 255 -1 0 0 -660 4440 2270
0.000 5 -3 257 2 0 -2 -650 4477 2300
0.000 5 -1 257 -1 1 -1 -615 4492 2300
0.000 3 0 255 0 0 1 -650 4477 2362
0.000 5 -2 256 0 1 2 -620 4482 2275
0.000 4 -1 254 -3 3 -4 -582 4460 2280
0.000 5 -1 257 2 0 2 -587 4472 2342
0.000 4 -1 252 4 4 1 -610 4460 2337
0.000 3 -2 258 -2 -1 1 -640 4482 2280
0.000 4 0 256 0 -3 -1 -635 4477 2295
0.000 4 -2 256 1 0 2 -640 4497 2280
0.000 3 -2 256 0 -1 1 -645 4455 2280
0.000 5 1 257 1 -1 0 -577 4440 2310
0.000 5 -1 254 2 2 0 -597 4482 2310
0.000 4 -3 253 -1 1 -1 -660 4482 2352
0.000 3 -3 254 1 -1 2 -660 4465 2295
0.000 4 -1 255 1 1 -2 -640 4450 2290
0.000 3 -2 258 0 3 -2 -635 4482 2310
0.000 2 -2 258 1 2 -1 -602 4507 2300
0.000 5 0 254 0 1 1 -650 4465 2295
0.000 5 -1 256 3 6 0 -667 4472 2305
0.000 4 -1 258 -1 2 3 -645 4465 2342
0.000 4 -1 257 1 1 5 -640 4445 2270
0.000 4 -3 257 -2 3 -1 -635 4507 2285
0.000 4 -1 257 2 0 0 -602 4460 2320
0.000 6 -1 255 1 0 0 -640 4460 2305
0.000 6 -2 255 0 2 2 -645 4455 2300
0.000 3 0 255 0 4 -2 -615 4455 2327
0.000 3 -1 253 -1 4 2 -645 4472 2285
0.000 4 -1 257 5 5 -1 -650 4482 2337
0.000 3 -1 255 2 6 -3 -667 4507 2315
0.000 4 0 254 3 -2 3 -667 4460 2310
0.000 5 -1 257 2 5 3 -655 4465 2247
0.000 5 -1 256 3 -1 3 -635 4477 2300
0.000 5 -1 255 1 2 -1 -655 4440 2270
0.000 3 -2 256 2 0 1 -645 4440 2280
0.000 6 -1 256 3 5 -2 -677 4455 2305
0.000 5 0 255 0 2 0 -672 4417 2347
0.000 3 0 258 5 0 -1 -650 4430 2280
0.000 4 -1 254 -1 -2 -4 -667 4445 2327
0.000 4 -1 254 1 3 -1 -602 4502 2295
0.000 6 -4 256 3 2 0 -650 4460 2290
0.000 4 -2 255 -1 0 1 -667 4487 2285
0.000 2 -1 257 1 0 4 -645 4497 2320
0.000 5 -1 256 1 4 0 -650 4460 2280
0.000 3 1 255 0 3 1 -640 4455 2305
0.000 4 0 255 3 5 -2 -635 4535 2305
0.000 3 1 253 0 0 3 -660 4477 2310
0.000 5 -1 256 1 -4 1 -630 4440 2310
0.000 3 2 256 3 0 -2 -655 4440 2285
0.000 6 -2 255 3 0 -1 -620 4445 2327
0.000 3 0 251 3 4 0 -667 4465 2252
0.000 5 0 255 -1 1 1 -645 4440 2305
0.000 5 2 255 2 4 -1 -667 4445 2270
0.000 4 0 254 -1 0 1 -597 4477 2327
0.000 5 0 254 -2 8 2 -625 4445 2337
0.000 5 0 254 1 0 0 -650 4450 2305
0.000 3 1 254 2 3 1 -645 4477 2327
0.000 4 0 260 2 0 2 -630 4450 2257
0.000 6 -2 256 0 0 1 -625 4482 2275
0.000 4 -1 255 -4 0 -1 -667 4440 2295
0.000 4 -1 257 3 -1 0 -707 4465 2327
0.000 2 2 257 -1 2 -2 -682 4455 2295
0.000 4 -1 255 1 1 -1 -650 4435 2300
0.000 5 -1 256 -1 3 6 -645 4482 2332
0.000 5 -1 256 1 1 1 -635 4422 2265
0.000 3 -1 255 1 -1 -2 -650 4472 2320
0.000 3 0 257 0 -2 0 -677 4477 2337
0.000 3 -1 258 1 2 2 -630 4472 2342
0.000 4 1 258 3 1 2 -645 4502 2327
0.000 3 -2 255 3 1 -3 -640 4487 2237
0.000 5 -1 257 1 6 2 -667 4477 2295
0.000 4 0 256 2 1 -2 -672 4472 2265
0.000 4 -1 254 2 -1 0 -640 4422 2300
0.000 3 -1 254 5 -1 -2 -667 4440 2290
0.000 3 0 255 0 0 3 -660 4460 2275
0.000 4 -1 255 1 -2 1 -630 4477 2285
0.000 4 -1 256 -1 0 2 -655 4482 2315
0.000 3 0 259 2 2 -1 -660 4512 2352
0.000 4 0 255 1 0 2 -630 4455 2332
0.000 5 -2 258 0 1 3 -630 4487 2300
0.000 4 -1 256 4 1 -2 -667 4465 2305
0.000 6 -3 255 0 3 1 -667 4465 2275
0.000 5 -2 258 -1 3 2 -650 4417 2290
0.000 4 0 255 0 4 -3 -640 4440 2247
0.000 4 0 254 5 -1 3 -655 4487 2280
0.000 5 -1 259 -1 1 0 -650 4422 2227
0.000 6 -1 250 2 3 3 -635 4397 2275
0.000 6 -4 260 -2 3 1 -640 4435 2257
0.000 4 -1 256 -1 0 1 -645 4450 2315
0.000 4 -2 253 -1 0 2 -635 4497 2295
0.000 3 -2 257 -1 3 5 -677 4455 2280
0.000 6 -2 257 0 -1 2 -640 4465 2315
0.000 4 -1 256 -1 5 0 -610 4482 2270
0.000 5 -2 257 3 -1 -3 -587 4465 2310
0.000 3 0 254 -2 0 4 -667 4460 2310
0.000 3 -3 255 4 1 1 -635 4472 2285
0.000 5 0 255 0 0 1 -635 4445 2290
0.000 6 -1 255 2 4 2 -645 4465 2275
0.000 4 -1 258 5 4 2 -655 4430 2290
0.000 6 -2 254 2 5 0 -672 4477 2300
0.000 6 -1 254 1 1 -1 -677 4502 2320
0.000 5 0 255 1 -1 5 -615 4417 2362
0.000 3 -1 252 -1 0 -1 -640 4472 2352
0.000 5 -3 256 -1 1 2 -640 4465 2342
0.000 4 -3 254 2 0 1 -640 4445 2332
0.000 5 -3 255 -1 2 2 -625 4472 2357
0.000 5 -2 254 1 1 2 -660 4445 2352
0.000 4 -1 257 0 2 -1 -650 4477 2290
0.000 6 -1 256 0 4 3 -597 4422 2285
0.000 3 -1 259 1 -1 -3 -625 4440 2265
0.000 5 1 255 3 0 2 -677 4472 2285
0.000 1 0 253 1 2 2 -635 4472 2305
0.000 4 -1 254 1 0 0 -597 4465 2295
0.000 5 -1 256 1 4 3 -635 4472 2300
0.000 3 -1 258 1 4 1 -677 4445 2275
0.000 7 -2 258 5 3 0 -702 4482 2295
0.000 4 0 254 -1 0 -3 -645 4450 2300
0.000 4 0 255 3 0 1 -667 4435 2300
0.000 3 1 256 0 1 0 -697 4465 2227
0.000 3 -1 255 -2 1 6 -660 4487 2295
0.000 3 1 254 0 2 0 -650 4472 2295
0.000 6 -1 256 0 -2 -5 -625 4430 2315
0.000 3 -1 257 3 3 4 -582 4440 2280
0.000 4 -1 256 2 2 2 -630 4460 2290
0.000 5 -1 255 1 5 -3 -640 4472 2275
0.000 6 -1 258 3 2 0 -645 4450 2295
0.000 4 1 256 2 3 3 -602 4445 2315
0.000 4 0 254 2 3 4 -567 4435 2257
0.000 4 0 257 0 -1 -1 -615 4465 2285
0.000 6 0 257 1 5 1 -640 4455 2275
0.000 5 -1 256 1 1 0 -682 4435 2257
0.000 3 0 257 -1 -5 -1 -697 4477 2327
0.000 3 0 255 2 2 1 -630 4455 2280
0.000 4 -2 255 2 1 1 -650 4445 2305
0.000 3 0 258 4 2 0 -645 4450 2285
0.000 4 -1 257 -1 1 -1 -660 4455 2280
0.000 5 -2 257 0 0 0 -682 4440 2305
0.000 5 -1 256 0 -4 2 -645 4440 2285
0.000 5 -2 257 4 0 4 -582 4482 2332
0.000 4 -2 257 2 0 0 -620 4482 2342
0.000 5 0 255 3 3 0 -667 4455 2305
0.000 6 0 254 2 -3 2 -635 4402 2315
0.000 4 -1 258 3 3 1 -615 4445 2290
0.000 6 -3 256 2 1 4 -635 4430 2327
0.000 3 -2 258 2 0 -2 -592 4455 2300
0.000 7 -1 257 3 0 0 -625 4487 2305
0.000 5 -2 257 2 3 -2 -582 4482 2285
0.000 4 0 257 -4 -5 -2 -620 4472 2300
0.000 5 -3 252 2 5 -3 -672 4422 2300
0.000 6 -2 258 2 3 2 -650 4435 2270
0.000 3 -1 257 0 4 -1 -655 4507 2275
0.000 3 -2 255 1 -2 4 -635 4465 2275
0.000 6 -2 256 1 1 -1 -687 4465 2300
0.000 4 -1 257 4 5 0 -625 4492 2315
0.000 4 0 255 -2 1 1 -620 4492 2327
0.000 4 1 255 5 6 0 -620 4472 2327
0.000 6 -1 256 2 0 2 -645 4472 2257
0.000 3 -2 255 -1 -3 1 -640 4512 2310
0.000 6 -2 259 1 3 2 -650 4512 2300
0.000 4 -1 257 2 1 2 -625 4530 2327
0.000 6 0 255 -1 3 0 -630 4417 2280
0.000 5 -2 257 1 -1 -2 -640 4482 2342
0.000 6 -2 256 -1 1 0 -620 4482 2310
0.000 3 0 258 4 -1 3 -645 4450 2315
0.000 3 -3 257 8 -1 1 -645 4450 2305
0.000 3 -1 255 4 2 0 -640 4417 2362
0.000 4 -1 256 2 2 1 -630 4460 2290
0.000 5 1 253 2 -1 1 -660 4482 2320
0.000 4 -2 258 -1 3 -3 -625 4465 2310
0.000 6 -2 256 3 4 -1 -630 4445 2305
0.000 4 -2 256 2 1 1 -620 4460 2237
0.000 4 0 255 3 6 -4 -615 4487 2300
0.000 4 0 255 3 6 -4 -615 4487 2300
0.000 4 0 256 2 1 1 -667 4460 2305
0.000 4 0 258 0 0 -2 -635 4507 2247
0.000 5 -3 256 0 0 1 -682 4492 2265
0.000 6 -3 257 2 1 3 -650 4487 2275
0.000 4 -1 255 0 2 -1 -625 4445 2300
0.000 6 -2 257 -1 1 3 -667 4440 2320
0.000 4 0 258 1 -1 -3 -640 4482 2275
0.000 5 0 257 6 -1 0 -660 4477 2280
0.000 4 -3 256 -2 2 -2 -697 4445 2265
0.000 1 0 256 0 4 1 -615 4492 2290
0.000 5 -1 253 0 1 1 -620 4460 2305
0.000 2 0 253 -3 0 2 -660 4482 2332
0.000 3 -1 256 3 2 -1 -630 4472 2257
0.000 5 -2 253 -1 1 -1 -655 4472 2247
0.000 6 -1 258 -1 -1 3 -620 4397 2270
0.000 4 1 257 1 -3 -4 -610 4502 2285
0.000 4 -1 257 3 -2 1 -630 4402 2280
0.000 3 -1 258 1 4 2 -592 4435 2265
0.000 5 -2 258 1 2 2 -587 4440 2247
0.000 5 0 254 -1 -1 0 -615 4460 2300
0.000 6 -2 253 0 2 -1 -610 4492 2320
0.000 3 -3 255 4 1 4 -592 4487 2305
0.000 4 1 258 0 2 2 -650 4465 2315
0.000 3 -1 254 2 2 2 -625 4492 2275
0.000 5 0 253 3 3 2 -610 4402 2300
0.000 5 -2 256 1 2 2 -640 4455 2300
0.000 4 -1 258 -1 -1 3 -667 4487 2310
0.000 3 0 257 5 -1 0 -645 4422 2310
0.000 4 -2 254 1 3 2 -667 4512 2332
0.000 5 -2 255 2 -2 -1 -660 4492 2305
0.000 5 0 256 -1 -2 -1 -667 4487 2290
0.000 6 -3 257 -1 3 -1 -655 4465 2327
0.000 5 0 258 -3 4 1 -645 4482 2290
0.000 5 -1 256 1 -1 -1 -602 4440 2295
0.000 3 2 255 -2 0 7 -677 4460 2295
0.000 4 -2 254 2 2 4 -630 4520 2252
0.000 5 0 254 -2 2 5 -667 4460 2237
0.000 4 -1 258 5 0 0 -640 4465 2252
0.000 5 -2 257 0 1 0 -645 4440 2252
0.000 2 -1 255 0 0 0 -620 4482 2247
0.000 4 0 258 -2 8 2 -655 4450 2280
0.000 3 0 253 -1 -2 0 -640 4477 2327
0.000 4 -4 253 -2 0 3 -625 4512 2280
0.000 2 -3 257 3 -1 0 -610 4512 2300
0.000 5 0 257 -3 -4 -1 -645 4450 2310
0.000 4 0 255 3 2 1 -635 4465 2270
0.000 2 0 257 3 4 5 -645 4465 2300
0.000 3 0 258 1 -2 1 -650 4487 2305
0.000 3 -2 255 0 2 2 -667 4440 2327
0.000 4 -3 255 2 4 1 -650 4477 2305
0.000 4 -1 260 3 0 0 -635 4422 2280
0.000 5 -1 255 -1 4 3 -655 4465 2252
0.000 5 -2 254 -1 -6 1 -587 4487 2280
0.000 3 -3 255 1 0 2 -615 4492 2332
0.000 5 -2 255 2 3 0 -625 4460 2280
0.000 5 -1 255 1 4 -3 -645 4430 2320
0.000 4 -2 256 1 3 -1 -645 4465 2295
0.000 5 0 256 -2 -3 3 -677 4472 2295
0.000 3 0 255 6 2 -1 -667 4487 2347
0.000 3 -3 254 2 4 1 -630 4492 2342
0.000 4 -1 257 -1 -3 -1 -610 4460 2280
0.000 5 -2 255 0 -2 -1 -667 4455 2300
0.000 4 0 256 0 0 3 -635 4472 2295
0.000 7 -3 256 6 1 2 -635 4492 2315
0.000 6 -1 258 3 -2 -2 -650 4477 2265
0.000 3 -2 255 0 1 0 -667 4450 2275
0.000 6 -2 257 3 0 3 -610 4440 2280
0.000 5 0 257 1 -2 1 -620 4440 2352
0.000 3 -1 258 0 -1 2 -645 4460 2315
0.000 3 -1 254 1 1 4 -677 4440 2285
0.000 5 0 256 1 -1 2 -667 4472 2305
0.000 3 -2 256 2 0 4 -672 4460 2315
0.000 2 -2 254 -1 3 -2 -655 4477 2270
0.000 4 0 255 2 0 3 -640 4477 2320
0.000 6 -1 256 3 0 -1 -640 4472 2290
0.000 2 -1 256 3 2 2 -672 4492 2315
0.000 4 0 256 -2 -1 2 -645 4440 2315
0.000 6 -1 254 0 -1 2 -667 4482 2252
0.000 5 -2 254 1 1 1 -615 4455 2300
0.000 4 -1 256 5 2 1 -630 4450 2315
0.000 3 0 254 3 1 1 -630 4487 2305
0.000 5 -3 254 0 -1 1 -645 4465 2295
0.000 3 0 256 -2 3 0 -640 4440 2300
0.000 5 -1 255 2 -1 0 -640 4492 2320
0.000 5 -2 258 1 -2 1 -645 4492 2270
0.000 4 -1 255 0 0 0 -630 4497 2265
