5 0.043 -1 -1 256 -2 2 0 -6162 -1390 1605
7 0.000 6 -1 256 1 2 8 -6142 -1355 1610
6 0.000 6 2 258 1 -2 10 -6147 -1342 1557
5 0.000 4 0 254 4 0 1 -6142 -1375 1582
6 0.000 8 -3 256 1 6 2 -6162 -1395 1587
5 0.000 7 -2 254 -3 9 -4 -6167 -1407 1577
6 0.000 5 -1 255 -4 13 -10 -6132 -1365 1635
6 0.000 4 0 259 -1 1 -9 -6235 -1337 1557
6 0.000 5 -1 259 -6 -1 -9 -6182 -1355 1582
5 0.014 6 -2 259 5 2 -10 -6157 -1380 1552
5 0.014 3 0 256 -1 1 -13 -6132 -1355 1582
6 0.000 4 -1 260 0 5 -15 -6110 -1380 1605
5 0.000 1 -2 255 2 -3 -15 -6152 -1365 1562
5 0.128 9 -2 254 1 -13 7 -6137 -1327 1532
5 0.014 7 -2 250 -11 7 8 -6142 -1317 1557
6 0.014 3 1 257 2 -29 8 -6182 -1385 1600
6 0.028 9 0 265 -8 0 2 -6177 -1412 1610
6 0.000 1 -1 258 -3 7 -6 -6147 -1365 1567
6 0.028 1 2 257 -3 3 -11 -6100 -1385 1582
6 0.014 1 -1 255 -4 -1 -15 -6110 -1407 1600
5 0.014 4 0 250 -2 -5 -12 -6115 -1402 1592
5 0.028 7 -2 256 -2 7 -11 -6162 -1347 1582
7 0.000 7 -2 253 1 7 -2 -6147 -1417 1630
6 0.028 5 0 255 0 6 3 -6195 -1380 1587
5 0.028 6 -1 257 -2 2 14 -6162 -1375 1562
6 0.028 8 1 255 -3 2 27 -6152 -1355 1587
5 0.014 9 -1 254 1 2 32 -6142 -1365 1542
6 0.014 7 -3 256 5 9 30 -6142 -1427 1600
6 0.028 8 -1 256 8 7 25 -6125 -1390 1562
5 0.028 6 -2 258 4 7 23 -6132 -1347 1592
5 0.014 5 0 257 3 7 18 -6152 -1347 1567
6 0.028 3 -1 258 1 4 15 -6142 -1327 1640
6 0.028 3 0 254 0 7 13 -6157 -1337 1600
5 0.028 2 3 255 4 11 17 -6157 -1380 1537
6 0.028 3 1 255 1 4 14 -6190 -1347 1600
6 0.014 3 0 254 -2 5 22 -6152 -1355 1587
5 0.028 4 0 255 0 2 14 -6157 -1355 1542
6 0.028 6 -1 255 -2 2 19 -6157 -1347 1630
5 0.043 8 -3 254 -3 1 22 -6152 -1355 1605
5 0.028 8 -3 256 1 1 33 -6147 -1355 1557
6 0.028 8 -3 258 0 2 45 -6125 -1347 1620
6 0.028 5 -6 256 4 1 55 -6115 -1342 1587
5 0.028 8 1 255 -1 8 65 -6162 -1342 1610
7 0.028 7 0 257 3 17 69 -6110 -1347 1635
6 0.043 2 2 255 10 15 63 -6115 -1317 1635
5 0.028 0 1 256 6 15 53 -6177 -1365 1572
5 0.014 0 -2 257 5 6 37 -6132 -1337 1620
6 0.028 -3 0 260 4 -6 24 -6132 -1337 1615
7 0.043 -2 2 258 4 -9 3 -6137 -1305 1645
5 0.028 1 1 256 3 -1 -16 -6157 -1342 1605
6 0.043 0 -3 255 3 4 -33 -6172 -1290 1640
6 0.028 0 -3 259 3 0 -44 -6147 -1347 1582
5 0.043 1 -2 257 1 7 -49 -6105 -1347 1557
6 0.028 3 -1 255 4 5 -50 -6100 -1355 1645
6 0.028 5 -1 252 1 11 -49 -6137 -1337 1582
6 0.028 4 0 253 -4 13 -41 -6167 -1342 1562
5 0.028 3 0 255 -4 11 -39 -6137 -1327 1547
5 0.028 0 -1 256 -1 3 -46 -6162 -1327 1577
6 0.043 1 1 256 -6 2 -52 -6115 -1347 1605
6 0.028 3 1 258 -7 -2 -63 -6110 -1360 1610
5 0.028 1 2 257 -5 -9 -78 -6115 -1322 1630
5 0.028 1 1 257 -9 -13 -91 -6125 -1375 1577
5 0.043 3 -1 253 -6 -3 -107 -6157 -1385 1587
6 0.043 4 0 254 -6 7 -118 -6162 -1370 1562
6 0.028 7 -2 255 -10 17 -115 -6152 -1327 1515
6 0.043 6 -4 255 -4 12 -116 -6125 -1355 1532
5 0.028 4 -5 257 -1 8 -111 -6147 -1365 1557
5 0.043 5 -3 257 0 5 -99 -6100 -1417 1605
6 0.028 7 1 257 -2 11 -87 -6095 -1437 1600
7 0.028 8 4 256 -2 9 -71 -6147 -1450 1572
6 0.043 6 1 258 -1 1 -66 -6152 -1402 1582
5 0.043 5 1 255 -2 -5 -52 -6132 -1412 1542
5 0.043 7 0 255 -1 2 -45 -6137 -1407 1547
6 0.028 6 -2 254 -3 -4 -45 -6120 -1385 1630
5 0.695 1 0 257 9 -7 -73 -6100 -1417 1542
5 0.043 -3 0 258 4 -17 -85 -6152 -1412 1552
6 0.057 -1 0 257 3 -10 -92 -6120 -1455 1562
6 0.043 -1 0 256 -6 -6 -109 -6120 -1485 1552
6 0.057 -3 5 257 -25 -15 -131 -6110 -1465 1557
6 0.028 -4 1 259 -14 -38 -148 -6152 -1465 1620
5 0.043 -3 -2 262 -11 -52 -155 -6120 -1450 1537
6 0.057 -3 -3 262 -7 -58 -157 -6167 -1460 1562
5 0.043 2 -3 252 -1 -39 -152 -6157 -1512 1557
5 0.043 5 -3 252 2 -28 -138 -6142 -1455 1592
5 0.057 6 1 254 -12 -19 -117 -6115 -1455 1630
5 0.057 3 2 257 -6 -21 -79 -6147 -1512 1582
7 0.043 6 2 258 -4 -25 -47 -6120 -1527 1572
6 0.057 9 1 254 -2 -17 -23 -6115 -1507 1557
6 0.043 8 -1 253 10 -14 -2 -6100 -1470 1600
5 0.043 6 -2 253 10 -4 11 -6062 -1517 1572
5 0.043 8 -3 253 11 11 10 -6085 -1465 1610
7 0.043 6 -6 255 19 12 4 -6137 -1502 1625
6 0.057 4 -5 257 22 13 -2 -6182 -1507 1552
5 0.043 5 -5 255 19 8 -13 -6147 -1522 1600
5 0.043 4 1 258 7 5 -16 -6085 -1492 1600
5 0.057 6 0 257 10 6 -22 -6110 -1497 1587
7 0.043 4 3 255 7 13 -21 -6172 -1560 1577
6 0.128 3 -4 255 8 17 -27 -6120 -1480 1605
6 0.043 3 -2 254 0 16 -30 -6125 -1480 1600
5 0.057 0 -2 260 -8 12 -40 -6110 -1492 1587
6 0.057 3 -3 256 -10 17 -47 -6062 -1497 1625
5 0.043 1 -1 255 -11 26 -56 -6057 -1492 1582
6 0.043 1 2 254 -18 27 -69 -6142 -1522 1592
6 0.057 0 4 255 -16 27 -72 -6120 -1492 1582
6 0.043 1 2 258 -18 25 -83 -6100 -1502 1592
5 0.057 0 2 256 -24 23 -97 -6162 -1527 1582
5 0.057 3 2 254 -32 33 -104 -6147 -1587 1562
5 0.043 0 0 254 -35 27 -119 -6137 -1575 1532
5 0.057 -1 -1 262 -24 4 -121 -6115 -1587 1572
5 0.071 -3 -2 260 -22 -2 -125 -6075 -1612 1525
7 0.043 1 -5 252 -19 13 -124 -6115 -1612 1587
6 0.057 -2 -2 253 -12 25 -119 -6120 -1587 1572
6 0.043 0 -2 258 -12 17 -115 -6110 -1522 1537
6 0.057 0 -2 254 -8 9 -100 -6062 -1517 1557
6 0.043 1 -1 256 -2 3 -81 -6110 -1587 1562
5 0.043 4 1 254 -5 4 -59 -6132 -1592 1557
5 0.043 5 2 255 -7 18 -36 -6162 -1597 1520
6 0.057 7 0 256 -3 17 -7 -6120 -1612 1542
6 0.057 5 1 258 0 11 25 -6090 -1575 1525
5 0.043 2 -2 259 1 4 42 -6110 -1582 1582
5 0.071 1 -1 259 -4 -6 64 -6090 -1570 1552
6 0.057 2 -1 256 4 -7 75 -6105 -1607 1620
6 0.043 3 2 250 6 -1 74 -6115 -1555 1630
5 0.057 1 0 255 10 9 71 -6132 -1570 1562
5 0.043 0 -3 255 10 22 50 -6125 -1492 1587
6 0.043 -2 0 252 1 19 37 -6137 -1512 1537
7 0.057 -3 -1 258 -2 9 27 -6125 -1532 1552
5 0.043 -5 -1 260 0 0 14 -6095 -1575 1620
5 0.057 -2 -3 258 7 0 10 -6132 -1602 1577
6 0.057 -4 0 255 4 -2 5 -6147 -1560 1655
6 0.043 -1 -1 256 -2 -8 9 -6105 -1555 1587
5 0.043 -1 -2 259 -7 -8 7 -6137 -1612 1582
5 0.071 -4 -1 257 -3 -3 -6 -6105 -1550 1562
5 0.043 -5 -3 255 0 -1 -2 -6115 -1602 1620
6 0.043 -5 -2 258 -1 4 -1 -6137 -1587 1562
6 0.043 -7 -4 260 8 3 1 -6132 -1602 1587
6 0.043 -7 -3 258 8 3 3 -6162 -1555 1645
5 0.043 -8 -2 258 10 0 5 -6090 -1575 1557
6 0.043 -12 2 258 4 -7 7 -6115 -1587 1600
6 0.043 -12 -2 258 -3 -14 9 -6152 -1550 1592
5 0.043 -11 -2 257 1 -20 10 -6132 -1545 1572
5 0.028 -9 -2 254 -1 -8 13 -6120 -1565 1525
5 0.043 -4 -1 255 -1 1 19 -6137 -1532 1552
6 0.028 -2 -2 258 4 -9 22 -6142 -1617 1587
6 0.057 -2 -3 255 2 -11 38 -6137 -1570 1557
6 0.028 -2 -5 254 4 3 44 -6057 -1570 1600
5 0.028 -4 -2 253 5 15 57 -6070 -1560 1577
5 0.028 -9 -1 257 1 13 57 -6075 -1582 1582
6 0.043 -13 2 258 2 12 56 -6110 -1502 1625
6 0.028 -14 -1 261 7 9 51 -6047 -1527 1552
5 0.028 -15 -1 261 7 0 37 -6110 -1545 1592
5 0.028 -16 -2 258 4 -1 30 -6070 -1555 1537
6 0.014 -17 -4 257 6 -4 21 -6137 -1570 1515
6 0.014 -14 -3 257 4 1 15 -6090 -1565 1582
6 0.028 -14 1 256 6 2 13 -6062 -1532 1567
5 0.014 -13 -2 256 1 8 18 -6105 -1497 1605
5 0.014 -12 -3 260 2 6 21 -6075 -1555 1572
7 0.014 -12 -1 258 4 0 28 -6100 -1527 1557
6 0.000 -11 -3 258 3 -1 34 -6110 -1522 1557
5 0.014 -8 -3 256 0 4 39 -6080 -1550 1582
5 0.014 -10 -2 257 3 5 48 -6085 -1527 1567
6 0.000 -9 -2 255 3 18 54 -6080 -1532 1542
5 0.000 -7 0 256 5 25 52 -6017 -1492 1557
5 0.000 -7 0 252 5 27 61 -6110 -1485 1572
6 0.014 -6 -2 254 9 26 65 -6100 -1512 1552
6 0.000 -3 -1 259 5 21 68 -6115 -1502 1557
5 0.000 -6 -2 260 2 15 75 -6120 -1497 1600
5 0.000 -1 0 256 0 16 85 -6085 -1512 1582
6 0.000 0 0 256 0 14 94 -6120 -1565 1577
5 0.000 1 -1 256 1 13 99 -6105 -1497 1582
5 0.000 3 -1 259 2 17 107 -6110 -1470 1537
6 0.000 9 -1 257 -2 37 106 -6105 -1442 1515
6 0.000 9 -1 253 1 74 103 -6110 -1442 1567
6 0.000 10 -1 257 -2 116 89 -6125 -1455 1610
5 0.014 11 -4 255 -6 172 77 -6115 -1407 1572
5 0.000 7 1 253 1 243 62 -6120 -1460 1525
6 -0.014 6 -1 255 -3 304 41 -6090 -1455 1567
5 0.000 2 -3 257 -9 365 21 -6110 -1427 1567
6 0.000 -1 6 271 -4 397 -19 -6162 -1427 1537
5 0.000 -16 8 261 27 445 -27 -6162 -1455 1537
6 -0.028 2 -1 263 -23 499 -27 -6215 -1417 1485
6 0.000 4 1 258 -13 555 -38 -6172 -1450 1412
6 0.000 0 -1 255 -12 604 -43 -6157 -1450 1375
6 -0.014 1 -1 255 -9 640 -41 -6162 -1480 1390
5 -0.014 -2 1 259 -13 689 -38 -6177 -1460 1365
5 0.000 -3 -3 254 -10 741 -30 -6210 -1450 1360
5 -0.028 -8 1 255 -18 781 -21 -6215 -1485 1330
5 0.000 -9 -2 257 -15 808 -11 -6272 -1497 1272
7 -0.014 -13 -1 256 -18 824 -5 -6252 -1475 1260
6 -0.014 -17 -3 252 -24 826 1 -6320 -1517 1200
6 0.000 -20 1 253 -21 825 -2 -6302 -1475 1182
6 -0.028 -26 0 256 -19 809 10 -6297 -1460 1105
7 -0.014 -29 0 253 -20 802 7 -6345 -1465 1017
6 -0.014 -29 -2 255 -18 801 1 -6365 -1460 997
6 -0.014 -32 -2 253 -18 803 -3 -6355 -1470 997
5 0.000 -35 -2 255 -17 801 -16 -6372 -1465 945
5 0.000 -39 -2 254 -17 802 -29 -6407 -1485 922
6 -0.028 -41 -1 254 -17 806 -38 -6377 -1485 907
5 0.000 -41 -3 254 -10 814 -51 -6417 -1442 845
5 0.000 -43 -2 250 -10 824 -59 -6475 -1507 800
6 -0.014 -44 -3 254 -13 841 -62 -6445 -1497 787
6 -0.014 -48 -2 251 -10 848 -62 -6470 -1517 762
7 -0.014 -53 -1 249 -11 853 -59 -6435 -1492 705
6 0.000 -56 -2 249 -9 850 -55 -6512 -1460 700
6 -0.028 -58 -2 249 -12 851 -55 -6475 -1502 637
6 0.000 -63 -4 250 -13 852 -45 -6490 -1485 607
5 0.000 -65 -4 247 -10 848 -39 -6497 -1470 595
5 -0.028 -69 -5 250 -13 838 -30 -6502 -1465 527
5 0.000 -70 -2 247 -15 835 -23 -6517 -1455 440
5 -0.028 -72 -1 247 -15 825 -17 -6497 -1522 425
5 0.000 -74 -3 246 -21 816 -13 -6542 -1497 392
6 -0.028 -74 -2 246 -21 804 -1 -6605 -1522 347
6 0.000 -76 -1 248 -25 793 -4 -6537 -1502 332
6 -0.014 -77 -3 248 -22 791 -1 -6575 -1532 280
6 -0.014 -77 -3 246 -26 793 -1 -6575 -1540 247
6 -0.014 -78 -2 242 -23 798 -7 -6595 -1485 217
5 -0.014 -79 -5 242 -24 810 -10 -6575 -1442 150
5 -0.014 -84 -4 241 -20 821 -17 -6565 -1442 127
5 -0.014 -84 -3 237 -17 840 -21 -6575 -1455 87
5 -0.014 -89 -5 243 -22 844 -25 -6527 -1497 97
5 0.000 -94 -2 238 -15 846 -24 -6532 -1502 10
6 -0.028 -94 -3 239 -18 841 -25 -6542 -1492 77
6 0.000 -92 -3 239 -20 838 -22 -6580 -1470 -30
6 -0.028 -97 -4 242 -24 825 -12 -6560 -1470 -20
6 -0.014 -98 -3 237 -27 806 -3 -6632 -1507 -127
6 -0.014 -101 -4 239 -30 782 7 -6642 -1497 -155
6 0.000 -103 -3 238 -34 750 11 -6570 -1497 -217
6 -0.028 -106 -4 237 -34 710 21 -6600 -1502 -237
6 0.000 -108 -3 238 -34 668 29 -6627 -1497 -285
5 -0.014 -110 -2 236 -41 641 32 -6595 -1507 -305
5 0.000 -109 -3 235 -35 637 34 -6605 -1480 -347
5 0.000 -105 -4 235 -40 658 31 -6605 -1475 -347
5 -0.014 -107 -4 234 -39 691 35 -6605 -1480 -377
6 0.000 -109 -5 234 -38 720 25 -6610 -1465 -392
5 -0.014 -116 -7 232 -39 742 26 -6637 -1485 -450
5 -0.014 -114 -5 234 -38 750 25 -6627 -1485 -517
5 0.000 -119 -4 232 -40 749 21 -6605 -1465 -545
5 0.000 -121 -1 230 -37 756 20 -6632 -1450 -512
7 -0.014 -121 -4 228 -38 757 19 -6657 -1385 -550
6 0.000 -125 -4 225 -39 768 14 -6617 -1450 -622
6 0.000 -126 -4 225 -37 776 9 -6627 -1465 -690
6 -0.028 -128 -6 227 -31 798 -1 -6585 -1455 -657
6 0.000 -129 -7 223 -29 829 -13 -6617 -1470 -725
7 0.000 -131 -7 223 -24 875 -29 -6585 -1437 -777
6 -0.014 -132 -10 217 -14 945 -45 -6580 -1422 -815
6 -0.014 -129 -6 213 -6 1055 -64 -6590 -1485 -927
6 -0.028 -134 -7 210 0 1130 -72 -6565 -1412 -892
6 0.000 -139 -10 211 5 1181 -84 -6565 -1432 -970
7 -0.028 -148 -9 212 9 1215 -84 -6610 -1437 -1042
6 -0.028 -153 -5 205 14 1227 -87 -6537 -1422 -1027
6 -0.014 -154 -4 205 10 1235 -88 -6555 -1437 -1137
6 -0.028 -156 -5 207 4 1239 -84 -6512 -1427 -1210
6 -0.028 -158 -6 203 4 1245 -80 -6480 -1407 -1172
7 -0.028 -161 -6 203 -1 1254 -77 -6465 -1422 -1317
6 -0.028 -288 -22 228 266 209 -146 -6440 -1442 -1330
6 0.014 105 -150 117 -179 -171 -57 -6435 -1432 -1355
5 0.014 -83 -20 132 -275 -83 5 -6450 -1455 -1390
5 0.014 -163 9 299 -33 -1 28 -6465 -1427 -1317
7 0.000 -160 8 242 29 100 -3 -6460 -1455 -1345
6 0.000 -160 -20 218 32 68 23 -6480 -1460 -1307
6 0.000 -162 -15 179 -22 13 20 -6460 -1432 -1360
6 0.014 -156 -6 192 -36 -29 25 -6480 -1455 -1350
6 0.000 -164 1 204 -24 -38 20 -6460 -1422 -1360
7 0.000 -154 -1 212 -19 -4 20 -6470 -1395 -1355
5 0.000 -154 -6 209 -13 27 18 -6427 -1412 -1380
5 0.000 -155 -11 204 -12 22 13 -6460 -1475 -1345
5 0.014 -160 -8 202 -4 -4 9 -6480 -1492 -1335
5 0.000 -157 -7 201 0 -16 3 -6450 -1450 -1335
6 0.014 -159 -5 208 0 -6 2 -6440 -1470 -1335
6 0.000 -160 -4 206 -1 10 -5 -6470 -1427 -1365
6 0.000 -162 -6 205 7 10 -11 -6465 -1455 -1355
6 0.000 -160 -9 206 8 4 -10 -6475 -1450 -1375
5 0.014 -161 -8 202 12 2 -10 -6407 -1432 -1345
5 0.000 -161 -5 206 10 0 -11 -6470 -1465 -1322
5 0.014 -160 -3 210 10 12 -9 -6407 -1422 -1360
5 0.000 -159 -5 209 1 15 -7 -6455 -1442 -1307
6 0.014 -156 -7 205 -6 4 13 -6460 -1465 -1350
6 0.014 -159 -3 209 -13 5 14 -6502 -1460 -1380
5 0.000 -158 -5 209 -13 5 21 -6485 -1432 -1322
5 0.000 -158 -4 209 -20 10 21 -6485 -1455 -1350
5 0.014 -157 -5 208 -18 12 21 -6392 -1432 -1390
5 0.014 -157 -6 208 -16 10 19 -6417 -1422 -1360
5 0.014 -158 -4 208 -12 12 18 -6490 -1422 -1350
5 0.000 -154 -7 209 -13 9 15 -6470 -1422 -1365
6 0.014 -157 -6 210 -9 11 13 -6502 -1437 -1340
6 0.014 -156 -6 211 -3 15 7 -6455 -1427 -1380
6 0.000 -155 -8 208 -5 20 3 -6475 -1502 -1397
7 0.028 -155 -6 210 2 13 5 -6427 -1480 -1370
6 0.028 -155 -8 212 2 17 3 -6440 -1407 -1330
5 0.000 -161 -3 210 4 14 6 -6460 -1390 -1360
5 0.028 -155 -4 209 -2 14 7 -6397 -1460 -1412
5 0.014 -154 -8 214 -4 17 8 -6460 -1442 -1355
6 0.014 -153 -4 209 -3 15 9 -6435 -1470 -1375
6 0.028 -153 -3 212 -7 18 14 -6490 -1427 -1360
6 0.028 -154 -6 210 -3 10 5 -6490 -1437 -1365
6 0.014 -154 -7 209 4 11 2 -6450 -1450 -1312
5 0.014 -155 -8 208 7 6 -3 -6480 -1432 -1322
5 0.028 -154 -7 212 21 10 -19 -6480 -1427 -1360
5 0.057 -154 -7 211 24 13 -32 -6407 -1460 -1365
5 0.028 -154 -7 211 34 17 -39 -6440 -1422 -1350
5 0.028 -150 -9 215 39 18 -49 -6497 -1432 -1402
5 0.028 -150 -8 214 43 9 -47 -6455 -1390 -1360
5 0.043 -150 -8 212 48 3 -52 -6485 -1395 -1385
5 0.028 -148 -8 212 51 -3 -55 -6465 -1437 -1365
5 0.028 -149 -8 213 59 -2 -55 -6440 -1427 -1380
5 0.043 -153 -3 216 66 1 -62 -6470 -1417 -1370
6 0.043 -151 -6 218 58 9 -82 -6450 -1437 -1350
6 0.043 -153 -5 213 65 8 -91 -6450 -1465 -1365
7 0.043 -156 -5 207 74 -2 -107 -6455 -1442 -1322
6 0.071 -154 -6 207 87 -12 -121 -6440 -1460 -1330
6 0.043 -155 -7 206 90 -22 -133 -6450 -1507 -1350
5 0.057 -156 -8 207 99 -22 -135 -6427 -1492 -1350
5 0.043 -154 -10 212 104 -13 -134 -6445 -1502 -1397
6 0.057 -153 -5 211 102 -9 -130 -6417 -1555 -1397
5 0.043 -154 -6 212 98 -10 -122 -6440 -1522 -1355
5 0.071 -153 -6 211 99 -1 -117 -6455 -1502 -1380
5 0.057 -155 -7 214 82 3 -99 -6475 -1532 -1397
5 0.043 -156 -9 201 80 -7 -79 -6475 -1507 -1385
6 0.057 -153 -7 211 64 -5 -67 -6460 -1527 -1335
5 0.085 -157 -5 210 48 15 -57 -6507 -1592 -1307
5 0.057 -163 -5 203 49 18 -56 -6435 -1560 -1385
5 0.071 -161 -5 203 52 14 -54 -6397 -1555 -1380
5 0.057 -161 -5 204 46 19 -63 -6440 -1570 -1390
6 0.043 -163 -6 200 47 6 -59 -6475 -1565 -1380
5 0.057 -164 -5 198 47 4 -60 -6470 -1527 -1380
5 0.057 -163 -4 203 45 1 -68 -6450 -1532 -1407
5 0.071 -161 -5 205 40 7 -60 -6455 -1550 -1402
6 0.057 -159 -4 205 29 -1 -56 -6475 -1607 -1360
7 0.057 -159 -5 209 25 -2 -49 -6440 -1570 -1365
6 0.057 -159 -4 204 16 -3 -46 -6460 -1587 -1345
5 0.085 -160 -3 208 7 -7 -43 -6455 -1597 -1385
6 0.057 -158 -5 206 11 -4 -29 -6465 -1592 -1432
6 0.071 -159 -7 205 8 2 -26 -6445 -1565 -1390
7 0.057 -156 -8 205 0 -7 -20 -6402 -1587 -1375
6 0.057 -157 -6 203 6 -19 -8 -6392 -1582 -1330
6 0.057 -159 -2 204 5 -15 -3 -6422 -1602 -1360
6 0.057 -161 -4 206 -13 -11 -6 -6435 -1582 -1360
6 0.085 -161 -6 202 -7 -15 4 -6422 -1570 -1335
7 0.057 -162 -5 208 -7 -14 2 -6445 -1582 -1365
6 0.057 -159 -6 202 -20 -12 -1 -6490 -1597 -1360
6 0.057 -158 -7 203 -6 -22 3 -6427 -1545 -1350
6 0.085 -160 -4 211 -14 5 -18 -6435 -1587 -1375
6 0.085 -158 -8 208 -4 7 -19 -6445 -1570 -1375
6 0.057 -157 -7 201 4 -12 -15 -6485 -1612 -1385
5 0.057 -154 -8 203 19 -19 -3 -6450 -1570 -1350
5 0.071 -155 -7 209 18 -22 -12 -6460 -1612 -1412
6 0.071 -158 -6 213 7 -16 -19 -6450 -1622 -1437
6 0.071 -157 -3 210 8 -15 -12 -6450 -1582 -1350
6 0.071 -157 -8 211 11 -4 -7 -6450 -1587 -1365
5 0.071 -156 -6 206 -2 -14 0 -6412 -1555 -1322
5 0.057 -156 -5 205 5 -22 11 -6455 -1602 -1370
5 0.085 -157 -5 210 -3 -15 14 -6490 -1602 -1385
5 0.085 -156 -5 208 -13 -15 24 -6475 -1650 -1340
6 0.085 -160 -8 209 -12 -19 22 -6417 -1607 -1365
5 0.071 -157 -7 210 -16 -17 20 -6445 -1602 -1360
5 0.071 -154 -8 209 -4 -22 20 -6435 -1575 -1335
5 0.071 -157 -10 205 3 -22 4 -6402 -1532 -1360
5 0.085 -158 -7 206 7 -18 -22 -6392 -1575 -1335
6 0.071 -162 -5 208 -2 -4 -52 -6402 -1532 -1330
5 0.085 -160 -8 208 28 20 -66 -6435 -1550 -1375
5 0.071 -162 -9 207 45 30 -74 -6450 -1532 -1322
5 0.071 -160 -10 200 68 11 -68 -6450 -1555 -1370
7 0.199 -155 -2 204 57 -23 -56 -6427 -1592 -1375
6 0.085 -153 -4 210 44 -27 -53 -6450 -1630 -1340
6 0.085 -154 -4 212 25 -34 -38 -6475 -1607 -1380
6 0.085 -154 -7 211 31 -24 -23 -6450 -1597 -1380
5 0.071 -154 -7 216 17 -16 -23 -6427 -1602 -1375
6 0.085 -154 -6 208 13 -17 -10 -6475 -1570 -1350
5 0.085 -156 -6 207 19 -17 -4 -6497 -1612 -1330
5 0.085 -159 -6 209 16 -19 -26 -6435 -1607 -1360
5 0.085 -157 -7 205 29 -7 -30 -6412 -1645 -1365
5 0.085 -159 -8 210 36 -6 -45 -6407 -1640 -1350
6 0.085 -158 -6 207 33 -11 -49 -6450 -1630 -1365
5 0.128 -162 -10 210 36 18 -65 -6387 -1655 -1335
5 0.085 -160 -11 213 58 44 -41 -6465 -1640 -1355
5 0.085 -160 -7 209 44 54 -34 -6440 -1630 -1365
5 0.085 -161 -5 202 49 28 -38 -6422 -1622 -1350
6 0.071 -155 -5 201 42 0 -36 -6445 -1650 -1345
5 0.099 -159 -2 202 31 -17 -35 -6427 -1645 -1350
5 0.085 -160 -4 209 33 -6 -24 -6427 -1597 -1355
5 0.085 -159 -6 211 38 9 -13 -6417 -1640 -1385
5 0.085 -161 -9 207 23 11 -15 -6427 -1622 -1365
6 0.099 -162 -4 204 24 10 -12 -6407 -1650 -1335
5 0.113 -161 -3 203 24 4 -8 -6397 -1655 -1355
5 0.099 -160 -4 206 12 10 2 -6407 -1645 -1340
5 0.085 -162 -3 205 2 7 9 -6412 -1655 -1330
5 0.085 -160 -4 204 -4 -1 14 -6440 -1692 -1317
7 0.085 -164 -5 208 -27 12 -9 -6397 -1630 -1355
6 0.085 -166 -6 209 -8 32 -15 -6407 -1692 -1345
6 0.085 -162 -8 209 6 42 -16 -6407 -1645 -1330
6 0.085 -163 -7 203 10 33 -11 -6427 -1655 -1365
6 0.071 -158 -9 204 -8 18 -8 -6402 -1660 -1380
7 0.085 -160 -6 201 4 -4 25 -6435 -1682 -1365
6 0.085 -140 -18 198 -21 -24 16 -6402 -1640 -1370
6 0.113 -158 -5 197 -15 -27 31 -6372 -1587 -1355
6 0.085 -157 -1 206 -24 -35 24 -6397 -1635 -1370
6 0.085 -158 -2 207 -37 -43 20 -6460 -1617 -1365
7 0.099 -156 -5 205 -29 -58 24 -6445 -1622 -1370
5 0.099 -160 -6 209 -38 -41 3 -6455 -1622 -1397
5 0.085 -157 -4 210 -23 -24 7 -6407 -1635 -1355
5 0.085 -155 -7 208 -10 -16 -3 -6417 -1677 -1370
5 0.099 -156 -7 211 -18 -11 -6 -6387 -1630 -1370
5 0.085 -160 -6 204 -27 -15 -22 -6387 -1607 -1390
5 0.099 -158 -6 210 -14 -16 -23 -6412 -1660 -1360
5 0.085 -159 -7 206 14 -6 -29 -6392 -1597 -1375
5 0.142 -159 -9 209 20 -4 -38 -6402 -1665 -1360
5 0.085 -158 -6 209 25 -9 -23 -6392 -1640 -1322
6 0.085 -158 -6 205 25 -12 -2 -6407 -1655 -1355
5 0.099 -158 0 214 2 0 0 -6402 -1612 -1360
5 0.099 -159 -2 206 5 15 14 -6435 -1660 -1380
5 0.085 -159 -2 206 -10 10 20 -6427 -1655 -1370
5 0.099 -161 -6 202 8 4 22 -6372 -1640 -1355
5 0.099 -167 -7 202 -5 8 -4 -6412 -1687 -1365
6 0.085 -165 -7 203 12 4 -6 -6387 -1655 -1390
6 0.085 -168 -6 206 23 19 -30 -6360 -1645 -1360
6 0.099 -168 -6 205 41 35 -50 -6382 -1650 -1385
6 0.113 -164 -6 204 62 41 -78 -6382 -1650 -1360
7 0.099 -159 -7 201 68 19 -82 -6377 -1692 -1340
6 0.085 -161 -15 197 70 -1 -97 -6350 -1692 -1397
5 0.085 -155 -11 202 62 8 -105 -6392 -1660 -1390
5 0.099 -156 -12 208 82 21 -80 -6412 -1687 -1370
5 0.085 -157 -9 211 69 38 -75 -6407 -1630 -1375
5 0.099 -155 -9 209 78 27 -54 -6382 -1692 -1385
5 0.085 -158 -5 207 85 25 -56 -6355 -1660 -1365
5 0.085 -159 -7 210 67 35 -67 -6372 -1660 -1365
5 0.099 -161 -6 208 89 48 -74 -6365 -1697 -1375
5 0.142 -161 -6 204 85 59 -110 -6372 -1735 -1412
6 0.071 -162 -7 203 101 43 -138 -6392 -1707 -1427
5 0.099 -156 -7 201 109 28 -160 -6382 -1677 -1390
5 0.085 -157 -8 204 139 13 -179 -6382 -1730 -1407
5 0.099 -158 -6 204 121 5 -211 -6365 -1712 -1422
5 0.099 -158 -6 201 121 -7 -212 -6350 -1755 -1355
6 0.099 -161 -7 203 141 -27 -201 -6350 -1782 -1397
6 0.099 -158 -9 208 138 -15 -184 -6365 -1755 -1397
6 0.085 -160 -9 210 130 2 -168 -6377 -1782 -1370
6 0.099 -161 -6 207 125 18 -155 -6345 -1792 -1402
6 0.099 -161 -6 210 130 22 -140 -6372 -1810 -1370
6 0.128 -164 -5 202 123 12 -142 -6360 -1825 -1375
5 0.099 -163 -6 204 121 1 -146 -6382 -1852 -1375
5 0.099 -163 -6 199 118 -8 -147 -6355 -1830 -1380
5 0.085 -161 -8 202 128 -17 -135 -6335 -1820 -1355
5 0.099 -161 -4 201 103 -22 -147 -6335 -1840 -1422
7 0.099 -159 -8 204 91 -38 -134 -6365 -1825 -1390
6 0.085 -160 -9 207 87 -41 -120 -6345 -1857 -1412
6 0.099 -164 -7 208 80 -27 -119 -6365 -1910 -1397
6 0.099 -164 -5 206 66 -9 -118 -6345 -1882 -1390
6 0.085 -164 -8 207 86 1 -107 -6282 -1852 -1330
5 0.241 -168 -6 201 67 -8 -124 -6315 -1920 -1330
5 0.099 -165 -6 201 80 -2 -104 -6325 -1905 -1360
5 0.099 -170 -6 204 63 6 -106 -6315 -1952 -1355
5 0.085 -168 -7 202 32 -5 -94 -6320 -1915 -1402
6 0.085 -163 -10 198 52 -6 -53 -6282 -1925 -1370
5 0.099 -165 -5 205 19 -13 -46 -6320 -1935 -1360
5 0.085 -163 -5 202 19 -15 -11 -6287 -1947 -1365
6 0.085 -165 -2 202 -2 -20 3 -6282 -1915 -1330
6 0.085 -162 -5 204 -14 -21 17 -6320 -1910 -1375
7 0.085 -160 -3 205 -19 -12 32 -6340 -1915 -1397
6 0.113 -168 -4 206 -44 -2 19 -6330 -1942 -1350
6 0.085 -160 -3 210 -31 4 36 -6315 -1947 -1380
6 0.085 -161 -7 200 -24 -3 48 -6315 -1915 -1397
6 0.099 -159 -8 198 -28 -28 49 -6267 -1905 -1412
7 0.085 -161 -5 201 -35 -39 51 -6292 -1910 -1375
6 0.085 -160 -3 207 -42 -36 60 -6302 -1925 -1417
6 0.085 -158 -3 209 -39 -22 76 -6292 -1942 -1370
6 0.085 -158 -3 211 -54 -17 89 -6307 -1952 -1355
6 0.099 -158 -4 208 -60 -11 107 -6302 -1920 -1422
7 0.085 -161 -6 206 -68 -8 109 -6307 -1892 -1465
6 0.085 -161 -8 204 -82 -11 107 -6262 -1915 -1412
5 0.128 -160 -6 204 -75 -16 106 -6240 -1882 -1427
5 0.085 -165 -7 201 -68 -26 86 -6240 -1905 -1345
5 0.099 -169 -5 208 -72 -9 51 -6277 -1852 -1402
6 0.085 -167 -6 208 -43 22 37 -6235 -1862 -1330
5 0.071 -167 -8 203 -17 23 28 -6235 -1877 -1365
5 0.085 -164 -8 195 -3 6 57 -6245 -1882 -1422
5 0.085 -168 -9 212 96 -17 48 -6267 -1825 -1397
5 0.085 -155 0 202 -52 -76 38 -6267 -1830 -1375
5 0.085 -167 3 210 -86 -54 63 -6302 -1862 -1385
5 0.085 -164 -5 196 -73 -25 58 -6225 -1830 -1437
5 0.071 -153 -9 188 -43 -6 60 -6287 -1852 -1432
5 0.113 -155 -14 218 -32 -2 80 -6277 -1857 -1412
5 0.085 -154 -8 188 -18 22 81 -6252 -1852 -1370
6 0.071 -162 -12 220 -39 30 59 -6262 -1852 -1422
5 0.085 -163 -13 185 -7 43 32 -6230 -1810 -1407
5 0.085 -162 -8 197 15 3 1 -6190 -1820 -1407
5 0.071 -166 -2 199 9 -3 -24 -6172 -1810 -1442
5 0.071 -163 -4 207 29 -2 -44 -6257 -1830 -1402
5 0.085 -157 -9 205 42 20 -57 -6230 -1787 -1402
6 0.071 -159 -5 213 61 33 -53 -6225 -1852 -1402
6 0.085 -164 -12 213 63 21 -55 -6210 -1857 -1390
5 0.113 -160 -11 199 51 -7 -48 -6210 -1840 -1385
5 0.071 -154 -6 205 51 -10 -39 -6182 -1835 -1432
6 0.085 -165 -1 215 39 -2 -33 -6230 -1810 -1402
5 0.085 -160 -3 206 30 19 -32 -6172 -1802 -1360
5 0.071 -161 -9 196 52 20 -31 -6172 -1797 -1447
5 0.085 -169 -11 207 53 9 -62 -6167 -1840 -1407
5 0.085 -170 -12 196 59 16 -72 -6200 -1815 -1380
5 0.057 -172 -6 195 97 13 -104 -6172 -1852 -1407
5 0.085 -171 -6 199 104 29 -130 -6152 -1840 -1422
5 0.071 -177 -3 203 116 27 -150 -6195 -1810 -1427
5 0.071 -172 -11 193 130 13 -156 -6195 -1867 -1432
6 0.099 -169 -8 198 128 -4 -157 -6132 -1887 -1485
7 0.071 -164 -3 200 111 -18 -163 -6115 -1930 -1470
6 0.071 -168 -4 202 95 -25 -171 -6125 -1877 -1437
6 0.057 -163 -1 207 87 -11 -173 -6132 -1872 -1447
6 0.071 -165 -2 207 90 -9 -167 -6120 -1825 -1437
6 0.071 -165 -8 201 83 -17 -151 -6125 -1872 -1480
6 0.057 -164 -10 200 82 -19 -141 -6132 -1900 -1457
5 0.071 -160 -7 196 75 -24 -120 -6110 -1910 -1432
5 0.057 -165 -2 204 59 -23 -95 -6125 -1920 -1480
5 0.071 -166 -3 205 51 -4 -55 -6075 -1942 -1432
5 0.071 -165 -5 201 12 -5 -32 -6080 -1942 -1475
6 0.057 -166 -5 198 0 -27 0 -6105 -1930 -1452
5 0.057 -169 -5 196 -16 -39 9 -6090 -1887 -1452
5 0.057 -166 -6 198 -19 -32 28 -6110 -1930 -1397
5 0.071 -171 -3 205 -24 -17 41 -6115 -1952 -1475
5 0.057 -166 -1 203 -36 -4 44 -6085 -1952 -1442
5 0.043 -163 -4 198 -36 -7 55 -6115 -1915 -1412
6 0.043 -161 -9 201 -42 -15 63 -6110 -1947 -1485
6 0.057 -163 -8 200 -54 -23 66 -6142 -1952 -1465
5 0.057 -162 -7 208 -48 -20 77 -6100 -1905 -1397
6 0.057 -166 -6 206 -52 -4 75 -6100 -1910 -1442
6 0.071 -167 -2 203 -61 16 84 -6075 -1872 -1470
6 0.043 -164 -5 205 -60 6 78 -6052 -1882 -1470
6 0.057 -163 -4 201 -69 -7 83 -6070 -1935 -1485
6 0.043 -163 -1 209 -68 -12 84 -6090 -1887 -1427
6 0.057 -163 -3 208 -76 -5 80 -6047 -1862 -1457
6 0.043 -160 -7 205 -67 8 83 -6095 -1862 -1500
6 0.043 -163 -7 204 -66 7 83 -6057 -1887 -1485
6 0.043 -158 -6 204 -67 20 84 -6070 -1867 -1495
6 0.057 -162 -9 206 -65 12 83 -6057 -1882 -1465
6 0.043 -159 -11 202 -62 15 82 -6017 -1840 -1520
5 0.113 -156 -5 205 -59 9 92 -6062 -1845 -1422
6 0.043 -158 -5 210 -64 -2 99 -6032 -1830 -1490
6 0.043 -158 -5 205 -73 -6 104 -6047 -1825 -1437
5 0.057 -159 -5 206 -80 -13 107 -6052 -1777 -1470
5 0.043 -156 -5 207 -85 -10 121 -6017 -1802 -1475
5 0.057 -157 -6 210 -90 -4 125 -6017 -1787 -1485
5 0.043 -158 -4 207 -96 -1 134 -6052 -1845 -1547
5 0.043 -160 -6 209 -91 4 142 -6085 -1830 -1515
5 0.057 -159 -6 206 -95 6 141 -6047 -1810 -1505
5 0.043 -159 -9 204 -89 3 133 -6052 -1735 -1525
5 0.043 -160 -6 204 -84 -2 120 -6037 -1745 -1525
5 0.057 -164 -3 201 -70 2 101 -6022 -1720 -1525
5 0.057 -165 -5 199 -54 3 101 -6007 -1750 -1587
5 0.043 -166 -7 202 -60 11 90 -5980 -1725 -1532
5 0.057 -162 -9 201 -65 1 91 -6022 -1735 -1547
5 0.043 -179 -13 193 -85 62 204 -5995 -1697 -1567
5 0.014 -201 -9 189 -224 126 337 -5985 -1697 -1520
5 0.043 -190 -6 180 -353 69 403 -6027 -1692 -1552
5 0.028 -168 10 169 -357 -42 438 -6037 -1682 -1577
5 0.014 -162 15 177 -323 -109 423 -6007 -1640 -1572
5 0.028 -163 14 217 -324 -66 395 -6007 -1635 -1547
6 0.043 -169 -9 215 -279 31 360 -5975 -1650 -1562
6 0.028 -160 -31 207 -250 47 314 -6022 -1575 -1620
6 0.014 -163 -27 196 -224 22 292 -6000 -1602 -1572
7 0.028 -162 -19 197 -208 9 287 -6007 -1532 -1520
6 0.014 -163 -1 203 -218 13 304 -6022 -1522 -1557
6 0.028 -164 7 206 -230 4 314 -5965 -1502 -1620
6 0.028 -162 2 200 -229 -6 319 -5980 -1465 -1582
6 0.014 -162 -8 197 -226 -21 302 -5985 -1455 -1577
6 0.028 -165 -10 198 -216 -18 292 -5990 -1460 -1572
6 0.014 -169 -10 199 -194 -9 258 -6017 -1417 -1505
6 0.028 -171 -7 201 -174 4 222 -5975 -1407 -1542
6 0.014 -172 -6 200 -148 4 195 -6012 -1412 -1592
6 0.014 -174 -4 194 -134 8 173 -5975 -1412 -1640
6 0.014 -173 -4 193 -124 0 154 -5985 -1390 -1547
6 0.014 -174 -8 196 -108 -11 126 -5985 -1370 -1600
6 0.000 -172 -2 199 -88 -9 127 -5937 -1402 -1615
6 0.014 -170 -3 205 -79 -6 106 -5995 -1355 -1605
6 0.014 -170 -4 203 -71 -9 87 -5975 -1322 -1572
6 0.000 -169 -8 203 -50 0 59 -5975 -1355 -1552
6 0.000 -168 -9 201 -36 0 47 -5990 -1342 -1577
5 0.000 -170 -11 198 -22 -2 29 -6007 -1322 -1587
5 0.014 -166 -5 196 -6 -5 13 -5932 -1337 -1557
5 0.000 -168 -2 201 -7 -13 6 -6000 -1312 -1552
5 0.000 -164 -2 201 2 -15 -2 -6007 -1355 -1600
5 0.000 -158 -6 209 -2 -8 5 -5995 -1322 -1572
6 0.000 -160 -8 208 -2 0 3 -5980 -1347 -1625
6 0.000 -159 -7 205 2 2 4 -5990 -1317 -1630
5 0.000 -161 -4 205 1 -8 2 -5970 -1285 -1615
5 0.000 -162 -6 204 -4 -14 1 -5970 -1300 -1605
6 0.000 -160 -7 205 1 -7 -1 -6017 -1360 -1562
6 0.000 -163 -5 204 4 -8 -3 -5960 -1327 -1557
6 0.000 -161 -6 204 6 -8 -6 -5985 -1317 -1600
6 0.000 -161 -4 205 9 -6 -13 -5950 -1285 -1605
5 0.000 -161 -5 206 1 -3 -5 -5980 -1300 -1600
6 0.000 -155 -7 209 0 3 -2 -5975 -1305 -1605
5 0.000 -158 -8 208 -4 5 -1 -5985 -1305 -1572
6 0.000 -161 -7 207 -3 8 -2 -5985 -1355 -1620
6 0.000 -161 -5 204 -6 4 1 -6007 -1355 -1557
6 0.000 -160 -5 204 -3 1 -1 -5975 -1322 -1572
6 0.000 -159 -6 206 1 7 4 -5985 -1300 -1620
5 0.000 -158 -5 206 1 4 1 -5960 -1355 -1587
6 0.000 -160 -6 204 3 4 1 -6000 -1322 -1615
6 0.000 -159 -7 204 0 2 0 -6012 -1347 -1592
5 0.000 -159 -6 207 -1 2 -1 -5995 -1332 -1582
6 0.000 -162 -6 205 0 4 0 -5985 -1300 -1547
5 0.000 -161 -6 203 3 -2 -5 -5975 -1337 -1587
6 0.000 -160 -4 205 0 0 4 -5985 -1327 -1552
6 0.000 -159 -2 205 -5 -4 7 -5960 -1317 -1615
5 0.014 -160 -6 205 -7 -4 15 -5955 -1342 -1605
5 0.000 -160 -7 205 -9 -4 8 -5980 -1322 -1582
5 0.000 -161 -6 205 -4 -2 7 -5960 -1355 -1605
5 0.000 -162 -6 205 1 -1 1 -6017 -1342 -1562
6 0.000 -161 -4 205 0 0 1 -5980 -1312 -1587
6 0.000 -159 -6 203 2 1 4 -5970 -1332 -1620
5 0.000 -161 -8 208 -8 2 8 -5985 -1347 -1630
5 0.000 -160 -5 209 -4 5 7 -6012 -1317 -1610
6 0.000 -160 -5 208 -2 -3 6 -5965 -1280 -1562
6 0.000 -160 -7 204 -3 -5 0 -5985 -1322 -1572
6 0.000 -162 -7 203 0 0 1 -6012 -1312 -1532
5 0.000 -161 -4 202 0 -3 1 -5985 -1270 -1582
6 0.000 -160 -4 205 1 1 2 -5990 -1327 -1547
6 0.000 -158 -7 206 1 -2 0 -5980 -1317 -1525
6 0.000 -160 -6 205 -1 -1 -2 -6000 -1305 -1587
6 0.000 -160 -7 209 -1 5 0 -5995 -1305 -1600
5 0.000 -161 -6 208 2 5 -1 -5975 -1270 -1600
6 0.000 -158 -6 206 -2 1 2 -5965 -1342 -1547
5 0.000 -161 -4 205 3 4 0 -5990 -1332 -1567
5 0.000 -160 -6 205 2 -2 -2 -6007 -1327 -1567
6 0.000 -162 -4 203 2 -1 -3 -5990 -1342 -1577
7 0.000 -160 -5 205 1 1 -6 -5942 -1332 -1577
6 0.000 -159 -6 205 2 3 1 -5950 -1355 -1495
5 0.000 -161 -9 209 2 -1 3 -5942 -1355 -1562
5 0.000 -162 -5 203 1 0 1 -5917 -1332 -1572
6 0.000 -160 -5 206 3 0 -2 -5942 -1355 -1577
7 0.000 -162 -6 204 2 -6 -2 -5942 -1295 -1610
6 0.000 -161 -4 205 3 -5 -3 -5942 -1332 -1615
5 0.000 -158 -4 205 2 -1 1 -5975 -1312 -1610
5 0.000 -159 -7 206 1 4 0 -5975 -1342 -1532
5 0.000 -160 -5 206 3 4 0 -6007 -1317 -1582
7 0.000 -160 -5 206 0 3 -3 -5955 -1300 -1537
6 0.000 -161 -7 210 -1 2 1 -5955 -1337 -1562
5 0.000 -160 -7 205 1 3 -3 -5975 -1280 -1542
5 0.000 -160 -5 206 0 5 2 -5995 -1270 -1572
5 0.000 -159 -6 208 6 5 -1 -5995 -1327 -1577
6 0.000 -160 -7 206 -1 4 -3 -5985 -1322 -1605
6 0.000 -162 -7 203 0 -1 1 -6000 -1317 -1615
5 0.000 -161 -7 205 -3 1 1 -5975 -1342 -1650
5 0.000 -160 -9 207 -2 2 1 -6012 -1347 -1635
5 0.000 -160 -6 207 2 6 -1 -5980 -1360 -1572
6 0.000 -161 -5 202 -1 1 1 -5990 -1355 -1562
6 0.000 -160 -6 204 0 -4 2 -5995 -1337 -1537
5 0.000 -159 -7 204 -2 -6 2 -5955 -1322 -1557
5 0.000 -158 -5 207 3 1 -3 -6037 -1337 -1567
5 0.000 -162 -4 207 3 0 2 -5990 -1322 -1465
6 0.000 -161 -7 210 0 -2 2 -6000 -1337 -1572
7 0.000 -160 -6 206 3 -5 2 -6007 -1312 -1567
5 0.000 -160 -6 204 -1 -4 4 -5990 -1337 -1525
5 0.000 -160 -6 206 3 -8 6 -5980 -1337 -1562
5 0.000 -159 -7 209 1 -1 1 -6000 -1342 -1592
6 0.000 -160 -5 207 2 0 1 -5917 -1305 -1600
7 0.000 -161 -6 206 1 5 1 -5960 -1337 -1577
5 0.000 -159 -5 203 0 1 -3 -5975 -1355 -1605
5 0.000 -159 -4 206 1 3 0 -5995 -1305 -1600
6 0.000 -159 -6 207 0 3 0 -5975 -1300 -1600
6 0.000 -162 -5 206 1 1 0 -6017 -1327 -1552
6 0.000 -160 -5 204 1 0 -3 -5937 -1337 -1587
5 0.000 -158 -5 204 3 1 0 -5995 -1347 -1587
6 0.000 -161 -6 205 3 2 2 -5985 -1337 -1562
6 0.000 -160 -5 206 -1 4 -1 -5990 -1355 -1552
5 0.000 -160 -7 204 1 3 -4 -5955 -1337 -1542
5 0.000 -160 -5 205 0 2 2 -5985 -1290 -1537
5 0.000 -162 -4 205 -1 9 -2 -6012 -1312 -1592
6 0.000 -160 -8 204 4 3 -3 -5960 -1390 -1577
6 0.000 -161 -7 207 1 0 2 -5942 -1385 -1562
5 0.000 -160 -8 206 3 3 1 -5985 -1360 -1520
5 0.000 -160 -5 205 2 0 0 -5990 -1355 -1592
5 0.000 -159 -7 203 2 -1 6 -6007 -1347 -1582
6 0.000 -160 -6 203 2 0 3 -5955 -1317 -1562
6 0.000 -161 -5 207 0 2 2 -6000 -1360 -1542
5 0.000 -162 -7 203 2 -1 1 -6012 -1317 -1537
5 0.000 -159 -6 206 2 -2 -1 -6017 -1312 -1582
7 0.000 -158 -6 206 3 -2 3 -6012 -1300 -1600
6 0.000 -159 -8 207 4 2 -1 -6007 -1295 -1600
5 0.000 -160 -7 207 1 -2 3 -5990 -1290 -1610
5 0.000 -161 -5 208 1 -7 5 -5937 -1337 -1582
5 0.000 -159 -7 205 -4 1 0 -5975 -1300 -1577
7 0.000 -160 -5 204 -3 5 -1 -5995 -1295 -1542
6 0.000 -160 -6 205 1 -5 0 -5990 -1347 -1587
5 0.000 -160 -6 206 -2 -2 -3 -6000 -1355 -1567
5 0.000 -160 -5 209 1 1 -1 -6017 -1332 -1592
5 0.000 -158 -6 205 -4 7 6 -5980 -1347 -1567
6 0.000 -159 -6 204 -4 0 -3 -6017 -1370 -1582
6 0.000 -160 -5 206 0 5 -2 -5980 -1327 -1610
6 0.000 -160 -5 204 3 1 6 -5955 -1347 -1547
5 0.000 -159 -5 204 -1 1 0 -5955 -1337 -1515
5 0.000 -159 -6 206 -1 2 1 -5965 -1332 -1525
6 0.000 -159 -7 206 2 -3 1 -6017 -1275 -1537
6 0.000 -159 -8 205 1 1 -2 -6007 -1355 -1537
6 0.000 -158 -6 204 0 3 3 -6022 -1322 -1520
5 0.000 -160 -7 208 -2 0 3 -5985 -1355 -1562
5 0.000 -158 -6 209 2 5 0 -6007 -1327 -1552
7 0.000 -161 -5 206 0 0 0 -5995 -1337 -1567
6 0.000 -159 -5 206 1 6 -2 -5980 -1355 -1567
5 0.000 -159 -6 206 -1 1 2 -5995 -1355 -1605
5 0.000 -161 -6 206 -1 7 2 -5980 -1380 -1620
5 0.000 -159 -4 205 -2 5 5 -5995 -1327 -1615
7 0.000 -159 -6 205 3 -1 0 -5980 -1347 -1577
6 0.000 -162 -7 207 1 -1 0 -5980 -1322 -1552
5 0.000 -161 -6 206 4 -3 5 -6017 -1365 -1587
5 0.000 -159 -7 202 0 1 2 -5980 -1342 -1572
5 0.000 -160 -5 207 -1 -1 2 -6000 -1317 -1567
6 0.000 -160 -6 206 1 -1 0 -5995 -1290 -1605
7 0.000 -161 -6 204 0 1 1 -5965 -1317 -1542
5 0.000 -160 -5 206 -1 -3 5 -6022 -1332 -1567
5 0.000 -159 -6 205 3 -4 3 -6012 -1337 -1592
5 0.000 -160 -6 205 3 -1 3 -6017 -1360 -1547
6 0.000 -161 -6 206 0 -3 3 -5995 -1347 -1537
6 0.000 -162 -5 206 0 -2 0 -6007 -1312 -1615
6 0.000 -160 -6 207 2 -2 2 -5955 -1355 -1592
5 0.000 -160 -7 208 -1 -1 1 -5937 -1337 -1600
5 0.000 -161 -7 205 0 -1 3 -5965 -1360 -1572
6 0.000 -160 -4 205 1 4 -1 -5942 -1365 -1510
6 0.000 -159 -5 206 1 5 0 -5990 -1300 -1552
6 0.000 -162 -7 206 -1 4 -1 -6007 -1355 -1542
5 0.000 -161 -6 203 4 0 -1 -5985 -1360 -1537
5 0.000 -160 -4 205 -3 4 2 -5960 -1322 -1572
6 0.000 -160 -7 205 0 0 -2 -5980 -1300 -1582
6 0.000 -160 -7 206 0 -1 0 -5985 -1290 -1577
6 0.000 -160 -6 208 1 2 0 -5912 -1312 -1547
5 0.000 -159 -5 207 2 3 0 -5917 -1365 -1615
5 0.000 -158 -6 206 0 -3 2 -5960 -1355 -1557
6 0.000 -160 -6 205 3 -1 -1 -6007 -1312 -1577
6 0.000 -161 -7 205 -1 2 1 -6027 -1317 -1572
6 0.000 -160 -7 206 4 1 7 -6012 -1322 -1587
5 0.000 -160 -5 208 -3 1 -1 -5970 -1327 -1610
5 0.000 -160 -6 207 4 1 3 -5942 -1322 -1567
5 0.000 -158 -8 205 -1 7 1 -5975 -1285 -1610
6 0.000 -158 -8 207 5 3 3 -5995 -1332 -1547
6 0.000 -159 -7 206 -2 1 0 -5965 -1312 -1552
5 0.000 -161 -5 204 -1 -1 1 -6007 -1355 -1640
5 0.000 -159 -6 206 -1 -1 2 -5965 -1342 -1587
5 0.000 -161 -5 203 1 3 0 -6000 -1317 -1605
6 0.000 -160 -7 207 1 -1 2 -5960 -1342 -1582
6 0.000 -158 -6 209 0 -3 1 -5980 -1365 -1582
5 0.000 -161 -6 202 3 1 -1 -5980 -1300 -1537
5 0.000 -160 -7 205 2 -1 0 -5985 -1327 -1572
6 0.000 -161 -7 207 0 2 0 -5985 -1347 -1542
7 0.000 -161 -6 205 0 4 1 -5995 -1375 -1537
5 0.000 -160 -6 205 1 0 0 -5960 -1305 -1557
5 0.000 -161 -4 204 2 0 4 -5985 -1317 -1567
6 0.000 -159 -6 207 -1 3 2 -5950 -1322 -1537
6 0.000 -161 -5 203 0 -1 3 -6000 -1337 -1525
7 0.000 -159 -4 204 3 0 4 -6032 -1390 -1577
5 0.000 -161 -6 204 1 0 1 -6012 -1370 -1582
5 0.000 -160 -6 207 4 5 -1 -6007 -1347 -1567
6 0.000 -161 -5 205 0 5 -2 -5950 -1305 -1582
6 0.000 -158 -7 204 2 4 -1 -5955 -1265 -1592
6 0.000 -161 -5 206 1 2 -2 -5990 -1295 -1605
5 0.000 -160 -6 204 3 2 2 -5970 -1327 -1587
5 0.000 -160 -6 203 1 5 1 -5990 -1360 -1537
6 0.000 -161 -4 203 -2 -2 -3 -5980 -1327 -1525
6 0.000 -161 -6 205 2 0 -2 -5990 -1312 -1572
5 0.000 -162 -6 206 0 -1 0 -5985 -1355 -1572
5 0.000 -160 -7 206 -1 -2 -2 -6000 -1355 -1537
5 0.000 -162 -6 208 0 -1 1 -5932 -1322 -1567
6 0.000 -160 -5 204 1 1 0 -5927 -1327 -1592
6 0.000 -159 -7 207 0 0 3 -5942 -1295 -1620
5 0.000 -159 -7 205 0 3 1 -5980 -1322 -1572
5 0.000 -160 -4 205 2 2 -3 -6017 -1305 -1592
6 0.000 -161 -5 206 2 2 5 -6012 -1327 -1600
6 0.000 -161 -4 207 5 1 -5 -6000 -1332 -1542
6 0.000 -160 -6 208 2 1 -1 -5965 -1290 -1587
5 0.000 -159 -5 203 0 2 -3 -6007 -1270 -1572
6 0.000 -161 -7 207 3 4 1 -5985 -1327 -1600
6 0.000 -161 -7 205 0 3 2 -6007 -1305 -1537
6 0.000 -159 -7 206 1 3 2 -5960 -1300 -1572
5 0.000 -159 -7 209 0 4 -1 -5980 -1375 -1582
5 0.000 -159 -9 207 -2 5 3 -5955 -1300 -1582
5 0.000 -160 -7 206 -1 1 1 -5955 -1360 -1610
6 0.000 -161 -5 205 -1 2 4 -6007 -1312 -1567
6 0.000 -160 -6 203 2 -3 2 -5950 -1365 -1552
5 0.000 -160 -7 207 -2 -5 3 -5990 -1332 -1562
5 0.000 -162 -6 205 0 1 0 -5985 -1290 -1567
7 0.000 -161 -5 203 0 1 5 -5980 -1317 -1567
6 0.000 -160 -4 207 0 -4 5 -5995 -1327 -1525
6 0.000 -159 -8 208 -2 -4 3 -6012 -1327 -1577
5 0.000 -160 -6 205 -1 1 2 -5960 -1380 -1557
5 0.000 -162 -7 205 0 2 2 -5985 -1327 -1572
7 0.000 -161 -6 204 4 2 1 -6000 -1332 -1577
6 0.000 -161 -4 205 2 1 -1 -6007 -1312 -1537
5 0.000 -160 -8 206 -1 0 -1 -5955 -1270 -1532
5 0.000 -161 -6 208 3 0 1 -5990 -1342 -1577
5 0.000 -161 -5 206 2 -1 -2 -5965 -1322 -1572
7 0.000 -160 -7 207 2 1 -1 -6000 -1305 -1582
6 0.000 -161 -7 207 -2 -1 1 -6000 -1332 -1557
6 0.000 -161 -4 204 3 1 1 -5970 -1317 -1557
5 0.000 -159 -7 207 -2 5 0 -5995 -1317 -1615
5 0.000 -160 -4 206 -1 3 1 -5995 -1322 -1577
7 0.000 -160 -6 205 1 4 0 -5980 -1375 -1532
6 0.000 -160 -5 207 3 4 -2 -6000 -1322 -1525
5 0.000 -159 -7 204 -1 0 2 -5990 -1322 -1592
5 0.000 -159 -8 206 1 1 -1 -6007 -1322 -1562
5 0.000 -161 -5 207 1 2 4 -6007 -1347 -1542
6 0.000 -161 -6 203 1 -1 4 -6012 -1327 -1557
7 0.000 -159 -4 205 2 0 1 -5995 -1327 -1582
5 0.000 -161 -5 206 1 2 1 -5980 -1322 -1532
5 0.000 -160 -7 206 3 -1 1 -5985 -1347 -1562
6 0.000 -160 -6 205 0 -5 -1 -5975 -1290 -1542
6 0.000 -162 -5 204 0 5 4 -6012 -1332 -1557
6 0.000 -160 -8 205 2 2 4 -6017 -1370 -1592
5 0.000 -160 -6 208 1 -4 1 -6007 -1312 -1557
5 0.000 -160 -7 204 0 -1 3 -6007 -1337 -1600
5 0.000 -160 -5 202 1 -9 2 -5942 -1355 -1605
7 0.000 -160 -6 207 5 -4 1 -5995 -1342 -1605
6 0.000 -159 -7 207 3 -3 2 -6012 -1332 -1557
5 0.000 -160 -5 207 1 -5 2 -5937 -1365 -1620
5 0.000 -161 -5 204 3 -1 -2 -5975 -1365 -1600
5 0.000 -161 -7 207 1 4 0 -6007 -1295 -1600
7 0.000 -161 -6 207 1 1 1 -5965 -1275 -1610
6 0.000 -161 -6 204 2 4 -3 -5955 -1270 -1577
5 0.000 -160 -5 203 -3 6 1 -5937 -1337 -1630
5 0.000 -160 -6 206 0 3 0 -5907 -1365 -1600
5 0.000 -159 -5 204 1 2 -1 -5970 -1327 -1615
7 0.000 -162 -4 208 1 1 0 -5990 -1322 -1557
6 0.000 -160 -6 205 -4 0 2 -5965 -1355 -1577
5 0.000 -161 -6 206 2 1 2 -5950 -1327 -1532
5 0.000 -161 -4 205 -2 1 2 -6000 -1337 -1587
6 0.000 -161 -6 202 -2 -1 1 -5970 -1265 -1557
6 0.000 -161 -8 210 2 0 -3 -6007 -1280 -1520
6 0.000 -160 -6 208 4 -2 -1 -5975 -1327 -1562
5 0.000 -162 -4 204 4 2 2 -5970 -1360 -1542
5 0.000 -161 -6 207 0 0 1 -5985 -1355 -1547
6 0.000 -160 -8 207 0 4 -2 -6017 -1332 -1577
6 0.000 -160 -6 208 1 3 -3 -6007 -1327 -1505
5 0.000 -161 -7 203 -1 1 0 -5965 -1312 -1557
5 0.000 -160 -7 207 -1 3 3 -5995 -1355 -1557
5 0.000 -160 -6 203 1 4 0 -5937 -1407 -1577
6 0.000 -160 -7 208 2 3 0 -5955 -1300 -1582
6 0.000 -160 -7 205 0 -1 1 -5975 -1337 -1562
6 0.000 -159 -6 204 -3 4 4 -5922 -1370 -1552
5 0.000 -163 -3 205 2 3 1 -5965 -1365 -1615
6 0.000 -160 -5 203 1 5 -1 -6000 -1355 -1572
6 0.000 -159 -7 207 5 4 0 -5990 -1395 -1542
5 0.000 -161 -6 207 1 -2 4 -6022 -1355 -1605
6 0.000 -159 -6 205 0 -1 1 -6012 -1295 -1572
5 0.000 -159 -6 206 -3 -3 1 -6007 -1322 -1520
6 0.000 -161 -4 202 0 -2 -2 -5965 -1312 -1525
6 0.000 -161 -8 206 2 -1 -2 -5995 -1332 -1592
5 0.000 -160 -6 205 1 -1 4 -6017 -1337 -1587
6 0.000 -159 -7 203 2 2 -1 -5985 -1347 -1572
5 0.000 -159 -7 207 1 -6 6 -6017 -1347 -1567
6 0.000 -157 -6 206 0 -4 0 -5970 -1360 -1537
6 0.000 -160 -6 204 0 -6 2 -5990 -1360 -1587
5 0.000 -161 -6 203 1 -4 -1 -6000 -1322 -1547
6 0.000 -162 -5 204 1 -8 -1 -5942 -1347 -1582
5 0.000 -162 -8 206 0 -1 0 -5970 -1327 -1587
5 0.000 -160 -6 205 2 -2 -4 -5995 -1312 -1592
6 0.000 -161 -5 206 4 0 0 -5960 -1370 -1582
6 0.000 -159 -7 207 -2 -2 0 -6022 -1305 -1537
5 0.000 -160 -7 207 1 4 0 -5985 -1305 -1587
5 0.000 -160 -4 206 1 6 1 -6007 -1295 -1577
6 0.000 -160 -6 204 -1 4 -1 -6000 -1327 -1615
6 0.000 -162 -6 208 1 5 1 -5985 -1370 -1562
5 0.000 -158 -6 206 1 3 1 -5970 -1365 -1587
