5 0.014 -3 1 260 -1 7 1 -6142 -1247 1547
5 -0.014 1 -1 258 -3 5 -1 -6105 -1295 1525
6 0.000 -1 0 258 1 5 -7 -6147 -1300 1520
5 0.000 2 1 256 -2 5 -5 -6152 -1342 1490
6 0.000 5 0 256 1 8 -8 -6125 -1337 1520
6 0.014 8 2 256 -2 3 -5 -6152 -1232 1532
5 0.000 6 0 256 0 9 0 -6105 -1300 1577
5 0.000 3 0 253 1 17 4 -6125 -1295 1582
6 0.000 5 1 257 -5 20 7 -6132 -1280 1520
5 0.000 3 3 257 -1 17 6 -6120 -1317 1525
6 0.014 3 1 257 -3 13 7 -6110 -1290 1552
6 0.000 2 2 257 2 14 5 -6132 -1270 1547
5 0.000 -1 0 255 -2 10 -6 -6090 -1195 1572
6 0.000 -1 -1 255 -2 13 -22 -6147 -1252 1537
7 0.014 -1 -2 256 -4 18 -31 -6142 -1285 1557
5 0.000 -2 1 257 -4 17 -39 -6075 -1210 1510
5 0.000 -2 3 254 -3 15 -44 -6147 -1242 1552
6 0.000 2 0 255 -5 19 -48 -6132 -1305 1515
6 0.000 2 0 258 -3 26 -51 -6132 -1290 1520
5 0.014 0 -1 257 -2 37 -54 -6177 -1280 1542
6 0.014 3 -1 258 -4 47 -49 -6152 -1312 1510
5 0.000 2 0 256 1 67 -47 -6152 -1285 1495
6 0.000 2 1 257 0 93 -46 -6142 -1252 1495
5 0.000 2 1 255 0 124 -45 -6152 -1270 1490
5 0.014 2 1 256 -9 155 -36 -6132 -1305 1542
6 0.000 2 1 258 1 177 -25 -6115 -1332 1520
5 0.000 -2 6 259 -7 178 -16 -6177 -1275 1490
5 0.000 8 -6 257 0 197 2 -6152 -1327 1490
6 0.000 1 0 251 -8 164 13 -6162 -1280 1447
6 0.014 -2 0 258 -3 119 29 -6205 -1280 1470
6 0.000 -2 -2 259 -11 67 40 -6172 -1327 1480
5 0.000 -3 1 260 1 48 42 -6152 -1322 1470
6 0.000 -7 2 251 -7 38 35 -6162 -1280 1475
6 0.014 -9 -1 257 -4 25 26 -6132 -1252 1500
5 0.014 -8 -1 258 -4 51 9 -6167 -1275 1452
5 0.000 -8 0 256 -3 97 -11 -6115 -1270 1505
6 0.000 -9 1 254 -2 166 -40 -6125 -1300 1465
6 -0.014 -9 -2 254 -5 302 -76 -6157 -1280 1457
5 0.000 -8 -1 255 -3 364 -96 -6205 -1300 1412
5 0.000 -10 -2 257 -15 432 -124 -6205 -1295 1442
6 -0.014 -8 -1 257 -10 496 -127 -6245 -1332 1397
5 -0.014 -6 -2 257 -2 568 -133 -6220 -1327 1345
5 -0.014 -6 0 253 -6 608 -116 -6190 -1265 1375
5 -0.014 -4 -2 258 -7 639 -91 -6205 -1327 1407
5 -0.014 -4 -2 255 -8 654 -70 -6262 -1327 1260
6 -0.014 -4 -1 253 -15 679 -43 -6210 -1342 1297
6 -0.014 -7 -1 256 -10 705 -27 -6257 -1327 1335
6 -0.028 -13 0 256 -15 750 0 -6302 -1342 1182
6 -0.014 -15 0 256 -22 771 4 -6320 -1327 1172
5 -0.014 -18 -1 254 -15 801 1 -6320 -1317 1142
6 -0.014 -25 -1 254 -19 816 -5 -6335 -1375 1125
5 -0.028 -26 0 254 -20 825 -26 -6335 -1347 1115
5 0.000 -32 -1 252 -14 827 -44 -6355 -1365 1042
5 -0.028 -35 -1 254 -14 818 -66 -6377 -1365 1017
5 -0.014 -37 -2 257 -9 796 -92 -6372 -1327 997
5 -0.014 -41 -3 254 -3 762 -108 -6392 -1317 927
5 -0.014 -42 -2 254 0 718 -110 -6417 -1347 897
6 -0.028 -47 -2 255 1 669 -107 -6422 -1347 855
6 -0.014 -47 0 255 0 600 -87 -6427 -1360 882
6 0.000 -45 0 252 -7 576 -59 -6440 -1370 792
7 -0.028 -42 -1 252 -9 572 -16 -6475 -1355 752
5 0.000 -43 2 251 -14 573 19 -6445 -1417 737
5 0.000 -46 1 251 -19 565 42 -6470 -1370 725
5 -0.014 -49 0 256 -27 546 55 -6460 -1365 725
6 0.000 -51 -4 256 -27 551 55 -6517 -1375 720
6 -0.028 -54 -4 252 -23 553 40 -6507 -1385 685
7 0.000 -54 -3 250 -21 573 19 -6465 -1407 665
5 0.000 -53 -1 248 -19 600 -5 -6497 -1385 627
5 -0.014 -50 -3 250 -15 635 -20 -6480 -1385 622
5 -0.014 -47 -4 249 -11 703 -44 -6532 -1417 560
5 0.000 -47 -2 250 -6 757 -62 -6537 -1417 550
5 -0.028 -51 -3 246 -9 820 -67 -6502 -1407 487
6 0.000 -52 -2 249 -6 866 -76 -6527 -1407 467
6 0.000 -57 -1 250 -9 922 -86 -6490 -1395 420
6 -0.028 -64 -2 249 -7 966 -92 -6575 -1360 382
6 -0.014 -67 -2 247 -10 1020 -94 -6575 -1395 332
6 0.000 -75 -2 239 3 1051 -84 -6600 -1395 290
5 -0.028 -78 0 243 -15 1073 -78 -6570 -1465 170
5 -0.014 -81 -4 243 -10 1085 -54 -6575 -1370 195
5 -0.014 -81 -2 241 -21 1097 -38 -6590 -1375 107
5 -0.028 -84 -1 242 -31 1108 -11 -6642 -1422 72
6 -0.028 -88 -4 243 -38 1115 -2 -6622 -1407 -25
5 0.000 -91 -2 241 -38 1127 8 -6590 -1395 -5
5 -0.028 -94 -5 237 -43 1140 7 -6575 -1385 -45
6 -0.014 -97 -6 239 -40 1147 7 -6610 -1422 -135
6 -0.028 -103 -4 235 -38 1140 0 -6622 -1427 -165
7 -0.014 -111 -4 232 -33 1112 -11 -6595 -1465 -237
6 -0.014 -113 -4 235 -28 1080 -19 -6632 -1460 -315
5 -0.028 -115 -3 234 -24 1041 -24 -6595 -1442 -310
5 -0.028 -112 -5 234 -21 1016 -27 -6600 -1355 -410
5 0.000 -114 -4 232 -25 1002 -34 -6652 -1355 -477
6 -0.057 -117 -7 229 -17 1021 -36 -6637 -1385 -545
6 -0.028 -119 -3 229 -20 1025 -34 -6637 -1375 -555
6 0.000 -125 -4 230 -21 1018 -33 -6647 -1385 -627
6 -0.028 -129 -4 226 -23 996 -28 -6605 -1355 -705
7 -0.014 -130 -4 227 -22 977 -28 -6622 -1390 -767
6 -0.014 -132 -5 227 -26 963 -21 -6627 -1395 -762
6 -0.028 -132 -3 224 -29 960 -22 -6610 -1385 -782
6 0.000 -133 -5 222 -26 964 -21 -6590 -1390 -835
6 -0.028 -141 -6 218 -21 959 -24 -6585 -1390 -902
7 0.000 -145 -6 221 -18 930 -27 -6555 -1342 -950
6 -0.028 -152 -3 219 -19 858 -32 -6522 -1332 -1017
6 -0.014 -156 -4 217 -9 784 -30 -6575 -1385 -1042
6 -0.014 -157 -5 217 -11 711 -28 -6547 -1412 -1100
6 0.000 -155 -3 213 -11 663 -23 -6575 -1450 -1132
7 -0.014 -153 -5 213 -18 640 -20 -6575 -1407 -1182
6 -0.014 -151 -5 213 -19 642 -17 -6532 -1370 -1167
6 -0.014 -152 -5 211 -18 639 -9 -6517 -1407 -1182
6 -0.014 -153 -4 210 -25 624 -5 -6497 -1375 -1230
6 0.000 -154 -6 212 -22 613 -5 -6532 -1385 -1235
7 -0.014 -152 -3 210 -29 611 3 -6512 -1375 -1282
6 -0.014 -153 -4 207 -39 625 16 -6532 -1355 -1302
6 -0.014 -153 -4 209 -42 635 16 -6507 -1412 -1355
6 0.000 -156 -5 207 31 -48 19 -6490 -1337 -1345
6 0.000 29 -80 175 14 -36 9 -6440 -1317 -1385
7 0.000 -277 7 254 -50 -182 84 -6445 -1322 -1422
6 0.014 -192 5 191 -126 -18 94 -6475 -1365 -1365
5 0.000 -184 16 272 -101 113 72 -6532 -1380 -1390
6 0.014 -156 -13 204 -43 48 61 -6502 -1332 -1330
5 0.000 -164 -8 186 -25 -27 43 -6502 -1355 -1397
6 0.000 -176 -7 196 -16 -35 28 -6502 -1380 -1317
5 0.000 -168 -4 204 -11 -2 18 -6480 -1337 -1345
5 0.000 -164 -6 209 -4 17 4 -6497 -1355 -1390
5 0.000 -159 -10 202 0 -5 8 -6450 -1355 -1370
6 0.000 -159 -11 203 -1 -15 7 -6470 -1342 -1375
7 0.000 -161 -6 208 -7 -6 10 -6445 -1360 -1385
6 0.000 -157 -7 212 -4 4 9 -6470 -1322 -1365
6 0.000 -160 -4 208 -6 2 7 -6460 -1347 -1370
5 0.000 -161 -6 205 -4 -2 4 -6490 -1317 -1407
5 0.000 -162 -8 204 -3 -6 5 -6480 -1295 -1417
6 0.000 -160 -5 206 -2 4 4 -6475 -1322 -1432
6 0.000 -161 -3 204 -2 4 5 -6475 -1337 -1402
6 0.000 -159 -7 207 1 -2 4 -6435 -1342 -1397
5 0.000 -162 -5 202 0 -5 4 -6470 -1380 -1385
5 -0.014 -160 -5 204 -2 0 5 -6512 -1355 -1385
6 0.000 -160 -5 208 -4 -1 3 -6450 -1290 -1330
6 0.000 -160 -4 206 -5 -4 4 -6480 -1295 -1380
6 0.000 -160 -6 208 -2 -1 7 -6460 -1327 -1402
5 0.000 -163 -6 205 -5 -2 3 -6455 -1355 -1402
5 0.000 -159 -5 205 -4 2 7 -6445 -1312 -1397
5 0.000 -161 -5 205 -5 3 8 -6480 -1300 -1365
7 0.000 -160 -5 203 -3 4 9 -6512 -1322 -1380
6 0.000 -161 -6 206 -4 2 11 -6485 -1312 -1370
6 0.000 -160 -7 208 -6 -1 10 -6502 -1365 -1402
5 0.000 -161 -5 207 -3 -4 7 -6445 -1347 -1375
5 0.000 -160 -7 206 -2 2 3 -6485 -1347 -1385
5 0.000 -159 -6 209 -6 -1 -1 -6435 -1332 -1385
6 0.000 -159 -7 205 1 2 7 -6460 -1295 -1365
6 0.000 -157 -4 206 1 1 3 -6490 -1342 -1380
5 0.000 -159 -6 209 1 -1 1 -6455 -1317 -1412
5 0.000 -158 -6 206 4 -1 1 -6490 -1337 -1390
6 0.000 -162 -5 205 -1 2 -1 -6502 -1337 -1375
6 0.000 -160 -5 205 1 0 2 -6480 -1370 -1390
6 0.000 -159 -5 207 -2 2 4 -6470 -1327 -1375
5 0.000 -159 -6 209 -3 5 4 -6435 -1332 -1345
5 0.000 -162 -5 205 0 0 1 -6475 -1337 -1380
7 0.000 -163 -7 207 -2 0 2 -6517 -1365 -1360
6 0.000 -160 -5 204 -2 3 -1 -6555 -1312 -1422
6 0.000 -162 -6 207 -2 0 3 -6547 -1332 -1340
5 0.000 -161 -6 206 1 0 -1 -6460 -1355 -1345
5 0.000 -160 -6 206 3 2 -4 -6490 -1275 -1385
7 0.000 -160 -6 205 1 1 -2 -6470 -1332 -1360
6 0.000 -159 -5 205 3 3 0 -6507 -1305 -1385
6 0.000 -163 -4 206 3 3 -4 -6497 -1290 -1407
5 0.000 -161 -6 204 2 3 -3 -6485 -1305 -1380
5 0.000 -160 -7 205 1 0 0 -6527 -1355 -1465
6 0.000 -162 -5 203 1 2 -4 -6485 -1355 -1427
6 0.000 -160 -5 207 4 3 0 -6527 -1365 -1452
5 0.000 -160 -6 205 -1 6 4 -6470 -1365 -1390
5 0.000 -159 -6 206 2 0 2 -6497 -1337 -1427
6 0.000 -159 -7 208 0 0 1 -6517 -1317 -1397
6 0.000 -163 -5 206 1 -2 1 -6455 -1355 -1330
6 0.000 -160 -4 203 1 -1 -3 -6507 -1322 -1312
5 0.000 -161 -6 205 6 -1 -2 -6485 -1305 -1330
5 0.000 -161 -5 202 2 -1 1 -6527 -1355 -1407
5 0.000 -161 -6 206 2 6 -2 -6445 -1327 -1412
6 0.000 -161 -9 209 -2 5 -4 -6480 -1332 -1385
7 0.000 -161 -5 207 3 0 2 -6460 -1322 -1365
6 0.000 -161 -6 207 3 3 0 -6490 -1355 -1417
5 0.000 -161 -6 201 -2 -4 3 -6490 -1295 -1345
5 0.000 -161 -6 207 -2 0 2 -6450 -1327 -1412
5 0.000 -160 -5 204 2 1 -2 -6455 -1342 -1380
6 0.000 -160 -5 204 -2 0 5 -6502 -1322 -1335
6 0.000 -161 -5 205 0 -2 -1 -6485 -1317 -1380
5 0.000 -161 -4 207 -2 -1 -1 -6497 -1317 -1385
5 0.000 -161 -4 210 0 0 0 -6512 -1337 -1390
6 0.000 -162 -6 204 -1 -4 -2 -6460 -1360 -1417
6 0.000 -161 -4 206 2 -5 2 -6502 -1332 -1397
6 0.000 -162 -7 205 2 -5 4 -6470 -1337 -1340
6 0.000 -161 -7 208 -1 3 1 -6485 -1380 -1350
5 0.000 -157 -7 207 3 2 4 -6507 -1355 -1370
6 0.000 -161 -5 208 -4 -5 -3 -6507 -1305 -1402
5 0.000 -161 -6 202 -1 1 4 -6522 -1312 -1402
6 0.000 -159 -6 207 0 4 -1 -6512 -1327 -1335
6 0.000 -160 -5 206 3 1 -2 -6455 -1332 -1365
5 0.000 -160 -6 202 0 5 4 -6460 -1327 -1365
6 0.000 -161 -6 209 1 2 -1 -6450 -1365 -1355
6 0.000 -162 -6 207 -3 0 3 -6485 -1317 -1402
6 0.000 -160 -6 206 1 1 1 -6522 -1290 -1397
5 0.000 -160 -4 204 0 4 7 -6522 -1342 -1380
5 0.000 -162 -6 205 0 0 1 -6480 -1317 -1422
6 0.000 -161 -3 205 -1 0 2 -6485 -1380 -1330
6 0.000 -158 -6 205 -2 -2 -2 -6485 -1285 -1360
6 0.000 -160 -6 206 3 -1 0 -6497 -1347 -1385
5 0.000 -161 -5 206 1 0 -3 -6470 -1347 -1375
5 0.000 -159 -6 206 -1 -2 -4 -6465 -1370 -1317
5 0.000 -161 -6 206 2 2 -2 -6485 -1327 -1375
6 0.000 -158 -6 203 1 -1 1 -6490 -1332 -1422
6 0.000 -160 -5 207 5 0 4 -6507 -1347 -1380
5 0.000 -160 -5 205 0 2 1 -6490 -1347 -1345
5 0.000 -161 -5 204 -2 -2 1 -6497 -1347 -1412
5 0.000 -161 -4 208 2 3 0 -6440 -1347 -1390
6 0.000 -160 -5 206 2 -1 1 -6490 -1385 -1375
6 0.000 -160 -6 206 3 0 2 -6497 -1300 -1412
5 0.000 -162 -2 205 2 1 -1 -6497 -1380 -1380
5 0.000 -160 -5 206 -2 -3 1 -6497 -1290 -1402
5 0.000 -160 -6 205 2 0 2 -6480 -1312 -1422
7 0.000 -160 -4 207 -2 3 2 -6465 -1285 -1380
6 0.000 -160 -8 206 -3 4 -1 -6455 -1365 -1407
5 0.000 -161 -5 204 -3 1 -1 -6460 -1360 -1370
5 0.000 -162 -5 206 1 -2 -1 -6440 -1347 -1350
5 0.000 -158 -6 209 5 -4 -5 -6440 -1322 -1375
7 0.000 -160 -6 206 1 -2 -3 -6470 -1355 -1375
6 0.000 -160 -6 205 3 3 -2 -6465 -1322 -1402
5 0.000 -159 -5 207 1 3 -3 -6465 -1355 -1432
5 0.000 -163 -7 203 0 1 2 -6497 -1355 -1355
5 0.000 -160 -5 206 -2 0 4 -6507 -1332 -1390
7 0.000 -160 -6 204 4 4 -1 -6527 -1342 -1380
6 0.000 -162 -6 204 2 0 -2 -6502 -1390 -1330
5 0.000 -161 -4 209 3 0 0 -6517 -1332 -1360
5 0.000 -160 -7 207 0 1 2 -6470 -1342 -1385
6 0.000 -160 -6 209 0 2 2 -6490 -1322 -1385
6 0.000 -159 -4 206 -6 0 3 -6480 -1332 -1385
6 0.000 -161 -4 203 -2 -3 0 -6490 -1337 -1317
5 0.000 -160 -4 205 -3 2 -1 -6490 -1355 -1350
5 0.000 -160 -6 205 1 -1 -4 -6517 -1342 -1375
5 0.000 -161 -4 204 1 -6 -5 -6547 -1375 -1380
6 0.000 -160 -6 209 2 -6 -3 -6507 -1342 -1397
6 0.000 -159 -5 206 2 -1 -4 -6522 -1360 -1350
6 0.000 -160 -4 204 -1 -2 0 -6485 -1360 -1412
5 0.000 -160 -5 207 0 2 -2 -6507 -1322 -1335
5 0.000 -159 -6 205 0 -3 1 -6537 -1322 -1385
6 0.000 -159 -6 206 1 4 3 -6455 -1317 -1385
7 0.000 -161 -7 206 -1 5 2 -6470 -1290 -1402
5 0.000 -161 -6 205 4 0 -1 -6422 -1300 -1437
5 0.000 -160 -5 207 0 -1 2 -6502 -1355 -1422
5 0.000 -159 -6 205 1 2 -1 -6440 -1390 -1427
6 0.000 -161 -5 205 2 4 -1 -6460 -1355 -1370
7 0.000 -161 -5 203 0 -1 1 -6455 -1355 -1385
5 0.000 -162 -4 206 -1 1 0 -6480 -1390 -1365
5 0.000 -161 -5 204 0 -1 5 -6497 -1365 -1375
5 0.000 -161 -4 208 2 -3 0 -6475 -1327 -1447
6 0.000 -160 -5 207 3 -4 -4 -6485 -1390 -1335
7 0.000 -160 -6 205 6 1 -3 -6485 -1347 -1355
5 0.000 -161 -4 206 2 3 -3 -6470 -1385 -1350
5 0.000 -161 -7 205 1 -1 -3 -6427 -1370 -1355
5 0.000 -161 -5 208 0 2 2 -6445 -1370 -1365
6 0.000 -161 -5 207 1 -1 -3 -6470 -1337 -1407
7 0.000 -161 -7 205 -2 3 -3 -6485 -1332 -1422
6 0.000 -161 -5 206 0 3 -3 -6497 -1327 -1355
5 0.000 -158 -6 205 2 4 -3 -6470 -1375 -1412
5 0.000 -161 -5 202 1 0 -1 -6517 -1407 -1397
6 0.000 -161 -5 207 1 3 0 -6475 -1365 -1390
6 0.000 -159 -7 205 1 0 1 -6497 -1355 -1432
5 0.000 -160 -4 204 1 0 -4 -6445 -1327 -1407
5 0.000 -161 -6 207 -1 1 -2 -6485 -1332 -1345
5 0.000 -161 -5 207 -1 -1 1 -6480 -1347 -1402
6 0.000 -160 -4 204 0 0 2 -6465 -1327 -1360
6 0.000 -161 -5 208 1 -2 1 -6502 -1355 -1375
6 0.000 -161 -6 204 -1 -1 5 -6440 -1265 -1355
5 0.000 -160 -5 205 3 4 6 -6512 -1305 -1380
5 0.000 -161 -5 206 0 1 1 -6480 -1327 -1385
5 0.000 -160 -5 207 -2 -1 1 -6485 -1317 -1385
6 0.000 -161 -5 207 1 1 -1 -6490 -1317 -1365
6 0.000 -163 -4 206 -1 1 2 -6475 -1375 -1375
5 0.000 -160 -5 206 3 -1 1 -6455 -1395 -1375
5 0.000 -161 -4 204 0 0 2 -6465 -1402 -1380
5 0.000 -160 -6 205 2 3 0 -6507 -1337 -1380
7 0.000 -160 -5 206 -3 4 1 -6517 -1332 -1335
6 0.000 -160 -6 206 1 0 -3 -6485 -1337 -1397
5 0.000 -159 -5 206 0 1 0 -6485 -1332 -1355
5 0.000 -161 -4 204 0 3 3 -6497 -1332 -1350
6 0.000 -161 -6 207 1 3 2 -6547 -1300 -1335
7 0.000 -161 -6 205 0 0 0 -6527 -1402 -1390
5 0.000 -160 -5 206 3 -2 2 -6490 -1385 -1385
5 0.000 -161 -6 204 -4 1 2 -6445 -1355 -1432
5 0.000 -161 -5 206 1 3 -3 -6502 -1327 -1385
6 0.000 -160 -6 206 1 -2 -2 -6455 -1295 -1365
7 0.000 -161 -5 205 -3 -1 2 -6450 -1342 -1375
5 0.000 -160 -5 203 -1 -2 -2 -6475 -1332 -1422
5 0.000 -158 -5 207 4 -1 0 -6460 -1312 -1385
5 0.000 -160 -6 208 1 1 -2 -6485 -1342 -1412
6 0.000 -159 -7 208 3 0 2 -6497 -1380 -1365
7 0.000 -159 -5 206 2 0 1 -6532 -1355 -1380
5 0.000 -160 -6 208 5 1 2 -6450 -1355 -1287
5 0.000 -161 -5 205 -1 -3 -3 -6502 -1375 -1355
5 0.000 -161 -3 206 1 2 -4 -6512 -1390 -1375
6 0.000 -160 -6 204 2 1 -1 -6485 -1370 -1345
6 0.000 -160 -6 209 -1 4 0 -6507 -1342 -1355
5 0.000 -159 -5 205 -2 2 5 -6512 -1337 -1312
5 0.000 -162 -6 204 0 -3 -1 -6490 -1347 -1350
5 0.000 -161 -7 208 -2 -3 -4 -6490 -1347 -1412
6 0.000 -158 -5 207 2 3 -1 -6450 -1295 -1355
6 0.000 -162 -4 202 3 -2 -1 -6485 -1365 -1370
6 0.000 -160 -5 204 0 0 0 -6497 -1322 -1385
5 0.000 -161 -8 207 -2 6 5 -6502 -1290 -1390
5 0.000 -160 -6 203 4 2 0 -6517 -1337 -1407
6 0.000 -160 -7 205 -2 -1 0 -6485 -1347 -1380
6 0.000 -162 -4 205 0 1 2 -6527 -1332 -1365
6 0.000 -160 -4 205 2 2 3 -6512 -1337 -1375
5 0.000 -160 -6 205 -1 0 -1 -6507 -1327 -1380
5 0.000 -162 -6 204 -2 -5 -2 -6502 -1365 -1370
6 0.000 -161 -4 206 -1 -3 2 -6450 -1327 -1375
6 0.000 -162 -6 203 7 3 3 -6490 -1337 -1380
6 0.000 -161 -7 205 -1 6 -2 -6480 -1360 -1385
5 0.000 -160 -5 205 -1 2 0 -6497 -1332 -1330
5 0.000 -160 -5 204 2 1 2 -6502 -1342 -1385
6 0.000 -161 -4 207 0 -4 2 -6470 -1355 -1380
6 0.000 -162 -5 206 0 2 2 -6502 -1355 -1407
6 0.000 -160 -4 206 2 6 -1 -6502 -1355 -1397
5 0.000 -161 -9 208 3 1 3 -6470 -1305 -1380
6 0.000 -162 -3 205 4 0 -4 -6542 -1305 -1427
6 0.000 -163 -4 204 1 2 -2 -6485 -1280 -1380
6 0.000 -160 -6 206 2 -1 2 -6460 -1355 -1380
5 0.000 -160 -6 206 -1 1 0 -6490 -1332 -1442
5 0.000 -161 -5 208 0 1 0 -6497 -1342 -1375
6 0.000 -159 -5 204 0 3 5 -6490 -1365 -1360
6 0.000 -162 -5 205 -1 1 0 -6475 -1365 -1350
5 0.000 -159 -6 204 2 1 0 -6490 -1312 -1397
5 0.000 -160 -5 206 0 1 -2 -6465 -1300 -1355
5 0.000 -161 -5 206 0 -1 0 -6502 -1317 -1385
6 0.000 -159 -6 206 -2 1 -1 -6480 -1380 -1432
6 0.000 -162 -5 205 0 0 0 -6480 -1347 -1417
5 0.000 -159 -5 207 3 -2 1 -6470 -1370 -1427
5 0.000 -159 -6 207 -3 4 2 -6497 -1347 -1370
7 0.000 -160 -7 203 0 6 -1 -6542 -1327 -1390
6 0.000 -158 -7 207 1 0 0 -6512 -1342 -1412
6 0.000 -161 -5 205 2 1 1 -6470 -1407 -1385
5 0.000 -159 -4 202 -1 0 -1 -6475 -1375 -1322
5 0.000 -159 -6 205 1 1 -1 -6502 -1370 -1340
7 0.000 -161 -8 205 0 4 2 -6480 -1370 -1412
6 0.000 -160 -4 208 -1 3 3 -6455 -1347 -1360
5 0.000 -161 -5 206 0 1 3 -6450 -1322 -1345
5 0.000 -160 -4 208 -1 3 1 -6497 -1342 -1397
5 0.000 -159 -7 204 -1 3 -1 -6475 -1355 -1402
7 0.000 -160 -4 203 2 1 1 -6507 -1365 -1397
6 0.000 -161 -4 204 4 -1 4 -6507 -1347 -1402
5 0.000 -162 -3 206 0 2 0 -6455 -1317 -1350
5 0.000 -158 -5 207 -4 -1 2 -6502 -1337 -1380
6 0.000 -161 -5 205 -4 4 -1 -6440 -1317 -1380
7 0.000 -161 -5 205 -3 2 2 -6485 -1365 -1380
6 0.000 -161 -6 208 1 0 1 -6512 -1355 -1407
5 0.000 -160 -6 207 -1 4 4 -6485 -1355 -1365
5 0.000 -160 -5 205 -1 -4 3 -6485 -1380 -1390
6 0.000 -159 -7 206 0 -2 0 -6450 -1355 -1447
6 0.000 -160 -6 203 0 -3 2 -6485 -1337 -1390
6 0.000 -160 -6 206 2 -3 0 -6450 -1337 -1380
5 0.000 -161 -5 207 2 3 3 -6475 -1360 -1397
5 0.000 -160 -7 207 -1 5 1 -6497 -1327 -1370
6 0.000 -160 -6 204 2 -3 2 -6470 -1375 -1390
6 0.000 -163 -5 205 -4 1 0 -6490 -1322 -1417
6 0.000 -163 -5 207 4 0 -1 -6490 -1337 -1375
5 0.000 -162 -5 207 3 1 2 -6517 -1312 -1427
5 0.000 -160 -4 207 -2 1 6 -6497 -1312 -1335
5 0.000 -161 -5 206 -3 4 0 -6527 -1305 -1350
6 0.000 -158 -7 205 -3 1 4 -6507 -1332 -1375
6 0.000 -162 -5 204 -1 1 5 -6502 -1332 -1380
5 0.000 -161 -5 204 -2 5 1 -6480 -1355 -1407
5 0.000 -160 -5 204 -1 -1 1 -6460 -1390 -1360
5 0.000 -161 -4 203 -1 1 -4 -6470 -1355 -1390
6 0.000 -161 -5 205 -2 0 2 -6512 -1365 -1345
6 0.000 -158 -6 206 -2 4 -1 -6507 -1360 -1397
6 0.000 -160 -5 202 0 1 4 -6512 -1370 -1375
5 0.000 -162 -4 204 -1 2 2 -6485 -1347 -1385
