6 0.028 0 1 256 1 6 20 -6132 -1460 1520
5 0.000 -2 -1 256 -2 13 20 -6080 -1492 1562
6 0.000 -4 0 260 -4 7 16 -6115 -1395 1552
6 0.000 -2 -2 258 0 7 11 -6132 -1470 1600
6 0.000 -2 -2 252 -1 6 1 -6152 -1442 1532
5 0.000 -1 -2 252 -4 12 -5 -6137 -1475 1572
6 0.000 -3 -1 254 -5 3 -6 -6142 -1450 1547
5 0.000 -1 -2 254 -2 4 -9 -6182 -1455 1490
5 0.000 1 2 254 1 15 -2 -6132 -1480 1515
6 0.000 2 0 253 -2 29 1 -6137 -1412 1525
6 0.000 3 -2 254 -4 39 11 -6162 -1460 1505
5 0.000 1 -3 256 2 34 14 -6147 -1455 1547
6 0.000 5 -2 257 -5 24 19 -6105 -1407 1520
6 -0.014 9 0 254 -4 73 15 -6110 -1465 1542
5 0.000 13 1 254 -3 133 10 -6137 -1465 1557
5 0.000 15 -2 253 -4 199 2 -6105 -1412 1480
6 0.000 16 -2 252 -3 274 -2 -6190 -1450 1470
6 0.000 11 2 257 -2 341 -10 -6152 -1437 1505
5 0.000 5 2 256 -12 422 -9 -6120 -1465 1465
5 0.000 2 -12 253 -5 454 9 -6200 -1465 1457
7 0.000 6 -3 253 -8 526 21 -6177 -1417 1422
6 -0.014 6 -2 253 2 585 32 -6195 -1465 1375
5 -0.014 4 -6 251 -25 610 23 -6195 -1437 1402
5 0.000 -3 0 250 -17 685 15 -6225 -1412 1407
6 -0.014 0 -3 253 -13 767 -17 -6225 -1402 1355
6 -0.014 -6 -2 257 -17 799 -34 -6245 -1442 1330
6 -0.014 -9 -2 257 -13 834 -52 -6267 -1450 1277
6 0.000 -12 -2 256 -16 851 -68 -6272 -1475 1240
6 -0.028 -14 1 251 -17 850 -73 -6315 -1465 1215
6 0.000 -20 -3 256 -13 833 -71 -6372 -1480 1192
6 -0.014 -29 -3 257 -14 803 -64 -6355 -1475 1177
5 0.000 -30 -4 253 -16 769 -54 -6302 -1485 1110
5 -0.028 -30 -1 255 -16 743 -36 -6330 -1492 1090
5 0.000 -30 -2 254 -18 733 -20 -6365 -1475 1027
5 0.000 -26 -3 256 -23 740 -5 -6355 -1442 1007
5 -0.028 -26 -3 255 -22 776 11 -6320 -1497 965
6 0.000 -27 0 255 -19 804 16 -6392 -1465 917
6 -0.014 -31 -2 251 -25 834 13 -6392 -1502 902
6 0.000 -35 0 250 -22 861 4 -6445 -1502 835
5 0.000 -36 -2 250 -22 883 0 -6407 -1527 840
6 -0.028 -43 -2 251 -22 915 -5 -6455 -1465 800
5 0.000 -44 -1 249 -20 933 -17 -6480 -1470 715
5 0.000 -50 -2 250 -20 943 -23 -6480 -1475 747
6 -0.028 -55 -1 251 -22 952 -32 -6455 -1460 657
6 0.000 -56 -1 249 -19 949 -41 -6497 -1460 617
7 0.000 -60 -5 248 -18 952 -45 -6480 -1480 612
5 -0.028 -64 -3 249 -20 951 -45 -6560 -1460 492
5 0.000 -59 -2 249 -20 964 -35 -6547 -1502 450
5 -0.028 -60 1 247 -23 978 -29 -6565 -1492 415
5 0.000 -62 0 245 -25 978 -20 -6585 -1485 392
7 0.000 -69 -6 247 -22 956 -19 -6555 -1512 392
6 -0.028 -71 -5 247 -23 941 -8 -6570 -1485 320
6 0.000 -77 -3 246 -27 940 -5 -6570 -1480 337
6 0.000 -80 1 246 -27 943 -6 -6570 -1517 257
5 -0.014 -81 -3 242 -25 941 -7 -6590 -1522 180
6 0.000 -85 -6 245 -28 933 -16 -6622 -1460 160
5 -0.014 -86 -4 239 -20 903 -19 -6622 -1497 107
5 -0.014 -94 -3 243 -16 863 -30 -6622 -1485 30
6 0.000 -97 -3 239 -17 833 -28 -6627 -1522 0
6 -0.014 -98 -2 238 -15 812 -27 -6642 -1465 10
7 -0.014 -97 -5 239 -17 798 -27 -6617 -1492 -92
6 0.000 -99 -4 237 -19 793 -26 -6580 -1527 -112
5 0.000 -100 -6 239 -19 790 -31 -6610 -1550 -117
5 -0.014 -104 -4 235 -14 799 -30 -6647 -1485 -150
5 -0.014 -104 -4 234 -16 800 -28 -6642 -1475 -275
5 0.000 -111 -4 234 -18 789 -24 -6590 -1470 -237
5 -0.014 -112 -4 233 -20 766 -23 -6647 -1517 -252
5 -0.014 -113 -4 233 -18 740 -21 -6642 -1475 -252
5 0.000 -114 -2 234 -21 732 -23 -6652 -1497 -325
5 -0.028 -113 -4 230 -17 740 -20 -6610 -1502 -367
6 0.000 -116 -7 231 -16 759 -28 -6627 -1480 -435
5 0.000 -119 -6 227 -13 777 -34 -6632 -1527 -467
5 -0.028 -121 -5 228 -13 801 -34 -6657 -1492 -472
5 -0.014 -121 -4 228 -15 810 -33 -6622 -1527 -527
5 -0.014 -125 -3 228 -17 810 -24 -6632 -1470 -560
5 -0.014 -127 -4 225 -27 796 -7 -6642 -1492 -612
5 -0.014 -129 -5 228 -32 782 4 -6647 -1485 -637
5 -0.028 -131 -5 226 -36 772 7 -6605 -1475 -657
5 -0.014 -131 -4 227 -38 770 16 -6575 -1517 -705
5 -0.014 -132 -5 225 -45 772 20 -6580 -1512 -782
5 -0.014 -135 -6 224 -46 779 18 -6560 -1522 -762
5 -0.028 -136 -5 220 -44 795 13 -6610 -1507 -800
5 -0.028 -139 -5 218 -38 815 8 -6605 -1485 -845
5 0.000 -138 -4 218 -42 829 12 -6570 -1470 -867
5 -0.028 -141 -6 216 -38 843 9 -6585 -1502 -892
5 -0.014 -141 -6 216 -38 831 14 -6590 -1480 -935
5 -0.028 -144 -5 218 -45 822 22 -6585 -1485 -955
5 -0.028 -145 -3 219 -51 808 29 -6585 -1475 -1057
5 -0.043 -147 -5 214 -77 768 59 -6532 -1460 -1105
6 -0.028 -147 -3 215 -79 756 59 -6512 -1455 -1205
5 -0.014 -151 -6 215 -83 738 63 -6497 -1432 -1230
5 -0.028 -152 -2 213 -81 719 63 -6542 -1395 -1267
5 0.000 -155 -4 208 -72 702 54 -6555 -1455 -1287
5 -0.014 -160 -7 208 -64 683 39 -6547 -1380 -1312
6 -0.028 -159 -10 210 -54 673 25 -6502 -1407 -1355
5 0.000 -162 -8 206 -32 236 -71 -6470 -1395 -1397
5 -0.014 -27 -23 80 -19 233 107 -6465 -1412 -1390
5 -0.014 -135 -15 96 -53 11 63 -6490 -1417 -1422
5 0.000 -164 -35 199 -35 -105 80 -6475 -1395 -1432
6 0.014 -169 -25 178 -98 36 91 -6527 -1385 -1355
5 0.000 -167 -9 217 -73 52 66 -6517 -1402 -1360
5 -0.014 -155 -6 200 -41 6 45 -6490 -1370 -1340
5 0.000 -156 -7 199 -22 -22 31 -6465 -1412 -1370
5 0.000 -162 -9 211 -19 -10 20 -6455 -1375 -1355
6 0.000 -159 -7 207 -1 7 5 -6475 -1390 -1370
5 0.000 -157 -6 210 4 11 -2 -6485 -1355 -1397
6 0.000 -161 -6 201 1 -4 -6 -6507 -1402 -1380
6 0.000 -162 -7 202 0 -10 -2 -6460 -1395 -1370
5 0.000 -161 -8 205 0 -5 -2 -6497 -1390 -1407
6 0.000 -160 -5 208 6 7 -6 -6532 -1437 -1380
5 0.000 -161 -4 206 3 6 -1 -6537 -1407 -1402
6 0.000 -158 -5 205 1 -2 2 -6502 -1380 -1365
6 0.000 -161 -8 204 -6 0 8 -6475 -1370 -1402
6 0.000 -159 -6 206 -7 6 8 -6455 -1355 -1365
5 0.000 -159 -6 205 -6 4 10 -6490 -1380 -1380
5 0.000 -161 -6 203 -7 4 7 -6517 -1385 -1397
5 0.000 -160 -4 204 1 5 4 -6502 -1407 -1397
6 0.000 -160 -5 203 -1 8 5 -6465 -1422 -1390
6 0.000 -160 -3 204 -2 5 -2 -6507 -1380 -1397
5 0.000 -159 -7 206 0 3 -3 -6485 -1375 -1397
6 0.000 -158 -8 207 -2 10 2 -6517 -1360 -1375
5 0.000 -160 -6 208 -5 8 9 -6507 -1390 -1402
6 0.000 -161 -5 206 -8 6 6 -6445 -1417 -1340
6 0.000 -162 -5 206 -3 8 2 -6507 -1390 -1375
5 0.000 -161 -6 203 -4 2 0 -6460 -1395 -1397
6 0.000 -163 -6 203 -2 4 1 -6502 -1385 -1365
6 0.000 -162 -5 204 3 1 -6 -6440 -1412 -1355
6 0.000 -159 -7 207 0 1 -1 -6512 -1385 -1380
6 0.000 -160 -7 206 2 2 -3 -6497 -1422 -1380
5 0.000 -162 -5 207 1 3 3 -6517 -1395 -1370
6 0.000 -159 -7 206 -5 5 0 -6527 -1402 -1375
6 0.000 -161 -7 209 -2 6 0 -6485 -1417 -1385
6 0.000 -160 -6 204 -3 5 -4 -6455 -1370 -1365
5 0.000 -163 -4 202 -2 1 0 -6475 -1370 -1370
5 0.000 -160 -5 207 -2 6 -2 -6440 -1395 -1380
6 0.000 -159 -6 204 -4 8 0 -6440 -1365 -1385
6 0.000 -163 -4 204 -1 7 -3 -6440 -1427 -1412
6 0.000 -160 -5 203 1 -1 -5 -6480 -1395 -1457
6 0.000 -161 -6 208 -5 -1 -6 -6470 -1375 -1397
5 0.000 -161 -6 205 4 -4 -1 -6480 -1380 -1375
5 0.000 -159 -7 205 -2 -3 -2 -6455 -1395 -1407
5 0.000 -159 -7 206 0 0 -1 -6475 -1417 -1335
6 0.000 -162 -7 206 -2 -2 4 -6485 -1385 -1390
6 0.000 -160 -7 206 -1 -1 -2 -6512 -1380 -1345
6 0.000 -161 -4 206 2 3 -4 -6502 -1360 -1345
5 0.000 -159 -7 207 5 3 -6 -6490 -1370 -1375
5 0.000 -158 -8 205 1 3 -2 -6527 -1412 -1345
5 0.000 -158 -7 206 -1 3 -5 -6485 -1450 -1407
6 0.000 -161 -7 202 3 7 -2 -6507 -1380 -1370
6 0.000 -159 -7 209 0 8 -1 -6460 -1365 -1397
5 0.000 -161 -6 205 0 10 4 -6517 -1347 -1427
6 0.000 -159 -8 207 -1 9 5 -6512 -1370 -1375
5 0.000 -160 -7 207 -5 9 1 -6475 -1380 -1330
6 0.000 -160 -6 205 -2 11 2 -6440 -1375 -1370
6 0.000 -161 -6 205 -4 4 -3 -6480 -1380 -1402
5 0.000 -161 -5 205 1 2 -3 -6490 -1365 -1370
6 0.000 -162 -6 207 0 3 -5 -6512 -1342 -1397
5 0.000 -159 -7 204 1 3 0 -6460 -1385 -1412
6 0.000 -161 -7 205 2 -4 -1 -6460 -1365 -1412
6 0.000 -160 -4 203 0 6 0 -6490 -1385 -1422
5 0.000 -160 -7 206 -3 0 2 -6490 -1375 -1412
6 0.000 -159 -7 207 3 6 -1 -6522 -1390 -1390
5 0.000 -161 -4 207 0 10 2 -6490 -1375 -1412
6 0.000 -161 -7 203 -3 9 2 -6480 -1370 -1390
6 0.000 -164 -5 203 2 2 1 -6480 -1407 -1345
5 0.000 -162 -6 204 -1 4 -1 -6475 -1417 -1370
6 0.000 -160 -7 207 2 3 -1 -6470 -1385 -1422
5 0.000 -161 -7 207 -3 2 0 -6465 -1370 -1447
6 0.000 -161 -6 203 -1 7 2 -6497 -1390 -1437
6 0.000 -160 -8 203 1 -1 -2 -6517 -1407 -1385
5 0.000 -161 -5 206 1 -1 2 -6455 -1395 -1437
5 0.000 -162 -4 203 0 -2 5 -6470 -1370 -1412
5 0.000 -160 -6 204 0 -2 -1 -6490 -1407 -1427
6 0.000 -160 -7 206 1 0 1 -6490 -1402 -1375
6 0.000 -161 -6 204 2 0 -2 -6465 -1360 -1350
5 0.000 -161 -5 203 -2 0 0 -6502 -1360 -1385
5 0.000 -159 -7 204 1 2 -1 -6490 -1360 -1385
6 0.000 -161 -8 205 -2 7 3 -6455 -1417 -1355
6 0.000 -160 -7 208 -2 10 -2 -6465 -1437 -1360
6 0.000 -160 -7 203 -2 10 1 -6507 -1390 -1345
6 0.000 -159 -6 206 -2 10 0 -6502 -1380 -1397
5 0.000 -162 -4 203 -2 10 4 -6502 -1395 -1370
5 0.000 -159 -8 204 -6 5 -1 -6502 -1360 -1385
5 0.000 -161 -4 205 3 6 -4 -6450 -1395 -1390
6 0.000 -159 -5 204 3 7 -2 -6507 -1355 -1385
6 0.000 -160 -8 202 -2 4 -2 -6512 -1412 -1412
5 0.000 -160 -5 204 3 2 -3 -6490 -1365 -1380
5 0.000 -163 -5 207 1 6 -3 -6502 -1347 -1345
5 0.000 -160 -6 203 -4 3 2 -6497 -1332 -1340
6 0.000 -162 -7 204 0 4 1 -6480 -1395 -1350
6 0.000 -160 -7 205 -3 3 -1 -6450 -1395 -1390
5 0.000 -161 -6 206 -3 6 1 -6460 -1365 -1375
5 0.000 -161 -6 206 2 3 -1 -6517 -1427 -1442
5 0.000 -160 -6 204 -2 2 1 -6480 -1402 -1360
6 0.000 -160 -5 206 -7 6 2 -6517 -1432 -1385
6 0.000 -162 -6 205 -6 11 3 -6465 -1360 -1412
6 0.000 -160 -5 204 -3 5 10 -6512 -1360 -1417
5 0.000 -160 -6 204 -9 6 10 -6485 -1375 -1355
5 0.000 -159 -7 206 -7 0 5 -6485 -1337 -1350
6 0.000 -162 -5 204 -4 2 7 -6480 -1300 -1302
6 0.000 -162 -7 206 -1 1 3 -6445 -1355 -1335
6 0.000 -160 -6 204 -2 1 2 -6497 -1360 -1427
5 0.000 -162 -7 203 2 3 0 -6490 -1380 -1380
5 0.000 -161 -7 206 -4 4 -1 -6485 -1342 -1350
6 0.000 -161 -7 206 -2 6 2 -6490 -1380 -1360
6 0.000 -161 -7 205 0 3 -3 -6532 -1427 -1355
6 0.000 -160 -7 208 2 3 -2 -6497 -1422 -1345
5 0.000 -160 -6 203 0 2 0 -6502 -1342 -1407
6 0.000 -160 -5 204 -3 2 0 -6480 -1337 -1402
6 0.000 -161 -7 199 0 1 -3 -6497 -1385 -1402
6 0.000 -161 -7 206 0 -1 -1 -6485 -1355 -1385
6 0.000 -160 -7 204 -2 2 -4 -6460 -1347 -1390
5 0.000 -160 -6 207 1 8 -2 -6480 -1365 -1397
5 0.000 -161 -5 205 5 4 -2 -6485 -1360 -1397
6 0.000 -161 -7 207 -1 4 0 -6485 -1390 -1422
6 0.000 -161 -8 203 1 3 -2 -6502 -1365 -1397
5 0.000 -160 -5 207 -3 4 1 -6455 -1327 -1402
5 0.000 -160 -8 205 -1 1 -1 -6465 -1360 -1370
5 0.000 -161 -6 202 5 -2 0 -6475 -1355 -1390
6 0.000 -159 -6 207 -1 -2 0 -6490 -1380 -1412
6 0.000 -160 -6 206 -1 -2 0 -6475 -1380 -1375
6 0.000 -159 -8 205 3 -2 2 -6465 -1332 -1402
5 0.000 -160 -7 208 -2 1 1 -6450 -1355 -1402
5 0.000 -158 -8 209 -2 6 -2 -6502 -1385 -1390
6 0.000 -160 -6 204 -3 6 -1 -6445 -1365 -1370
6 0.000 -161 -7 204 0 8 2 -6490 -1322 -1375
6 0.000 -161 -4 206 -2 4 4 -6455 -1380 -1380
6 0.000 -161 -6 206 -2 7 0 -6480 -1355 -1427
5 0.000 -161 -7 205 -5 7 0 -6485 -1370 -1397
6 0.000 -161 -5 203 -3 4 0 -6485 -1365 -1365
6 0.000 -161 -6 204 0 6 -1 -6542 -1355 -1390
5 0.000 -161 -6 206 0 4 -1 -6512 -1365 -1375
6 0.000 -160 -6 205 -2 3 0 -6475 -1342 -1350
5 0.000 -160 -7 202 1 3 -1 -6485 -1355 -1365
6 0.000 -160 -7 206 0 -2 -2 -6465 -1365 -1380
6 0.000 -160 -6 204 -1 2 1 -6527 -1395 -1380
5 0.000 -160 -7 202 -3 3 -2 -6480 -1332 -1412
6 0.000 -159 -5 205 0 6 5 -6475 -1337 -1370
5 0.000 -160 -7 206 -1 6 4 -6490 -1360 -1397
6 0.000 -159 -5 207 -3 6 2 -6517 -1355 -1375
6 0.000 -160 -5 205 -2 5 2 -6497 -1390 -1412
5 0.000 -158 -6 206 -6 3 3 -6475 -1427 -1397
5 0.000 -160 -4 204 -8 2 2 -6480 -1427 -1442
5 0.000 -161 -5 206 -1 3 3 -6512 -1375 -1407
6 0.000 -163 -5 205 -4 7 3 -6465 -1380 -1452
6 0.000 -161 -8 204 -5 6 7 -6490 -1417 -1397
5 0.000 -162 -6 206 -2 3 1 -6512 -1370 -1412
5 0.000 -161 -7 207 0 -1 1 -6527 -1395 -1427
5 0.000 -162 -8 203 0 2 -1 -6445 -1390 -1417
6 0.000 -161 -6 205 2 0 -4 -6490 -1390 -1385
6 0.000 -161 -7 205 2 4 -1 -6517 -1380 -1385
5 0.000 -160 -7 207 -4 3 3 -6465 -1370 -1380
5 0.000 -160 -6 206 -1 4 1 -6512 -1385 -1402
7 0.000 -161 -5 203 0 5 -2 -6460 -1407 -1375
6 0.000 -159 -7 204 -2 1 0 -6475 -1432 -1390
6 0.000 -161 -8 207 1 3 1 -6497 -1375 -1402
5 0.000 -159 -7 203 -2 5 -5 -6465 -1390 -1402
5 0.000 -160 -6 204 0 9 1 -6445 -1432 -1412
7 0.000 -161 -6 205 -2 4 -2 -6507 -1365 -1390
6 0.000 -160 -4 203 0 3 -3 -6470 -1347 -1350
6 0.000 -160 -5 205 0 3 1 -6465 -1375 -1407
5 0.000 -162 -6 204 0 0 1 -6455 -1385 -1390
5 0.000 -161 -6 205 1 1 1 -6455 -1342 -1447
7 0.000 -162 -3 208 -5 2 3 -6435 -1370 -1402
6 0.000 -160 -6 207 -5 0 4 -6470 -1390 -1397
5 0.000 -161 -7 207 -10 3 10 -6507 -1375 -1350
5 0.000 -159 -9 204 -6 3 8 -6480 -1365 -1365
5 0.000 -159 -7 207 -8 9 4 -6485 -1390 -1412
5 0.014 -160 -5 208 -8 5 7 -6507 -1390 -1407
5 0.000 -161 -5 206 -8 7 8 -6485 -1432 -1427
5 0.000 -163 -6 202 -5 2 8 -6480 -1422 -1385
6 0.000 -161 -5 203 -9 2 7 -6460 -1407 -1417
7 0.000 -161 -5 203 -9 1 10 -6465 -1402 -1390
6 0.000 -162 -8 206 -6 -2 9 -6497 -1375 -1350
5 0.000 -159 -6 206 -5 5 2 -6507 -1360 -1402
5 0.000 -161 -6 203 -3 3 0 -6490 -1390 -1397
5 0.000 -161 -7 203 -2 3 0 -6480 -1380 -1335
6 0.000 -160 -7 205 -6 3 2 -6485 -1407 -1340
6 0.000 -161 -6 206 -4 4 4 -6527 -1365 -1380
5 0.000 -161 -7 208 -1 2 5 -6532 -1385 -1380
5 0.000 -159 -7 208 0 4 0 -6475 -1327 -1397
6 0.000 -160 -6 206 -5 8 4 -6512 -1390 -1407
7 0.000 -160 -7 205 -6 4 0 -6502 -1380 -1322
6 0.000 -161 -5 205 -5 6 2 -6422 -1360 -1422
5 0.000 -158 -6 207 -6 9 1 -6485 -1322 -1412
5 0.000 -163 -6 201 -5 9 3 -6445 -1355 -1397
6 0.000 -158 -6 205 -5 10 6 -6435 -1355 -1385
6 0.000 -163 -7 206 -7 6 9 -6490 -1375 -1355
7 0.000 -160 -10 204 -3 4 9 -6422 -1337 -1390
5 0.000 -160 -9 204 -4 -4 6 -6490 -1395 -1365
5 0.000 -160 -8 206 -4 2 4 -6485 -1355 -1427
5 0.000 -162 -7 205 1 4 -1 -6485 -1365 -1330
6 0.000 -159 -7 206 -2 6 1 -6497 -1355 -1365
7 0.000 -161 -7 207 -4 2 3 -6480 -1322 -1330
5 0.000 -162 -6 207 -5 -3 0 -6485 -1380 -1380
5 0.000 -161 -5 204 1 0 3 -6475 -1312 -1385
6 0.000 -161 -5 207 -3 -2 1 -6512 -1375 -1397
6 0.000 -161 -5 205 -2 1 2 -6512 -1365 -1370
7 0.000 -161 -6 206 -3 7 4 -6470 -1355 -1380
5 0.000 -160 -5 205 -1 4 2 -6512 -1347 -1390
5 0.000 -160 -6 204 -2 7 6 -6512 -1375 -1355
6 0.000 -159 -6 205 -4 6 3 -6497 -1365 -1350
6 0.000 -162 -8 202 -4 3 1 -6412 -1385 -1380
7 0.000 -162 -5 203 -1 -2 1 -6480 -1360 -1355
5 0.000 -162 -5 205 2 1 2 -6465 -1365 -1365
5 0.000 -160 -7 206 1 5 3 -6445 -1380 -1412
6 0.000 -161 -7 205 0 8 -2 -6502 -1355 -1407
6 0.000 -161 -6 206 0 6 -3 -6490 -1347 -1452
5 0.000 -160 -6 204 0 6 1 -6512 -1380 -1375
5 0.000 -161 -6 202 2 4 2 -6490 -1412 -1385
5 0.000 -162 -6 205 3 2 1 -6470 -1407 -1355
6 0.000 -159 -5 203 1 5 3 -6507 -1360 -1407
5 0.000 -160 -5 205 0 5 3 -6512 -1365 -1457
6 0.000 -159 -7 206 1 4 0 -6537 -1342 -1365
5 0.000 -161 -6 206 -1 1 -2 -6480 -1402 -1407
6 0.000 -159 -7 205 -1 4 0 -6517 -1395 -1375
6 0.000 -162 -6 206 2 9 -3 -6527 -1365 -1397
5 0.000 -161 -6 204 -1 6 -5 -6490 -1355 -1380
5 0.000 -159 -7 206 -2 5 -4 -6507 -1360 -1370
5 0.000 -161 -7 205 0 3 -5 -6480 -1322 -1375
6 0.000 -159 -7 204 6 3 -4 -6497 -1365 -1370
6 0.000 -162 -4 203 0 2 0 -6460 -1337 -1355
5 0.000 -160 -7 206 0 3 0 -6470 -1365 -1365
5 0.000 -160 -7 206 0 4 -3 -6522 -1370 -1380
6 0.000 -160 -6 204 0 4 0 -6480 -1342 -1340
6 0.000 -160 -8 207 2 5 0 -6470 -1342 -1335
6 0.000 -159 -7 206 3 6 1 -6517 -1375 -1355
5 0.000 -160 -6 204 3 9 -1 -6507 -1365 -1402
5 0.000 -160 -6 203 1 6 -2 -6507 -1322 -1380
7 0.000 -159 -5 203 3 5 -1 -6512 -1365 -1390
6 0.000 -161 -5 205 0 6 -3 -6480 -1337 -1390
5 0.000 -162 -4 205 0 7 -3 -6475 -1380 -1390
5 0.000 -161 -6 206 1 2 -1 -6522 -1370 -1365
5 0.000 -161 -8 205 -4 3 -3 -6440 -1355 -1335
7 0.000 -162 -8 207 -1 5 -6 -6480 -1347 -1380
6 0.000 -161 -7 204 -3 6 0 -6502 -1395 -1417
6 0.000 -160 -6 204 -3 3 0 -6450 -1390 -1402
5 0.000 -161 -5 205 -5 3 -1 -6475 -1365 -1370
5 0.000 -160 -8 205 -1 3 1 -6502 -1370 -1385
7 0.000 -162 -5 206 1 7 1 -6470 -1385 -1390
6 0.000 -159 -6 205 -4 3 0 -6497 -1365 -1360
5 0.000 -159 -6 204 0 6 2 -6502 -1347 -1417
5 0.000 -160 -6 203 -2 2 0 -6480 -1355 -1390
5 0.000 -160 -5 204 2 5 -1 -6507 -1360 -1350
6 0.000 -160 -6 202 -3 2 2 -6490 -1355 -1385
6 0.000 -160 -6 204 -1 0 1 -6512 -1355 -1432
5 0.000 -161 -7 203 -1 4 4 -6460 -1360 -1370
5 0.000 -160 -6 202 2 2 -1 -6475 -1380 -1385
5 0.000 -162 -6 204 1 3 -3 -6465 -1407 -1385
6 0.000 -160 -6 205 0 1 -5 -6497 -1390 -1330
6 0.000 -161 -6 203 6 -3 1 -6532 -1342 -1402
5 0.000 -160 -8 204 1 6 3 -6490 -1360 -1437
5 0.000 -161 -7 206 -2 6 -1 -6470 -1407 -1375
6 0.000 -159 -5 209 -3 3 -2 -6490 -1385 -1417
6 0.000 -162 -4 205 3 7 1 -6507 -1370 -1402
7 0.000 -161 -7 207 0 7 -5 -6445 -1417 -1397
5 0.000 -162 -6 205 0 0 -4 -6527 -1355 -1380
5 0.000 -161 -5 207 -2 6 -2 -6465 -1370 -1402
6 0.000 -161 -7 206 -3 5 -2 -6465 -1360 -1422
5 0.000 -162 -7 204 -5 6 1 -6440 -1365 -1417
6 0.000 -159 -8 204 -1 2 5 -6465 -1337 -1375
6 0.000 -161 -4 204 -4 3 -1 -6497 -1380 -1380
5 0.000 -158 -6 207 -3 0 -2 -6497 -1365 -1402
5 0.000 -160 -6 204 -3 5 -2 -6475 -1375 -1412
6 0.000 -160 -7 204 -2 4 -3 -6532 -1355 -1407
6 0.000 -159 -8 205 -4 8 2 -6507 -1385 -1385
6 0.000 -160 -7 206 -1 4 0 -6497 -1380 -1365
6 0.000 -161 -5 203 2 5 1 -6527 -1375 -1407
5 0.000 -161 -6 206 -1 3 1 -6480 -1347 -1390
5 0.000 -160 -8 205 0 5 -2 -6455 -1365 -1330
5 0.000 -160 -5 204 -2 4 -5 -6422 -1347 -1432
6 0.000 -160 -6 206 -1 2 -3 -6455 -1380 -1407
6 0.000 -159 -7 203 1 4 -5 -6470 -1375 -1422
5 0.000 -161 -5 206 0 4 -1 -6502 -1380 -1360
6 0.000 -162 -5 205 3 3 -4 -6485 -1355 -1397
5 0.000 -160 -7 206 1 -1 1 -6517 -1322 -1350
6 0.000 -162 -7 201 -2 1 2 -6470 -1360 -1390
6 0.000 -161 -6 205 -1 4 2 -6490 -1365 -1407
5 0.000 -161 -7 206 -2 5 -3 -6485 -1355 -1402
5 0.000 -160 -7 206 2 4 0 -6512 -1375 -1407
7 0.000 -161 -5 205 0 1 1 -6517 -1380 -1390
6 0.000 -160 -6 199 2 -1 0 -6445 -1395 -1380
6 0.000 -160 -6 205 2 2 1 -6490 -1412 -1422
5 0.000 -160 -6 203 -1 4 -2 -6475 -1380 -1407
5 0.000 -159 -7 207 2 4 1 -6507 -1417 -1442
7 0.000 -160 -7 209 -3 3 3 -6507 -1385 -1402
6 0.000 -160 -6 208 0 2 0 -6527 -1375 -1417
5 0.000 -160 -5 204 0 4 3 -6460 -1375 -1370
5 0.000 -161 -4 202 2 4 -3 -6490 -1370 -1407
5 0.000 -162 -6 203 -1 6 0 -6507 -1355 -1412
7 0.000 -161 -5 206 -1 2 -3 -6490 -1305 -1402
6 0.000 -160 -6 207 -2 3 3 -6507 -1375 -1397
5 0.000 -160 -6 205 0 4 -2 -6527 -1337 -1402
5 0.000 -160 -7 204 -2 9 -2 -6527 -1355 -1375
5 0.000 -160 -7 203 0 6 -1 -6502 -1360 -1390
7 0.000 -162 -4 202 1 2 1 -6470 -1327 -1417
6 0.000 -161 -7 205 2 5 -6 -6490 -1347 -1422
5 0.000 -161 -8 206 -3 4 0 -6502 -1355 -1390
5 0.000 -159 -8 204 0 5 1 -6465 -1370 -1360
6 0.000 -161 -6 207 -1 5 0 -6537 -1385 -1470
7 0.000 -162 -7 206 0 5 -1 -6480 -1390 -1402
5 0.000 -160 -7 206 2 4 1 -6422 -1385 -1432
5 0.000 -161 -5 204 -3 3 -1 -6455 -1360 -1390
5 0.000 -159 -7 206 2 3 -6 -6497 -1370 -1390
6 0.000 -160 -7 208 -1 2 0 -6455 -1365 -1385
7 0.000 -160 -7 205 -4 6 -5 -6507 -1355 -1360
6 0.000 -161 -7 205 1 6 1 -6470 -1370 -1365
5 0.000 -161 -7 203 2 1 -3 -6517 -1332 -1380
5 0.000 -159 -7 206 -1 3 3 -6507 -1312 -1407
6 0.000 -160 -7 205 2 7 0 -6502 -1360 -1380
6 0.000 -161 -4 206 -3 5 -1 -6507 -1380 -1375
5 0.000 -161 -7 204 -1 3 -3 -6507 -1375 -1360
5 0.000 -160 -5 205 -1 4 1 -6512 -1355 -1437
5 0.000 -161 -7 204 0 0 -5 -6502 -1385 -1370
6 0.000 -159 -5 206 -2 0 -8 -6490 -1412 -1447
6 0.000 -161 -6 205 0 -2 -2 -6507 -1360 -1427
6 0.000 -161 -3 206 1 3 -5 -6497 -1380 -1417
5 0.000 -160 -6 205 3 6 0 -6455 -1347 -1432
5 0.000 -160 -6 206 3 0 2 -6507 -1365 -1407
6 0.000 -160 -7 204 0 2 -4 -6440 -1380 -1385
6 0.000 -160 -5 204 0 1 0 -6470 -1380 -1385
6 0.000 -160 -4 203 -1 4 -3 -6480 -1380 -1397
5 0.000 -161 -7 205 0 3 -2 -6475 -1380 -1412
5 0.000 -159 -7 202 0 3 -1 -6502 -1385 -1390
6 0.000 -162 -5 205 -3 -2 0 -6497 -1370 -1412
6 0.000 -160 -5 206 2 6 -1 -6470 -1355 -1355
6 0.000 -160 -5 207 6 -3 -4 -6480 -1355 -1397
5 0.000 -158 -9 205 4 3 -6 -6490 -1365 -1402
5 0.000 -161 -8 204 3 2 -6 -6512 -1365 -1427
6 0.000 -163 -4 206 4 4 -11 -6502 -1342 -1397
6 0.000 -161 -6 205 5 4 -4 -6507 -1385 -1402
6 0.000 -159 -7 206 2 5 -4 -6480 -1442 -1412
5 0.000 -158 -5 205 2 4 -1 -6512 -1390 -1390
5 0.000 -160 -7 206 -2 5 2 -6512 -1380 -1397
6 0.000 -159 -5 203 -3 6 3 -6497 -1365 -1397
6 0.000 -159 -6 204 -1 6 3 -6490 -1395 -1442
5 0.000 -162 -6 204 -1 3 1 -6485 -1365 -1422
5 0.000 -160 -8 205 2 6 -1 -6417 -1355 -1340
5 0.000 -160 -6 205 0 5 1 -6470 -1380 -1360
6 0.000 -161 -8 205 -1 9 -2 -6485 -1370 -1390
6 0.000 -163 -8 203 -1 7 -2 -6465 -1385 -1385
5 0.000 -160 -8 202 -2 1 -2 -6507 -1375 -1370
5 0.000 -160 -9 204 1 3 2 -6522 -1385 -1385
5 0.000 -161 -8 207 -1 -2 -2 -6497 -1337 -1397
6 0.000 -161 -7 206 0 5 -2 -6465 -1365 -1380
6 0.000 -159 -7 204 -2 3 1 -6507 -1365 -1385
6 0.000 -161 -5 201 -1 4 0 -6470 -1360 -1422
6 0.000 -161 -6 202 -1 0 3 -6542 -1380 -1390
5 0.000 -161 -6 204 -4 2 -1 -6460 -1390 -1365
6 0.000 -162 -7 203 -4 2 2 -6480 -1380 -1330
5 0.000 -162 -7 206 0 2 0 -6465 -1375 -1370
6 0.000 -160 -6 202 -2 2 3 -6480 -1370 -1427
6 0.000 -161 -7 208 1 2 2 -6485 -1370 -1432
5 0.000 -160 -5 206 1 8 -3 -6502 -1355 -1375
5 0.000 -161 -6 204 0 0 1 -6460 -1365 -1422
6 0.000 -160 -8 205 -2 6 0 -6445 -1360 -1355
7 0.000 -161 -6 206 -4 5 -2 -6490 -1375 -1345
6 0.000 -161 -5 204 0 5 1 -6512 -1355 -1380
5 0.000 -161 -5 205 -2 5 1 -6507 -1355 -1375
5 0.000 -159 -7 206 4 5 1 -6512 -1370 -1427
6 0.000 -161 -6 203 -4 4 0 -6497 -1370 -1380
7 0.000 -161 -8 206 0 5 -2 -6517 -1375 -1375
5 0.000 -160 -7 206 0 5 -1 -6507 -1385 -1417
5 0.000 -161 -5 203 -2 4 -7 -6502 -1317 -1380
5 0.000 -159 -7 207 -3 3 0 -6527 -1327 -1350
6 0.000 -160 -7 204 2 4 1 -6502 -1365 -1390
7 0.000 -163 -6 203 -2 6 -2 -6485 -1342 -1407
5 0.000 -161 -6 204 4 6 -1 -6502 -1332 -1360
5 0.000 -160 -7 205 -1 1 0 -6507 -1385 -1375
5 0.000 -160 -6 202 -1 -2 1 -6475 -1355 -1340
6 0.000 -162 -7 207 0 3 0 -6502 -1395 -1330
6 0.000 -160 -7 209 2 0 0 -6475 -1360 -1330
5 0.000 -161 -7 205 2 5 -2 -6470 -1337 -1360
5 0.000 -160 -6 204 2 2 4 -6475 -1375 -1355
5 0.000 -160 -7 205 3 4 -4 -6475 -1360 -1427
6 0.000 -160 -8 208 0 1 -1 -6465 -1337 -1365
6 0.000 -161 -8 205 -1 -1 -1 -6455 -1370 -1302
5 0.000 -161 -5 204 0 -1 0 -6497 -1385 -1375
5 0.000 -161 -6 205 4 1 -5 -6465 -1317 -1390
5 0.000 -162 -5 206 5 6 -5 -6497 -1365 -1417
6 0.000 -160 -8 207 2 -2 -1 -6517 -1365 -1380
6 0.000 -162 -9 205 4 7 -3 -6512 -1427 -1355
6 0.000 -159 -7 208 3 0 -3 -6480 -1390 -1380
5 0.000 -158 -5 204 3 3 0 -6480 -1375 -1397
5 0.000 -161 -6 204 -5 5 0 -6480 -1370 -1390
6 0.000 -162 -7 206 2 10 0 -6490 -1380 -1385
6 0.000 -159 -6 205 2 1 -1 -6507 -1375 -1412
6 0.000 -161 -6 206 -1 5 0 -6497 -1395 -1417
5 0.000 -160 -5 207 -2 3 -2 -6470 -1332 -1407
6 0.000 -160 -7 206 -2 3 -5 -6490 -1385 -1380
6 0.000 -160 -6 206 0 7 -1 -6465 -1355 -1385
6 0.000 -160 -7 205 -2 2 -1 -6460 -1370 -1380
6 0.000 -162 -7 206 1 0 1 -6507 -1337 -1370
5 0.000 -161 -6 206 1 4 -1 -6497 -1347 -1417
5 0.000 -161 -6 203 -2 2 -5 -6460 -1332 -1407
6 0.000 -162 -4 206 -3 5 1 -6512 -1380 -1397
6 0.000 -160 -7 205 0 0 1 -6542 -1385 -1407
6 0.000 -164 -5 202 -2 -2 4 -6527 -1375 -1422
5 0.000 -160 -8 206 -3 4 4 -6497 -1360 -1407
5 0.000 -159 -6 207 -1 4 1 -6480 -1395 -1380
6 0.000 -162 -5 205 3 3 0 -6470 -1395 -1432
6 0.000 -161 -6 203 0 -2 1 -6475 -1385 -1380
5 0.000 -161 -6 206 -3 3 -2 -6485 -1347 -1407
5 0.000 -161 -8 206 3 2 -1 -6532 -1370 -1355
5 0.000 -161 -8 205 -2 8 1 -6490 -1412 -1360
6 0.000 -161 -6 205 -1 7 1 -6517 -1347 -1390
6 0.000 -160 -8 205 -1 4 -3 -6522 -1342 -1360
5 0.000 -160 -5 203 2 3 -1 -6475 -1365 -1417
5 0.000 -160 -4 206 2 1 -3 -6470 -1342 -1390
5 0.000 -160 -6 205 -3 3 -4 -6465 -1417 -1417
6 0.000 -163 -6 202 2 5 -1 -6475 -1365 -1402
6 0.000 -161 -6 204 -1 2 1 -6465 -1417 -1397
5 0.000 -161 -8 202 -1 6 2 -6507 -1412 -1390
6 0.000 -163 -5 204 -6 4 5 -6480 -1390 -1407
5 0.000 -160 -6 203 0 6 2 -6465 -1342 -1407
6 0.000 -161 -6 203 -4 5 2 -6517 -1385 -1380
6 0.000 -160 -6 203 -3 8 7 -6490 -1365 -1397
5 0.000 -162 -6 203 -1 4 4 -6465 -1385 -1465
6 0.000 -160 -7 204 -4 2 2 -6480 -1402 -1422
6 0.000 -161 -7 203 4 4 -1 -6502 -1355 -1380
6 0.000 -159 -7 204 -1 3 -2 -6450 -1375 -1355
6 0.000 -159 -6 205 0 6 -2 -6417 -1370 -1412
5 0.000 -161 -5 203 -3 0 0 -6470 -1402 -1355
6 0.000 -159 -6 205 -4 2 -3 -6497 -1342 -1360
