0.000 2 -3 259 2 1 1 -1167 4525 2395
0.000 -1 -1 257 -1 0 -2 -1172 4502 2315
0.000 2 -2 261 0 4 -3 -1172 4502 2337
0.000 0 -1 256 3 4 -3 -1172 4482 2305
0.000 1 -2 258 1 -5 -2 -1162 4497 2320
0.000 2 1 256 1 0 1 -1130 4477 2320
0.000 0 -1 256 0 -2 3 -1140 4492 2342
0.000 2 -2 254 0 2 4 -1105 4520 2387
0.000 0 0 256 3 1 5 -1150 4487 2337
0.000 -2 1 254 1 1 6 -1140 4512 2352
0.000 1 0 257 1 -5 5 -1145 4472 2372
0.000 1 0 260 1 -2 3 -1157 4492 2315
-0.014 2 1 255 -1 -3 8 -1125 4482 2315
0.000 2 -1 253 -1 -1 8 -1120 4465 2315
0.000 -1 0 257 0 -1 7 -1145 4492 2315
0.000 1 -1 259 -1 -2 4 -1197 4507 2327
0.000 0 1 259 3 -3 3 -1120 4492 2352
0.000 1 0 256 1 0 2 -1115 4482 2337
0.000 1 -2 258 -5 -1 0 -1130 4545 2320
0.000 0 -2 257 -4 -1 -4 -1130 4530 2342
0.000 2 -2 255 -3 1 -2 -1110 4477 2310
0.000 2 1 257 4 0 -4 -1167 4507 2342
0.000 2 -1 256 0 3 -5 -1182 4507 2347
0.000 3 0 258 -1 -6 -5 -1167 4465 2377
0.000 2 -1 257 1 3 -4 -1150 4482 2290
0.000 1 -1 259 -1 9 -7 -1140 4465 2327
0.000 0 -2 256 1 7 -8 -1120 4492 2300
0.000 -1 -1 257 -1 3 -8 -1135 4520 2270
0.000 1 0 256 3 0 -4 -1105 4525 2315
0.000 2 0 256 0 1 -7 -1140 4567 2315
0.000 2 -2 256 0 0 -10 -1157 4497 2305
0.014 -1 -1 261 -1 7 -10 -1167 4497 2305
0.000 0 0 257 2 9 -9 -1187 4472 2285
0.000 1 -1 258 1 12 -8 -1135 4477 2305
0.000 0 2 258 -1 7 -6 -1140 4487 2327
0.000 1 -1 257 -2 7 -6 -1162 4460 2332
0.000 1 1 258 -1 2 -5 -1140 4502 2300
0.000 1 -1 255 -1 3 -3 -1115 4540 2362
0.000 1 1 258 1 8 -8 -1130 4512 2367
0.000 2 -1 258 -1 14 -2 -1120 4472 2315
0.014 2 0 258 1 20 -2 -1130 4520 2362
0.000 1 -1 257 -2 22 0 -1110 4535 2327
0.000 1 0 256 -1 18 6 -1157 4502 2337
0.000 2 1 256 -3 11 1 -1140 4502 2305
0.000 3 0 258 -1 -1 1 -1150 4507 2347
0.000 3 -1 259 -2 -5 6 -1172 4487 2320
0.000 5 -1 258 4 -12 5 -1145 4472 2342
0.000 4 0 258 0 -13 -2 -1140 4497 2327
0.014 5 0 258 2 -8 -2 -1145 4502 2337
0.000 6 1 254 1 1 -13 -1120 4477 2327
0.014 4 1 258 -2 8 -21 -1172 4482 2327
0.000 4 1 258 -1 19 -26 -1162 4460 2290
0.000 3 0 257 2 28 -31 -1172 4492 2327
0.014 2 0 258 -2 33 -41 -1145 4472 2332
0.000 4 0 256 -2 36 -41 -1120 4502 2315
0.000 2 0 257 -2 33 -38 -1120 4502 2320
0.028 1 0 258 -2 30 -36 -1162 4507 2332
0.000 2 0 255 2 23 -36 -1135 4550 2315
0.000 -1 1 256 2 20 -35 -1135 4482 2332
0.014 0 -2 255 2 6 -26 -1172 4502 2367
0.014 -1 2 256 0 -7 -28 -1135 4502 2382
0.000 1 -1 260 -1 -16 -25 -1182 4525 2320
0.014 0 -4 257 3 -27 -20 -1202 4482 2342
0.000 2 -1 256 0 -36 -17 -1187 4502 2332
0.028 2 -1 258 4 -51 -5 -1177 4487 2320
0.000 5 1 257 3 -63 7 -1202 4507 2275
0.014 7 0 260 5 -66 11 -1167 4520 2275
0.014 10 -2 257 5 -42 28 -1182 4502 2332
0.028 17 4 265 1 7 25 -1220 4502 2327
0.000 11 -1 255 9 6 29 -1187 4502 2347
0.014 9 2 260 -5 31 23 -1197 4497 2295
0.014 4 0 256 7 21 22 -1172 4520 2327
0.014 10 0 264 -1 25 12 -1202 4545 2347
0.028 6 1 260 2 18 10 -1197 4545 2315
0.014 7 -1 253 1 28 5 -1130 4477 2367
0.014 7 0 254 5 30 1 -1177 4450 2300
0.028 8 2 259 -2 23 -1 -1145 4487 2327
0.000 7 -1 261 0 20 -8 -1172 4472 2285
0.028 5 0 256 -1 21 -9 -1235 4482 2310
0.028 5 2 256 -1 18 -8 -1250 4472 2310
0.028 5 1 258 1 11 -12 -1172 4512 2327
0.028 5 -2 258 1 11 -11 -1187 4540 2332
0.014 6 -2 256 -4 22 -14 -1172 4520 2352
0.028 7 -1 254 -7 23 -15 -1197 4502 2305
0.014 6 0 253 -7 37 -19 -1182 4497 2320
0.028 3 -2 265 -16 27 -32 -1215 4507 2290
0.028 2 -3 258 -1 1 -25 -1207 4445 2315
0.028 1 -2 253 -4 -13 -26 -1182 4460 2357
0.028 2 -1 255 -17 -22 -19 -1172 4482 2305
0.028 0 1 260 -16 -39 -20 -1192 4502 2315
0.043 1 1 261 -13 -50 -28 -1177 4492 2327
0.028 1 -1 257 -17 -54 -35 -1150 4497 2367
0.028 7 0 258 -14 -42 -41 -1182 4482 2352
0.028 13 -3 269 -28 -2 -42 -1207 4472 2327
0.043 2 0 251 -10 -11 -48 -1215 4492 2347
0.028 1 -1 255 -9 -6 -49 -1197 4455 2347
0.028 -2 2 258 -13 -9 -38 -1225 4472 2327
0.028 8 -2 255 3 0 -47 -1250 4407 2320
0.028 2 -2 253 -24 -8 -43 -1182 4487 2285
0.043 2 1 255 -3 0 -37 -1197 4477 2320
0.028 5 2 258 -4 50 -25 -1187 4477 2315
0.028 3 -4 242 7 -20 -9 -1187 4502 2327
0.028 6 1 263 -4 23 -6 -1192 4477 2310
0.043 4 -1 253 -6 -13 12 -1177 4520 2290
0.043 8 -1 261 13 1 26 -1192 4472 2327
0.085 9 1 256 7 12 57 -1187 4512 2347
0.043 7 0 259 1 11 66 -1202 4530 2320
0.028 6 -1 256 7 11 65 -1187 4487 2382
0.043 6 2 259 0 7 66 -1177 4497 2387
0.043 5 -2 260 7 5 66 -1182 4520 2327
0.043 3 0 258 7 9 64 -1167 4502 2332
0.028 2 1 259 5 10 58 -1187 4502 2315
0.057 3 -2 254 1 11 56 -1157 4535 2347
0.028 4 -6 252 11 4 52 -1197 4512 2305
0.043 2 -2 254 10 6 46 -1120 4525 2327
0.057 4 -4 253 4 9 44 -1167 4507 2320
0.028 2 -1 256 3 12 27 -1187 4477 2305
0.057 0 -3 253 5 6 10 -1150 4492 2295
0.057 2 1 261 -5 1 -17 -1192 4460 2290
0.028 2 -2 257 -7 -3 -30 -1172 4525 2290
0.057 2 -1 254 2 5 -30 -1197 4535 2357
0.028 6 -1 258 1 13 -35 -1162 4502 2377
0.057 6 0 259 4 4 -39 -1167 4545 2310
0.043 3 -2 253 2 -11 -33 -1177 4520 2337
0.043 6 -1 265 -5 -27 -41 -1157 4535 2305
0.043 0 2 264 -8 -36 -41 -1187 4502 2327
0.057 4 2 263 -6 -27 -51 -1182 4507 2332
0.043 4 -1 257 3 -26 -51 -1140 4412 2342
0.043 5 -2 249 -8 -13 -52 -1157 4530 2347
0.057 8 -5 254 1 0 -49 -1182 4482 2320
0.043 3 -3 254 7 2 -48 -1192 4482 2342
0.071 -1 2 267 8 -8 -39 -1162 4545 2332
0.043 1 5 266 0 -6 -32 -1182 4562 2362
0.057 7 2 254 5 8 -24 -1172 4450 2352
0.043 2 -1 260 -2 7 -24 -1230 4507 2310
0.057 1 -3 259 12 -6 -21 -1225 4507 2332
0.057 -1 -1 260 13 -13 -16 -1187 4497 2315
0.043 4 -2 260 -1 -4 -15 -1202 4507 2342
0.043 1 0 255 15 0 -10 -1187 4497 2332
0.057 0 -2 259 13 -3 -5 -1187 4502 2342
0.057 3 1 255 8 3 2 -1197 4507 2327
0.057 2 -2 258 19 -1 18 -1177 4487 2347
0.043 2 0 257 7 -5 28 -1172 4492 2337
0.043 0 2 258 9 -13 35 -1197 4512 2342
0.085 -1 -2 257 7 -16 54 -1162 4512 2327
0.043 -2 -1 254 16 -8 70 -1192 4512 2347
0.057 -3 1 255 18 -16 77 -1162 4507 2290
0.057 -2 -1 259 16 -11 94 -1197 4445 2270
0.043 -2 2 262 -6 -8 97 -1162 4472 2275
0.057 -4 2 264 -5 -5 87 -1150 4487 2332
0.043 -5 0 260 4 -10 77 -1115 4465 2395
0.057 0 1 256 -7 -18 72 -1120 4465 2327
0.043 -1 0 251 12 -33 67 -1167 4455 2372
0.043 0 -1 247 10 -50 67 -1125 4455 2247
0.057 8 2 260 -1 -47 64 -1162 4502 2295
0.057 3 6 258 -7 -61 64 -1167 4512 2252
0.043 8 1 254 9 -78 67 -1157 4502 2310
0.085 7 -1 256 26 -36 78 -1110 4482 2332
0.057 1 5 261 -9 -63 72 -1095 4492 2337
0.043 8 -3 256 17 -13 62 -1115 4507 2305
0.057 10 -4 240 36 29 54 -1095 4487 2315
0.057 17 -14 237 16 30 46 -1125 4502 2300
0.057 2 -3 242 25 55 41 -1110 4512 2327
0.057 -3 -6 251 22 42 18 -1105 4550 2327
0.043 -6 2 259 -20 29 8 -1077 4535 2347
0.057 0 2 265 -3 38 -8 -1110 4435 2290
0.057 1 -1 264 8 22 -24 -1077 4540 2305
0.043 2 -2 258 -2 20 -34 -1125 4487 2327
0.057 -3 -3 255 2 19 -39 -1100 4497 2310
0.085 -1 -2 257 8 9 -42 -1115 4512 2332
0.057 0 0 259 8 3 -39 -1057 4497 2295
0.043 -1 1 258 0 17 -40 -1115 4545 2300
0.057 1 -3 261 10 13 -30 -1135 4512 2320
0.043 -2 2 263 -3 17 -24 -1145 4562 2265
0.057 -1 1 259 -10 18 -26 -1110 4487 2310
0.057 -6 -2 252 3 8 -20 -1115 4502 2300
0.043 -2 -4 254 10 -8 -22 -1082 4535 2337
0.057 -3 -1 257 -5 -19 -14 -1135 4507 2290
0.057 3 -2 264 -1 -17 -10 -1145 4525 2310
0.057 -7 7 263 16 -41 -4 -1135 4535 2352
0.043 1 -3 242 19 -67 -1 -1130 4497 2320
0.057 -5 5 253 -2 -48 4 -1150 4525 2300
0.071 7 -4 250 13 -13 2 -1167 4502 2310
0.057 9 -1 249 8 17 10 -1115 4502 2327
0.043 7 2 261 -20 33 14 -1120 4525 2347
0.057 7 -2 257 -7 32 17 -1110 4512 2357
0.043 4 2 256 -11 22 13 -1115 4492 2327
0.057 7 -1 256 2 23 15 -1120 4477 2337
0.057 1 -2 257 8 29 16 -1130 4445 2337
0.057 1 2 253 -12 33 1 -1100 4492 2337
0.057 -1 1 254 -8 31 0 -1135 4535 2337
0.043 1 1 258 0 28 -11 -1162 4530 2347
0.057 -2 1 262 -9 13 -12 -1167 4530 2382
0.057 0 -4 255 -8 -3 -21 -1120 4540 2285
0.057 1 -1 254 -11 3 -25 -1145 4562 2362
0.071 -1 2 257 -12 4 -25 -1192 4545 2327
0.057 1 3 258 -7 4 -30 -1110 4550 2352
0.057 3 2 256 -18 7 -31 -1110 4512 2305
0.057 3 -2 255 -5 9 -19 -1130 4540 2347
0.057 2 -2 260 5 7 1 -1150 4525 2300
0.057 3 -2 258 5 0 14 -1150 4507 2300
0.057 2 1 257 -6 1 23 -1135 4497 2327
0.043 2 1 259 3 -6 36 -1115 4512 2357
0.043 0 2 252 -6 -16 49 -1087 4440 2327
0.071 1 0 258 -4 -30 63 -1150 4497 2327
0.057 3 -4 251 -13 8 62 -1130 4525 2327
0.057 0 -7 245 17 -20 77 -1110 4512 2305
0.057 6 -3 255 14 -2 74 -1120 4497 2382
0.142 2 3 253 -9 4 53 -1100 4525 2367
0.057 1 -2 257 10 3 42 -1077 4525 2305
0.057 0 2 255 -7 -11 27 -1130 4535 2327
0.043 4 -1 261 -6 -6 11 -1130 4512 2377
0.057 2 1 258 -11 -16 -6 -1150 4487 2347
0.071 7 0 261 4 2 -19 -1120 4525 2332
0.057 5 2 256 -15 8 -29 -1120 4460 2337
0.057 4 -2 255 -9 19 -33 -1062 4465 2337
0.057 1 -1 259 -4 13 -34 -1105 4487 2315
0.057 0 -1 263 -2 14 -43 -1125 4472 2337
0.057 1 2 262 -17 25 -40 -1140 4507 2295
0.057 -1 -2 258 -11 38 -37 -1105 4525 2357
0.085 1 -2 255 4 52 -32 -1110 4497 2372
0.057 0 -1 261 -2 50 -22 -1110 4497 2352
0.043 -9 -5 268 -6 12 -11 -1125 4507 2327
0.057 -10 -2 254 -7 -8 -9 -1150 4502 2387
0.057 -3 -2 247 22 -26 -4 -1150 4472 2400
0.057 -4 -1 259 1 -26 5 -1140 4525 2342
0.057 -3 -1 258 3 -36 12 -1125 4492 2367
0.057 0 -3 261 16 -47 13 -1105 4497 2352
0.057 -1 2 259 6 -54 12 -1135 4477 2337
0.057 2 2 257 -1 -50 2 -1110 4507 2342
0.057 2 -1 257 0 -49 -1 -1120 4497 2315
0.057 4 8 263 21 -4 0 -1105 4472 2300
0.057 -2 4 255 17 21 2 -1115 4492 2310
0.057 2 1 258 2 -10 2 -1130 4487 2320
0.057 9 -2 255 -6 15 0 -1115 4472 2320
0.057 7 0 253 3 5 -2 -1115 4550 2310
0.057 5 4 259 -2 4 5 -1125 4535 2327
0.057 7 -3 261 -5 19 14 -1100 4525 2382
0.057 5 -3 253 2 5 13 -1105 4540 2347
0.057 2 1 262 -2 -4 9 -1115 4550 2327
0.057 -1 -1 259 10 -12 1 -1072 4520 2342
0.057 -1 0 257 1 -21 -2 -1110 4477 2327
0.057 0 0 255 4 -2 -11 -1110 4465 2347
0.057 0 -1 251 13 7 -21 -1125 4435 2315
0.057 1 0 256 -2 19 -25 -1115 4502 2320
0.057 2 -1 258 10 7 -25 -1145 4562 2337
0.085 -2 0 265 0 -22 -21 -1125 4507 2310
0.071 -1 -1 260 3 -32 -13 -1095 4487 2327
0.057 -2 0 252 2 -41 -9 -1067 4512 2342
0.057 1 3 250 -4 -34 -8 -1115 4512 2310
0.057 2 -1 260 5 -16 -8 -1140 4530 2300
0.057 1 -6 255 -5 -14 -7 -1130 4587 2332
0.057 0 -4 253 1 -14 -2 -1100 4587 2305
0.057 -1 -3 252 6 -17 -1 -1110 4497 2315
0.057 -1 0 257 10 0 4 -1140 4492 2315
0.057 -1 1 257 16 6 7 -1120 4460 2400
0.057 0 2 255 -1 2 13 -1130 4497 2310
0.057 -1 1 252 -4 18 6 -1072 4545 2342
0.043 -1 2 256 -4 21 9 -1037 4502 2332
0.071 -1 -5 252 0 6 13 -1095 4482 2327
0.057 -2 -6 257 7 9 21 -1135 4497 2310
0.057 -4 0 267 -10 -2 25 -1100 4482 2327
0.057 -3 1 265 -4 -18 28 -1150 4492 2347
0.043 -1 -1 254 5 -26 37 -1125 4502 2315
0.057 -1 1 252 12 -26 37 -1082 4540 2347
0.057 0 -3 253 24 -12 40 -1120 4512 2357
0.057 1 -2 249 0 -3 48 -1130 4545 2367
0.057 6 -6 252 22 6 57 -1167 4530 2327
0.043 -2 1 251 22 9 55 -1125 4507 2357
0.043 0 -2 247 15 -3 59 -1082 4535 2347
0.057 3 1 261 8 9 56 -1130 4487 2367
0.043 -1 2 261 16 -6 61 -1062 4460 2337
0.085 0 -1 257 16 0 69 -1145 4507 2337
0.057 0 1 256 13 -8 77 -1100 4545 2320
0.043 2 1 259 2 -1 71 -1095 4540 2347
0.057 4 -3 264 26 0 73 -1082 4555 2357
0.057 0 -2 259 2 -15 71 -1052 4512 2357
0.043 -1 1 259 -3 -6 74 -1077 4512 2415
0.057 9 -2 263 21 -18 76 -1047 4482 2347
0.057 1 5 246 10 -10 59 -1057 4545 2342
0.043 -2 -1 251 -15 19 25 -1005 4512 2332
0.057 10 -8 258 9 38 22 -1067 4520 2347
0.057 1 6 249 -9 27 -3 -1072 4525 2337
0.057 -2 5 254 -36 27 -24 -1032 4525 2347
0.043 5 -1 255 -20 12 -49 -1057 4525 2327
0.071 0 2 259 -34 8 -75 -1052 4550 2347
0.043 2 -3 255 -24 13 -87 -1047 4540 2332
0.057 0 -5 253 2 18 -88 -1095 4530 2362
0.057 7 -4 254 -5 33 -80 -1082 4525 2342
0.043 1 -1 255 -8 36 -71 -1052 4555 2332
0.057 3 -1 255 3 45 -56 -1077 4555 2347
0.057 3 2 259 4 38 -47 -1105 4497 2357
0.057 -4 1 264 4 8 -28 -1100 4520 2342
0.057 -1 0 263 4 -11 -24 -1115 4520 2337
0.043 -3 1 256 0 -8 -20 -1105 4465 2352
0.057 -5 2 255 -8 2 -26 -1077 4497 2357
0.057 0 -2 253 7 -20 -36 -1110 4502 2362
0.057 6 0 269 1 4 -39 -1145 4472 2337
0.071 -1 -2 261 7 -1 -41 -1110 4497 2337
0.057 0 0 259 -3 6 -44 -1125 4545 2347
0.057 0 -1 258 11 6 -49 -1130 4507 2332
0.057 0 2 258 -2 5 -53 -1120 4535 2347
0.028 2 -1 256 4 10 -61 -1140 4525 2337
0.057 -3 0 261 11 4 -65 -1145 4507 2357
0.057 2 0 264 -3 2 -68 -1150 4497 2342
0.043 0 3 262 -10 -7 -69 -1162 4502 2337
0.057 2 -3 252 -1 5 -62 -1072 4482 2342
0.057 -1 3 259 -6 8 -49 -1110 4530 2337
0.043 -3 0 261 2 -3 -47 -1120 4502 2352
0.057 -3 2 267 -3 -19 -43 -1157 4540 2315
0.142 2 -2 259 -1 -16 -32 -1162 4512 2327
0.043 1 -2 256 0 -7 -29 -1157 4525 2357
0.043 -2 -2 254 3 8 -23 -1120 4540 2327
0.057 -1 -3 258 13 7 -15 -1125 4502 2342
0.043 -6 -1 262 7 -13 -6 -1182 4477 2420
0.057 -6 4 259 -4 -21 1 -1202 4450 2377
0.057 -1 1 261 -1 -15 6 -1157 4497 2352
0.028 3 1 247 -3 2 13 -1182 4507 2362
0.057 2 -2 260 12 4 16 -1145 4472 2367
0.043 2 -3 259 14 -6 24 -1187 4550 2347
0.057 2 -2 260 7 -3 28 -1172 4525 2347
0.043 1 -1 255 3 -3 35 -1120 4502 2320
0.043 3 2 253 15 7 38 -1100 4487 2315
0.085 -1 1 259 13 1 45 -1125 4540 2405
0.028 1 0 261 16 -11 50 -1177 4497 2372
0.057 0 2 259 9 -19 55 -1145 4507 2332
0.043 1 1 254 4 -3 52 -1082 4535 2352
0.057 4 -3 253 11 -2 55 -1140 4550 2352
0.057 4 -1 258 8 -2 65 -1115 4567 2367
0.028 3 -1 258 3 -7 77 -1145 4525 2357
0.057 1 -2 259 13 -6 82 -1087 4492 2357
0.043 -2 1 260 14 -7 89 -1095 4492 2377
0.057 -2 3 265 -14 2 80 -1130 4540 2342
0.043 -2 2 266 9 11 67 -1087 4520 2327
0.057 -3 3 257 -4 19 56 -1110 4502 2327
0.043 5 -2 257 -5 23 48 -1110 4502 2327
0.071 4 1 257 13 17 44 -1105 4497 2387
0.028 6 3 260 6 17 39 -1077 4512 2367
0.057 8 3 256 -6 8 36 -1087 4540 2332
0.057 10 3 257 -4 9 42 -1087 4562 2372
0.043 11 -1 247 11 15 30 -1095 4520 2377
0.057 10 -4 250 16 25 20 -1087 4512 2367
0.057 9 -4 250 23 35 9 -1082 4540 2415
0.043 8 -4 256 15 56 -7 -1095 4507 2357
0.057 6 -3 255 14 62 -19 -1095 4507 2382
0.057 5 3 253 -3 63 -35 -1095 4545 2352
0.057 4 4 256 -6 72 -46 -1125 4577 2352
0.057 1 3 261 5 38 -54 -1095 4545 2347
0.057 2 4 260 -3 11 -63 -1120 4572 2342
0.071 0 -5 253 4 4 -64 -1125 4477 2377
0.057 4 -5 262 -5 6 -63 -1120 4497 2347
0.057 3 -6 265 1 8 -62 -1120 4555 2352
0.057 3 -4 262 14 3 -49 -1120 4550 2372
0.057 1 2 261 7 -4 -35 -1120 4512 2377
0.071 1 2 256 4 -1 -24 -1105 4512 2400
0.057 2 4 257 7 1 -1 -1115 4507 2372
0.071 -1 2 260 0 -1 4 -1167 4482 2367
0.057 3 -2 261 -3 -4 4 -1077 4487 2332
0.057 -1 -1 259 -3 -15 8 -1110 4520 2320
0.057 0 -4 251 7 -12 3 -1100 4520 2362
0.057 3 1 251 -1 -7 -1 -1145 4567 2357
0.057 3 3 258 -12 -5 -4 -1100 4562 2420
0.085 3 0 255 23 -19 -5 -1082 4555 2362
0.071 3 3 258 -1 -12 -1 -1095 4487 2327
0.071 5 3 254 -4 -22 8 -1120 4472 2362
0.057 9 1 247 4 -23 21 -1082 4465 2377
0.057 9 2 262 -11 -33 33 -1125 4545 2352
0.085 9 1 258 -14 -34 33 -1120 4472 2352
0.057 7 -5 253 3 -36 37 -1100 4535 2352
0.071 2 -1 255 9 -27 28 -1105 4525 2357
0.071 3 1 261 -9 -25 12 -1125 4545 2362
0.071 2 -1 256 -6 -16 5 -1095 4487 2387
0.057 1 -2 261 0 -19 -15 -1115 4540 2352
0.071 1 0 257 -14 -16 -25 -1120 4582 2425
0.071 1 -5 255 -19 -25 -35 -1100 4512 2387
0.099 2 -2 248 -8 -30 -56 -1110 4497 2357
0.057 4 -2 253 -8 -27 -65 -1110 4535 2377
0.085 4 -5 254 -5 -21 -66 -1110 4577 2387
0.071 5 -3 255 8 -5 -54 -1125 4520 2377
0.057 6 0 258 -11 -1 -47 -1105 4507 2377
0.085 4 0 261 4 16 -29 -1077 4512 2337
0.057 3 3 265 -16 24 -13 -1125 4525 2377
0.085 2 -9 246 -2 22 1 -1120 4497 2342
0.057 -2 -4 252 14 33 -1 -1115 4555 2332
0.085 -2 0 259 -10 33 -1 -1162 4562 2347
0.057 0 1 253 -6 31 -13 -1145 4507 2337
0.085 -3 2 256 2 24 -29 -1135 4507 2367
0.085 -1 0 260 -8 16 -51 -1140 4530 2320
0.071 4 2 259 -12 10 -70 -1150 4487 2430
0.057 -1 4 255 -17 6 -88 -1172 4497 2382
0.085 2 1 256 -17 10 -96 -1157 4520 2405
0.071 -1 2 254 2 3 -109 -1157 4555 2337
0.057 2 1 261 -2 1 -105 -1187 4535 2332
0.085 1 0 258 -29 -9 -99 -1162 4520 2347
0.071 -1 1 257 -22 -25 -93 -1150 4492 2387
0.071 -1 2 252 -4 -20 -75 -1130 4465 2387
0.071 -1 -1 257 -3 -22 -48 -1177 4507 2425
0.071 2 -4 257 8 -31 -21 -1140 4497 2382
0.085 2 -2 260 5 -31 -3 -1177 4512 2387
0.057 4 4 260 -12 -5 13 -1177 4540 2342
0.113 7 -2 260 18 24 20 -1162 4512 2387
0.057 3 0 262 -9 1 22 -1162 4497 2387
0.085 -1 2 255 -1 8 12 -1167 4562 2372
0.057 -4 3 256 3 -12 1 -1172 4482 2342
0.085 2 -5 258 4 -6 -13 -1150 4487 2342
0.057 1 -2 254 8 -17 -22 -1162 4535 2327
0.085 3 1 256 2 -21 -25 -1162 4530 2377
0.071 1 1 257 -1 -21 -18 -1182 4525 2405
0.071 3 -2 258 11 -18 -13 -1140 4507 2382
0.071 6 -7 256 17 -5 -3 -1162 4520 2372
0.085 6 -1 258 6 -1 -3 -1177 4482 2372
0.071 3 0 260 -5 9 1 -1192 4465 2352
0.071 1 -3 254 7 15 0 -1162 4502 2352
0.199 -4 0 255 13 48 -1 -1187 4497 2395
0.057 -6 2 259 -1 49 -6 -1125 4525 2420
0.085 -3 1 258 -4 38 -7 -1177 4507 2410
0.057 -3 0 254 8 30 -10 -1150 4492 2347
0.085 0 1 254 -2 22 -9 -1192 4530 2357
0.057 -1 0 256 -11 11 -11 -1207 4525 2347
0.085 1 -5 259 3 1 -11 -1197 4520 2357
0.071 0 -6 256 12 -10 -11 -1167 4550 2367
0.071 -1 2 248 -7 -15 -14 -1240 4512 2320
0.071 2 -2 247 -2 -10 -11 -1187 4535 2405
0.071 -1 0 256 -6 -5 3 -1172 4530 2342
0.085 1 1 258 20 -5 10 -1215 4507 2347
0.057 -4 1 267 10 -9 23 -1197 4535 2342
0.199 -1 4 258 -9 4 42 -1182 4562 2347
0.085 3 -2 251 22 0 52 -1145 4535 2332
0.057 2 -1 248 19 -2 64 -1207 4530 2352
0.085 -1 -3 256 25 -10 64 -1162 4545 2357
0.071 3 -1 257 9 -12 65 -1215 4525 2387
0.085 3 1 258 24 -7 69 -1167 4530 2377
0.057 6 2 253 25 -3 66 -1095 4550 2400
0.071 5 4 257 7 2 65 -1125 4492 2372
0.085 1 0 254 14 -5 61 -1145 4535 2337
0.057 3 2 255 4 -7 60 -1162 4550 2395
0.085 3 0 253 20 -14 52 -1135 4562 2405
0.071 2 0 260 -12 -6 47 -1120 4540 2387
0.071 4 -1 253 -13 -20 32 -1115 4507 2382
0.113 3 -1 250 -23 -32 26 -1110 4530 2352
0.071 3 1 251 -19 -24 17 -1130 4550 2347
0.085 3 1 268 -42 -19 2 -1145 4562 2327
0.085 -1 2 273 -13 -18 -10 -1150 4572 2357
0.071 1 0 261 -17 -14 -18 -1150 4525 2352
0.071 3 -5 249 5 -12 -23 -1105 4555 2367
0.085 -4 -4 250 1 -5 -26 -1125 4525 2362
0.085 -3 1 257 12 -8 -11 -1095 4520 2377
0.071 0 0 258 19 -16 -4 -1105 4545 2347
0.085 0 4 262 -7 -34 12 -1162 4550 2357
0.071 1 1 259 5 -46 26 -1125 4520 2357
0.071 2 9 264 20 -13 23 -1110 4507 2352
0.113 1 5 268 -2 27 44 -1162 4535 2357
0.071 3 -10 244 15 -20 41 -1140 4530 2347
0.085 18 -11 262 3 -9 25 -1095 4502 2382
0.085 4 -7 255 -11 -4 10 -1115 4567 2382
0.057 2 4 269 -14 35 4 -1105 4492 2420
0.085 -4 -2 252 29 7 7 -1145 4550 2305
0.085 3 4 264 -10 8 4 -1125 4512 2315
0.057 -8 5 260 -23 -14 4 -1135 4535 2352
0.085 -1 -3 263 3 -26 0 -1077 4502 2405
0.085 0 -1 257 2 -25 7 -1105 4512 2395
0.057 3 -7 259 13 8 17 -1100 4530 2337
0.085 -3 -4 254 15 -4 27 -1140 4530 2410
0.071 -2 3 258 -3 6 40 -1110 4502 2332
0.099 -6 -1 258 14 -2 48 -1100 4482 2332
0.071 -5 2 261 14 -7 60 -1135 4512 2415
0.071 -5 1 261 4 -11 66 -1115 4497 2425
0.071 -3 2 266 16 -12 74 -1125 4525 2395
0.085 -3 2 264 22 -9 79 -1095 4502 2362
0.057 1 -1 263 22 -10 81 -1115 4492 2372
0.071 -3 5 260 8 10 81 -1095 4502 2367
0.057 4 0 264 13 11 90 -1095 4530 2332
0.085 2 -4 255 12 14 90 -1082 4545 2430
0.071 -3 -1 259 18 17 90 -1087 4562 2435
0.057 -3 6 271 -21 23 76 -1067 4525 2357
0.071 -3 1 267 1 16 61 -1005 4535 2435
0.057 -4 0 255 2 7 51 -1032 4562 2405
0.085 2 1 249 12 -10 46 -1052 4535 2362
0.085 4 4 251 1 -6 48 -1067 4502 2347
0.057 6 4 253 -4 -1 46 -1072 4530 2415
0.057 7 -2 253 14 -7 43 -1052 4545 2382
0.071 4 0 257 36 -14 40 -1087 4567 2400
0.071 4 0 257 24 -10 34 -1072 4577 2450
0.071 4 0 252 15 -4 24 -1082 4540 2357
0.057 5 2 251 -10 -10 15 -1037 4582 2362
0.085 4 -2 253 -3 1 5 -1000 4530 2372
0.057 4 -3 257 1 7 -4 -1032 4540 2352
0.071 3 -4 261 -3 7 -6 -1047 4525 2327
0.071 1 -2 265 -7 12 -5 -1052 4555 2327
0.057 0 -3 257 9 8 -9 -1067 4530 2337
0.113 1 -1 261 6 9 -3 -1020 4545 2367
0.057 -1 2 256 3 9 -4 -1037 4555 2367
0.071 2 1 250 3 10 2 -1020 4567 2415
0.071 -1 5 257 3 9 3 -1067 4545 2352
0.057 0 4 263 -17 23 -6 -1047 4562 2352
0.085 0 -3 256 8 24 -3 -1077 4540 2347
0.057 0 -4 252 13 28 -12 -1052 4530 2387
0.057 0 0 256 -14 39 -16 -1062 4555 2410
0.085 0 -3 251 8 53 -10 -1077 4555 2410
0.057 -2 1 255 27 47 5 -1042 4587 2387
0.057 -1 2 257 0 10 10 -1067 4602 2342
0.085 -2 0 252 -3 -2 21 -1115 4562 2337
0.057 -2 2 247 -2 -19 26 -1062 4555 2372
0.099 0 -1 261 -18 -27 31 -1105 4550 2352
0.071 -1 1 260 -6 -24 22 -1095 4587 2327
0.057 -4 -3 258 12 -36 14 -1057 4597 2395
0.071 2 1 262 -9 -25 -3 -1010 4535 2415
0.071 -1 2 259 -14 -23 -19 -980 4555 2387
0.071 -3 -2 257 4 -14 -23 -1032 4530 2367
0.071 -3 1 258 -12 -6 -23 -1020 4540 2377
0.057 -2 2 259 -30 6 -23 -1042 4520 2377
0.057 -2 -3 256 -3 2 -22 -1020 4520 2347
0.085 -4 3 258 -14 6 -21 -1095 4507 2347
0.057 3 -1 255 -18 2 -12 -1037 4577 2327
0.057 -3 -5 250 10 -12 4 -1057 4545 2372
0.170 -1 -1 264 -11 -24 30 -1057 4535 2440
0.057 -2 -3 259 13 -34 32 -1067 4540 2395
0.085 -3 2 251 -5 -35 29 -1082 4582 2377
0.057 -1 0 250 -15 -22 28 -1110 4545 2430
0.057 -3 0 250 18 -23 18 -1052 4535 2377
0.057 -2 -2 256 9 -2 -1 -1062 4562 2420
0.071 1 3 263 -13 6 -22 -1057 4512 2415
0.057 1 1 256 -11 7 -40 -1067 4530 2387
0.071 0 -1 256 5 2 -53 -1025 4602 2395
0.057 4 1 259 -11 7 -63 -990 4582 2347
0.057 6 -2 257 -14 15 -69 -1047 4572 2395
0.071 5 -1 257 -13 14 -77 -1052 4520 2430
0.057 4 2 253 -11 14 -81 -1077 4562 2367
0.085 1 -1 256 -17 23 -76 -1095 4545 2377
0.057 2 -2 263 -7 14 -72 -1072 4507 2410
0.071 0 1 266 -12 7 -70 -1057 4520 2430
0.057 1 1 254 -19 1 -60 -1087 4535 2387
0.057 1 -1 251 -15 -13 -57 -1110 4582 2410
0.071 -1 -1 254 -3 -17 -44 -1087 4512 2410
0.057 -1 -2 255 3 -26 -35 -1087 4587 2405
0.057 1 0 248 1 -13 -28 -1110 4577 2400
0.071 5 -3 258 2 5 -19 -1135 4567 2362
0.057 0 0 266 -3 25 -15 -1125 4535 2400
0.071 1 3 264 -1 24 -16 -1087 4555 2357
0.057 -2 1 253 14 18 -11 -1162 4550 2387
0.085 -2 6 255 -9 14 -21 -1077 4540 2387
0.071 0 -2 256 -3 16 -24 -1100 4525 2420
0.057 -1 -3 254 6 27 -28 -1110 4540 2387
0.057 1 2 256 4 29 -29 -1115 4530 2372
0.057 2 0 256 6 32 -30 -1125 4507 2405
0.057 1 3 257 8 36 -21 -1105 4545 2377
0.057 2 2 254 -3 38 -17 -1120 4465 2425
0.071 1 1 255 1 35 0 -1062 4610 2382
0.057 0 -4 260 -3 24 6 -1082 4512 2382
0.057 -1 -3 259 4 15 13 -1067 4582 2377
0.057 -2 2 263 6 13 8 -1100 4520 2362
0.071 0 1 265 5 8 10 -1115 4535 2367
0.057 -3 2 250 2 2 8 -1140 4545 2400
0.085 -4 0 252 5 -8 -2 -1100 4525 2395
0.057 0 -1 258 6 -8 0 -1100 4567 2410
0.057 -2 -2 259 7 -10 1 -1115 4525 2400
0.057 0 0 263 11 -14 10 -1087 4545 2405
0.057 -1 0 265 -7 -21 16 -1077 4530 2405
0.057 1 0 254 6 -31 33 -1082 4512 2395
0.057 1 1 251 0 -31 39 -1105 4530 2395
0.071 1 1 257 4 -34 42 -1087 4502 2425
0.057 2 1 263 -6 -32 41 -1115 4525 2405
0.071 2 -3 259 -3 -33 45 -1082 4550 2395
0.057 1 -1 256 8 -28 41 -1095 4535 2410
0.057 6 -1 249 11 -5 46 -1067 4550 2415
0.057 0 1 259 20 -5 52 -1062 4602 2440
0.085 -1 3 253 -2 -1 51 -1095 4492 2415
0.057 2 3 257 1 -7 56 -1115 4530 2467
0.071 1 2 254 -2 -9 58 -1115 4550 2387
0.057 1 -2 260 3 -14 72 -1057 4530 2430
0.057 1 -4 260 11 -15 72 -1005 4550 2455
0.057 4 0 259 -9 7 65 -1037 4555 2420
0.071 0 2 261 -11 20 63 -1057 4572 2425
0.057 4 -1 253 9 32 56 -1067 4555 2362
0.057 6 -5 251 13 29 46 -1062 4602 2420
0.057 0 -3 258 24 10 42 -1052 4492 2372
0.071 -2 1 260 16 2 34 -1067 4487 2400
0.057 -1 3 258 15 1 26 -1087 4525 2410
0.057 0 3 257 18 -8 21 -1015 4520 2440
0.085 1 2 257 20 -7 20 -1025 4550 2425
0.057 2 1 256 16 -10 25 -1047 4550 2430
0.057 4 -1 258 16 6 24 -1000 4530 2382
0.071 2 0 259 4 12 19 -1057 4540 2382
0.057 4 -5 256 12 11 16 -1067 4525 2377
0.057 2 3 256 5 28 8 -1015 4525 2400
0.071 0 3 255 -5 31 -1 -1020 4545 2425
0.057 0 5 254 13 19 -12 -1000 4525 2405
0.057 3 7 258 -13 34 -24 -1067 4562 2405
0.071 6 1 253 -6 32 -35 -1032 4550 2372
0.057 2 1 250 -28 35 -42 -1052 4567 2415
0.071 2 4 258 -41 39 -52 -1052 4562 2400
0.057 -1 3 264 -36 40 -63 -1072 4477 2415
0.085 2 -4 263 -20 44 -63 -1077 4520 2410
0.071 -3 0 258 -12 39 -50 -1087 4487 2450
0.057 1 -5 250 0 38 -35 -1087 4572 2455
0.057 0 1 256 0 31 -16 -1087 4502 2415
0.085 2 0 255 0 37 4 -1082 4562 2400
0.057 0 0 259 15 27 31 -1115 4520 2425
0.057 0 3 260 4 10 44 -1105 4502 2425
0.057 -2 1 253 9 6 60 -1087 4535 2410
0.071 -2 2 253 -8 -4 67 -1077 4555 2395
0.057 -2 1 259 -7 -15 72 -1047 4530 2400
0.085 10 -5 263 5 -16 69 -1052 4530 2387
0.057 -1 4 258 5 -5 63 -1072 4587 2395
0.071 4 0 255 3 -16 39 -1047 4572 2372
0.085 1 -1 258 16 8 23 -1052 4540 2415
0.057 0 5 255 2 2 19 -1072 4540 2387
0.071 7 -2 246 7 10 2 -1037 4562 2410
0.071 -6 -12 246 0 42 8 -1037 4512 2382
0.057 -13 17 286 5 -28 10 -1087 4582 2467
0.071 15 -1 275 -24 32 -16 -1062 4615 2362
0.071 3 2 269 0 39 -10 -1052 4572 2450
0.057 -5 -3 282 -24 12 -9 -1042 4555 2377
0.071 11 0 271 33 20 1 -1032 4540 2445
0.071 -1 -2 251 -18 16 13 -1047 4525 2482
0.057 13 -8 258 2 -39 18 -1032 4550 2430
0.085 29 -14 249 13 -11 40 -1047 4540 2400
0.057 -1 9 257 6 28 20 -1000 4540 2420
0.170 -5 5 279 13 -3 18 -1005 4520 2420
0.071 -3 6 266 7 6 15 -1042 4512 2435
0.071 4 -3 257 11 5 18 -975 4577 2400
0.057 -9 -1 253 14 -5 11 -1025 4520 2410
0.071 1 1 270 9 5 13 -1037 4550 2410
0.057 1 -3 254 22 18 14 -1057 4555 2377
0.085 -1 3 254 -5 27 17 -1052 4577 2362
0.057 -1 -2 250 6 -2 23 -1087 4555 2400
0.057 -6 3 250 -15 30 17 -1067 4545 2400
0.085 -5 0 264 -10 20 12 -1042 4540 2410
0.057 -5 -4 257 10 -16 9 -1037 4555 2400
0.057 -1 1 261 -2 -32 18 -1037 4562 2445
0.057 -4 0 253 12 -40 12 -1005 4587 2405
0.113 -1 5 255 3 -40 22 -1020 4562 2440
0.057 2 3 252 2 -43 29 -1062 4530 2435
0.057 3 1 255 18 -37 25 -1015 4545 2455
0.071 -2 4 254 25 -39 22 -1015 4512 2462
0.071 6 -7 254 33 -45 17 -1010 4545 2425
0.057 2 -2 256 21 -42 10 -1000 4555 2430
0.071 8 -6 242 2 -37 -9 -1042 4550 2445
0.071 6 4 262 19 -18 -14 -1015 4550 2445
0.071 -1 1 247 23 1 -18 -1005 4625 2445
0.057 5 2 258 -6 20 -18 -1057 4592 2435
0.071 1 -1 258 -17 14 -20 -1000 4567 2462
0.057 -4 -4 258 -1 7 -23 -1020 4540 2425
0.113 -2 1 265 7 -10 -18 -1015 4620 2435
0.057 -1 1 254 4 -6 -9 -1020 4567 2445
0.057 -1 2 253 -5 2 4 -1005 4567 2420
0.071 0 -1 250 2 25 8 -1000 4545 2477
0.071 -3 2 258 -5 12 13 -1020 4540 2405
0.057 -5 1 265 -6 15 16 -1047 4550 2410
0.057 -3 -4 254 13 0 4 -1042 4587 2410
0.071 -8 -2 256 4 -22 6 -1047 4555 2410
0.071 -2 1 256 -2 -48 2 -952 4562 2462
0.057 -3 -1 253 6 -62 2 -995 4610 2445
0.071 0 3 257 11 -78 3 -980 4562 2435
0.057 1 3 255 9 -88 11 -1000 4545 2400
0.071 4 4 261 -6 -85 17 -985 4562 2410
0.085 5 1 252 -1 -85 6 -1015 4525 2400
0.071 9 2 260 -7 -45 -6 -980 4567 2435
0.071 5 0 254 -16 -21 -11 -1000 4577 2400
0.071 -6 -1 260 2 -34 -23 -990 4587 2405
0.057 -1 -2 261 2 -29 -38 -1005 4610 2450
0.071 1 3 254 -21 -15 -44 -1077 4587 2415
0.057 -4 0 254 -8 -29 -52 -1047 4550 2440
0.085 -4 -1 255 0 -36 -45 -962 4545 2435
0.057 2 3 262 -39 -25 -41 -1000 4550 2450
0.057 -2 -2 258 -15 -20 -36 -1010 4567 2435
0.071 0 1 260 -6 -13 -38 -967 4592 2455
0.057 3 2 263 -21 -5 -33 -957 4592 2467
0.057 4 -2 255 6 -10 -25 -962 4587 2445
0.113 4 0 254 -1 8 -11 -975 4562 2440
0.057 3 2 259 -15 11 5 -1015 4520 2435
0.057 8 0 266 0 14 16 -995 4587 2445
0.057 1 3 263 15 17 25 -957 4530 2492
0.057 5 3 261 -12 19 40 -1015 4597 2467
0.071 0 -4 262 -7 -6 46 -1000 4535 2467
0.071 2 -1 253 21 -9 50 -1020 4545 2435
0.057 0 2 260 0 -5 37 -1010 4525 2430
0.071 2 2 259 -15 -8 30 -975 4545 2445
0.057 -2 0 255 -3 -11 26 -1020 4540 2440
0.057 1 2 256 -1 -10 13 -990 4562 2405
0.071 3 2 262 -5 4 -3 -985 4525 2462
0.057 3 0 261 -12 8 -11 -1005 4567 2455
0.085 2 0 248 -5 22 -17 -1005 4545 2445
0.071 -1 0 261 -22 5 -13 -1015 4540 2415
0.057 0 -1 255 -20 8 -13 -1010 4555 2450
0.071 1 -7 255 -5 4 -8 -1025 4502 2507
0.057 0 -1 253 -13 23 4 -1010 4540 2535
0.057 1 0 258 -14 24 12 -1020 4572 2430
0.057 1 -1 254 -7 15 24 -957 4582 2492
0.071 0 3 252 -1 10 29 -990 4582 2445
0.057 -2 -1 253 -3 13 34 -980 4555 2455
0.057 0 -1 256 -6 19 38 -985 4582 2502
0.057 1 1 261 -2 34 30 -975 4602 2415
0.057 -1 1 258 6 42 29 -942 4582 2415
0.057 0 0 254 9 60 27 -975 4592 2440
0.085 -2 1 253 6 71 21 -967 4555 2502
0.057 0 -2 261 10 65 10 -975 4572 2517
0.057 -2 1 261 -7 63 3 -1025 4592 2477
0.057 -2 0 253 0 51 -1 -1037 4555 2467
0.057 -2 2 253 13 27 2 -1005 4550 2450
0.057 -2 4 257 4 10 11 -995 4502 2477
0.057 1 1 259 5 -15 19 -1025 4530 2467
0.057 2 0 256 8 -35 35 -980 4525 2455
0.071 1 2 254 2 -65 43 -995 4550 2462
0.071 1 3 257 2 -68 58 -967 4562 2425
0.057 -1 2 262 -7 -75 61 -990 4550 2445
0.057 3 -4 258 6 -72 62 -985 4550 2472
0.071 0 -3 260 3 -64 55 -905 4587 2462
0.085 1 -1 253 3 -61 44 -937 4592 2467
0.057 0 2 251 -5 -53 38 -942 4540 2497
0.057 -1 3 256 -1 -45 32 -957 4602 2477
0.057 8 2 252 3 -30 25 -957 4530 2507
0.057 8 1 261 -15 -14 38 -927 4545 2477
0.071 7 -4 260 15 -25 46 -980 4592 2462
0.057 7 -1 262 11 -18 55 -957 4562 2522
0.057 5 0 257 -9 -25 65 -947 4572 2450
0.085 6 -1 251 4 -28 74 -912 4520 2450
0.057 7 -1 253 3 -11 75 -912 4597 2372
0.057 9 -2 255 12 -7 84 -912 4555 2477
0.071 9 -1 259 12 0 79 -912 4597 2502
0.057 8 1 260 -1 11 81 -885 4587 2472
0.170 12 -2 265 2 27 73 -890 4545 2472
0.071 9 1 260 -2 17 72 -880 4562 2512
0.057 6 6 260 -23 20 62 -885 4572 2455
0.071 5 1 258 -18 25 61 -870 4555 2482
0.071 5 -3 253 7 31 69 -860 4582 2487
0.071 7 -7 252 27 38 78 -812 4567 2522
0.057 8 -3 257 10 44 93 -855 4512 2512
0.071 4 -3 257 7 61 100 -837 4512 2445
0.057 -1 1 256 17 65 101 -865 4545 2530
0.085 -1 2 260 17 37 106 -850 4572 2507
0.057 -2 0 260 18 21 99 -842 4567 2467
0.071 1 0 250 17 25 91 -827 4602 2492
0.071 -1 -1 251 14 22 84 -822 4555 2450
0.085 -2 -1 257 22 25 67 -822 4587 2467
0.071 0 2 262 3 35 54 -870 4602 2430
0.071 2 -4 259 13 35 45 -792 4577 2420
0.057 1 1 252 3 39 37 -822 4577 2462
0.071 2 -3 251 3 44 29 -792 4630 2415
0.057 3 -2 252 8 50 14 -827 4567 2455
0.085 0 6 264 -23 51 -2 -832 4592 2482
0.057 -4 6 261 -17 38 -20 -770 4597 2435
0.057 -3 1 253 -21 38 -34 -822 4582 2487
0.071 -2 0 243 -30 22 -52 -812 4530 2455
0.071 -2 -2 244 -11 20 -51 -832 4550 2445
0.071 -2 4 252 -19 20 -40 -812 4582 2482
0.057 4 1 261 -9 21 -21 -797 4610 2467
0.113 -1 1 262 -3 7 5 -817 4645 2462
0.057 0 2 265 -7 5 23 -802 4545 2455
0.057 -2 -3 252 -7 7 35 -807 4562 2462
0.085 -1 2 256 1 -4 41 -827 4540 2512
0.057 -5 0 266 0 -15 43 -817 4577 2487
0.071 -7 -2 264 14 -16 40 -827 4562 2435
0.071 -4 2 261 11 -15 35 -792 4555 2467
0.057 -6 4 264 -16 -4 16 -842 4562 2477
0.071 -5 1 264 3 -7 1 -780 4567 2455
0.057 -8 5 252 17 11 9 -765 4545 2462
0.057 -4 -1 256 -3 9 10 -785 4620 2450
0.071 0 -2 272 -4 11 19 -785 4620 2492
0.071 -4 7 277 -1 6 28 -832 4610 2425
0.057 4 -1 252 -22 3 43 -842 4610 2482
0.085 5 1 264 4 3 31 -775 4602 2467
0.057 2 -5 262 -26 -14 14 -760 4562 2405
0.057 -3 -2 263 -6 -23 21 -792 4545 2462
0.071 2 2 255 9 19 23 -817 4615 2487
0.057 2 1 258 -4 26 19 -785 4610 2440
0.057 -2 -5 257 8 -2 23 -765 4597 2487
0.071 6 1 261 1 -3 18 -760 4602 2455
0.057 -1 -2 249 6 -11 13 -760 4592 2445
0.071 -3 5 255 -2 -10 -3 -802 4587 2425
0.057 -2 3 258 -7 -8 -8 -797 4502 2445
0.057 3 2 273 6 -7 -22 -770 4507 2487
0.071 1 0 262 7 3 -29 -765 4582 2430
0.057 2 -2 248 -1 -2 -28 -775 4562 2445
0.085 -1 1 262 4 4 -37 -770 4567 2455
0.057 2 -1 260 10 -19 -26 -740 4512 2477
0.071 5 -5 241 -1 9 -21 -730 4525 2445
0.071 3 -6 255 30 -19 -18 -760 4567 2445
0.057 -1 -2 264 16 -48 -4 -755 4540 2467
0.057 -1 5 267 -24 -62 -21 -765 4550 2455
0.085 -3 -1 258 -7 -74 -30 -832 4577 2450
0.057 -3 4 255 -11 -62 -28 -792 4535 2472
0.057 1 4 253 0 -59 -20 -765 4562 2477
0.071 2 3 260 11 -59 -8 -740 4562 2472
0.057 2 -2 264 4 -52 2 -765 4582 2477
0.071 3 -2 266 7 -47 20 -712 4577 2467
0.057 -3 1 238 19 -24 33 -765 4597 2445
0.085 -1 -1 256 29 19 33 -770 4540 2420
0.071 9 -8 252 36 15 34 -765 4587 2425
0.071 -2 -1 276 16 -25 21 -702 4550 2410
0.057 7 0 255 19 -31 13 -682 4512 2420
0.057 1 2 252 31 -34 8 -722 4555 2462
0.057 8 6 256 19 -32 9 -770 4572 2415
0.085 8 5 259 -1 -33 -4 -722 4602 2435
0.057 1 3 254 -12 -28 -15 -775 4587 2482
0.057 4 0 252 -2 -27 -21 -702 4540 2435
0.085 5 3 259 -23 -5 -19 -740 4572 2462
0.057 4 2 258 -16 14 -15 -770 4597 2450
0.057 1 -1 259 -3 19 -5 -712 4582 2435
0.071 -6 -1 265 -14 15 6 -730 4567 2450
0.099 -7 3 259 -15 26 13 -697 4587 2450
0.057 2 1 250 -10 26 21 -755 4555 2440
0.057 -6 -3 250 8 18 21 -745 4555 2400
0.057 -4 -2 257 4 6 28 -712 4597 2455
0.057 -1 1 260 6 3 39 -722 4525 2445
0.071 1 1 255 19 -8 45 -755 4535 2450
0.057 7 3 256 8 -15 54 -717 4592 2415
0.057 6 0 255 15 -10 67 -745 4562 2377
0.057 3 1 257 5 -6 74 -740 4577 2440
0.085 4 -3 256 -4 -3 70 -730 4540 2377
0.057 3 -4 253 5 -5 69 -730 4555 2377
0.057 2 1 256 14 -9 58 -712 4555 2415
0.071 -1 1 254 11 -18 45 -712 4610 2425
0.085 -2 3 254 -1 -32 18 -672 4550 2382
0.057 0 3 255 -2 -36 0 -722 4597 2377
0.057 4 1 256 -16 -31 -14 -672 4572 2387
0.071 3 1 258 -13 -34 -19 -707 4577 2425
0.071 5 2 264 -16 -18 -29 -667 4535 2415
0.057 3 2 263 -23 -4 -35 -667 4567 2477
0.057 2 3 256 -16 -2 -44 -687 4562 2405
0.071 2 0 258 -14 -9 -47 -735 4582 2362
0.071 0 -3 256 -6 -22 -38 -687 4555 2377
0.057 2 1 257 -15 -33 -38 -707 4545 2342
0.071 2 -2 256 -11 -55 -34 -707 4497 2435
0.057 2 0 263 -24 -72 -36 -717 4525 2410
0.071 5 -1 262 -46 -60 -48 -667 4550 2450
0.170 -12 6 250 -44 10 -34 -730 4530 2455
0.071 19 5 284 12 42 -44 -697 4545 2405
0.071 -11 7 263 23 29 -28 -692 4555 2435
0.057 -7 4 261 -28 4 -35 -702 4525 2445
0.057 -5 -2 257 -21 9 -48 -712 4555 2415
0.071 -6 -4 260 21 -12 -50 -750 4525 2405
0.071 -3 4 260 -9 -5 -59 -692 4567 2425
0.057 2 0 256 -18 -12 -61 -682 4587 2435
0.071 0 -1 251 -4 -7 -58 -745 4520 2445
0.057 2 2 257 2 2 -54 -740 4550 2395
0.057 5 2 260 -18 8 -43 -770 4555 2435
0.057 3 2 259 -25 19 -36 -745 4572 2395
0.099 2 1 254 -21 44 -19 -707 4555 2400
0.057 1 -1 253 -23 53 -9 -745 4567 2420
0.057 -1 -3 252 -13 62 6 -780 4555 2372
0.057 -8 0 275 6 28 18 -765 4535 2357
0.057 -7 -2 271 -10 -7 25 -775 4540 2435
0.057 -1 0 247 -4 -17 35 -745 4507 2357
0.071 -4 3 246 -6 -42 40 -745 4512 2387
0.057 -1 0 257 5 -54 45 -740 4520 2362
0.057 -1 -2 262 7 -64 50 -770 4555 2420
0.057 0 -1 259 0 -67 51 -745 4555 2415
0.057 3 -2 257 4 -58 52 -712 4545 2455
0.057 8 -4 264 31 -35 35 -687 4525 2347
0.057 14 -2 251 -14 75 28 -702 4582 2400
0.085 6 -7 245 18 17 39 -667 4545 2382
0.057 1 -5 260 -6 37 25 -722 4530 2420
0.057 0 1 261 -2 29 11 -687 4507 2425
0.057 4 -5 256 6 5 9 -667 4520 2445
0.057 0 -2 255 -1 -2 6 -745 4520 2320
0.057 2 2 253 14 -8 1 -730 4562 2357
0.057 1 7 255 -1 -21 -12 -722 4492 2400
0.057 4 0 265 14 -25 -23 -702 4562 2377
0.057 -1 -2 242 1 -27 -26 -712 4502 2377
0.057 3 -4 243 -14 35 -43 -722 4487 2382
0.057 5 0 272 -5 9 -63 -712 4545 2372
0.057 2 -4 263 8 23 -59 -712 4530 2395
0.057 -3 3 270 -10 28 -64 -735 4535 2387
0.071 -5 -2 260 2 1 -77 -712 4520 2387
0.071 -1 3 258 -22 -22 -72 -735 4550 2362
0.057 -2 0 259 -5 -53 -57 -697 4540 2435
0.057 3 0 256 -5 -76 -48 -770 4502 2357
0.057 10 6 273 -20 -35 -31 -692 4525 2382
0.057 8 -5 254 -3 -38 -15 -712 4520 2337
0.057 11 -3 264 4 -18 -6 -702 4562 2420
0.057 -1 -5 248 2 -44 9 -707 4567 2410
0.057 -1 0 248 9 -38 26 -730 4502 2387
0.057 4 2 253 -14 21 37 -697 4525 2400
0.057 -1 -3 237 24 -17 33 -745 4455 2367
0.057 14 3 285 1 -14 41 -712 4520 2342
0.057 22 -2 284 6 9 44 -717 4497 2347
0.071 11 -3 261 11 -1 46 -755 4497 2382
0.057 12 -5 258 7 2 47 -722 4492 2372
0.057 8 -2 252 3 -5 48 -740 4497 2367
0.057 9 3 257 -10 -18 38 -687 4512 2372
0.057 10 4 259 -18 -19 35 -667 4520 2352
0.057 12 -1 256 -6 -10 32 -692 4487 2420
0.057 11 -1 252 -11 8 38 -692 4512 2400
0.057 10 -7 248 17 32 45 -672 4525 2445
0.071 5 -3 257 22 30 46 -697 4525 2372
0.057 4 1 263 8 17 47 -707 4487 2387
0.057 0 2 257 13 1 41 -682 4497 2362
0.071 3 3 256 15 -11 37 -660 4492 2372
0.071 6 1 255 6 -4 31 -687 4540 2377
0.085 7 5 262 23 7 20 -707 4555 2395
0.057 6 1 255 9 7 14 -712 4502 2395
0.057 12 -2 252 11 14 8 -682 4512 2332
0.071 6 0 262 13 21 10 -717 4512 2387
0.057 9 0 264 7 16 6 -660 4540 2415
0.071 3 0 256 14 11 11 -677 4497 2315
0.057 7 1 256 9 25 13 -712 4502 2367
0.071 8 -5 250 9 24 15 -707 4567 2352
0.057 4 -3 249 8 26 12 -697 4525 2332
0.071 4 6 267 -17 28 5 -702 4555 2377
0.071 7 5 266 -16 21 -11 -722 4540 2352
0.057 1 2 256 -22 17 -23 -672 4512 2382
0.071 4 1 248 -30 13 -33 -717 4520 2367
0.071 7 -5 239 -21 23 -39 -682 4525 2310
0.099 3 2 256 -30 18 -50 -735 4512 2387
0.057 2 -2 263 -3 26 -43 -717 4572 2387
0.085 5 -9 261 3 -19 -28 -740 4540 2372
0.057 4 -3 262 5 -30 -35 -740 4562 2372
0.071 6 -6 238 13 -26 -11 -692 4460 2327
0.071 10 -10 252 -7 11 -5 -707 4497 2315
0.071 7 -6 255 -36 0 4 -692 4540 2377
0.071 -6 3 254 17 7 3 -745 4507 2347
0.071 1 1 257 -3 28 8 -792 4482 2372
0.071 -2 -2 241 -1 21 -2 -745 4487 2327
0.071 3 2 271 4 14 -9 -722 4512 2315
0.057 -8 4 258 6 15 -34 -687 4487 2342
0.071 -8 2 255 13 17 -36 -735 4512 2367
0.099 4 -2 254 -18 -3 -45 -712 4487 2357
0.057 -4 1 258 -2 -3 -54 -750 4540 2372
0.085 -2 2 259 -14 -5 -57 -745 4502 2357
0.057 -1 3 254 -23 -8 -48 -682 4507 2362
0.071 3 -3 253 10 -14 -36 -702 4525 2382
0.071 6 -4 262 11 -23 -14 -735 4472 2377
0.071 12 -4 283 -17 18 4 -745 4502 2327
0.057 1 -2 261 24 -6 22 -755 4507 2347
0.085 8 6 259 -3 73 36 -745 4482 2347
0.057 -4 -5 242 21 -14 46 -755 4550 2315
0.071 2 -2 261 6 10 59 -740 4492 2320
0.057 -4 -3 265 21 7 61 -770 4492 2395
0.170 3 -8 260 20 13 54 -697 4512 2337
0.071 -9 5 273 15 -41 55 -702 4487 2327
0.057 -2 -7 260 -4 -30 44 -707 4507 2327
0.071 -3 2 252 -18 -22 43 -697 4550 2320
0.071 -5 -7 244 15 -10 35 -730 4487 2320
0.057 4 -1 262 -6 -9 27 -745 4497 2327
0.057 -4 0 257 -12 -4 15 -707 4487 2332
0.057 -4 -1 255 -6 5 2 -667 4472 2315
0.057 0 0 257 -7 32 2 -730 4497 2320
0.057 4 -3 253 -13 39 12 -677 4492 2377
0.057 -4 -3 253 4 27 28 -692 4487 2347
0.057 4 3 258 8 26 38 -702 4487 2347
0.057 6 3 259 1 39 50 -765 4502 2362
0.085 3 0 254 25 30 59 -755 4502 2342
0.057 5 1 250 20 43 53 -672 4502 2327
0.057 7 -2 250 30 42 38 -667 4525 2357
0.057 -1 -5 260 19 22 20 -687 4512 2362
0.071 1 -5 257 8 22 3 -667 4507 2327
0.057 -1 0 256 16 13 -20 -722 4497 2347
0.057 1 0 256 24 4 -30 -682 4502 2315
0.057 3 2 255 21 -10 -36 -722 4497 2315
0.057 1 4 256 5 -24 -47 -745 4472 2315
0.057 1 3 255 -14 -31 -67 -722 4465 2305
0.071 2 -2 251 -2 -48 -76 -745 4502 2320
0.057 9 2 257 -12 -46 -83 -697 4487 2295
0.057 7 2 258 -21 -40 -86 -735 4472 2327
0.099 5 -2 262 -5 -31 -83 -712 4535 2327
0.057 5 -2 262 -10 -19 -76 -765 4530 2285
0.071 1 -2 262 1 -11 -74 -717 4545 2320
0.071 -1 1 260 -14 0 -71 -765 4530 2290
0.057 2 -3 255 -5 2 -68 -760 4487 2342
0.057 -2 -4 250 14 1 -66 -712 4487 2352
0.057 0 3 263 4 3 -64 -667 4460 2347
0.071 -1 1 261 -4 5 -57 -722 4492 2310
0.057 2 -2 255 12 -2 -49 -775 4472 2305
0.057 6 -2 254 12 -5 -39 -765 4482 2327
0.057 7 1 256 -1 2 -24 -792 4492 2300
0.057 6 1 254 6 12 -8 -755 4487 2305
0.071 9 1 259 -1 10 2 -765 4487 2367
0.085 7 1 263 0 14 3 -770 4472 2290
0.057 6 -2 257 -13 19 -11 -740 4525 2315
0.071 3 -2 253 3 15 -30 -730 4512 2310
0.057 -2 -4 255 -17 6 -51 -780 4455 2290
0.071 -7 3 252 -14 -12 -86 -730 4487 2327
0.057 -7 3 254 -14 -25 -114 -692 4520 2357
0.057 -3 3 256 -10 -39 -129 -745 4502 2270
0.071 -4 3 256 -24 -46 -136 -832 4482 2352
0.057 2 0 257 -16 -52 -134 -785 4520 2310
0.071 3 -2 259 -28 -32 -132 -792 4540 2300
0.057 2 -3 258 -32 -21 -127 -827 4502 2310
0.071 3 -5 257 -9 -22 -109 -812 4520 2327
0.057 2 0 255 -14 -20 -86 -832 4482 2342
0.085 7 -2 252 -4 -18 -43 -765 4435 2327
0.071 10 0 266 -3 -26 -15 -780 4492 2327
0.057 22 0 294 -37 23 20 -832 4465 2305
0.057 6 -4 260 -3 -11 27 -785 4455 2362
0.057 1 -5 246 13 -55 44 -792 4460 2315
0.071 26 1 289 29 -38 48 -807 4430 2310
0.057 20 -3 276 -29 16 54 -817 4465 2337
0.057 -3 1 255 -3 6 48 -822 4492 2347
0.057 0 0 254 28 -2 35 -780 4472 2352
0.085 -4 5 257 -2 -2 27 -817 4465 2285
0.057 0 1 257 -15 1 14 -817 4492 2270
0.057 -5 1 254 -10 -10 3 -812 4460 2332
0.057 0 2 256 -5 -9 -3 -797 4450 2327
0.085 3 0 260 -12 -18 1 -817 4497 2367
0.057 4 0 258 -8 -11 6 -770 4460 2377
0.057 6 4 254 -9 -14 4 -822 4450 2327
0.057 8 4 256 -15 -3 6 -780 4460 2387
0.057 8 0 261 -20 -3 15 -837 4465 2372
0.057 5 -1 255 -17 -8 15 -802 4477 2315
0.057 5 -1 260 -2 -16 20 -827 4482 2270
0.071 5 0 259 -8 -15 22 -812 4450 2275
0.071 5 0 255 -6 -11 25 -837 4450 2300
0.057 3 -1 252 -14 2 29 -807 4460 2327
0.057 0 1 257 -8 2 36 -792 4472 2327
0.057 -3 -1 259 -6 -13 35 -797 4455 2310
0.057 -1 -3 261 2 -21 39 -785 4477 2327
0.099 3 1 257 17 -19 37 -765 4487 2290
0.057 3 2 255 8 -12 38 -792 4482 2310
0.057 6 1 259 -4 -8 35 -765 4512 2305
0.057 7 -1 253 11 1 31 -780 4497 2342
0.057 8 -2 256 10 0 30 -812 4472 2320
0.057 6 0 256 1 10 30 -822 4492 2320
0.057 5 -3 253 5 15 35 -797 4487 2327
0.057 3 -4 254 8 16 39 -802 4435 2327
0.071 6 -5 260 3 25 41 -750 4465 2300
0.057 5 -4 258 6 8 43 -755 4450 2280
0.057 3 -6 247 5 9 40 -802 4430 2327
0.057 2 2 257 -7 10 28 -785 4450 2285
0.057 3 1 258 -3 8 16 -780 4477 2327
0.085 3 -3 257 -3 10 -4 -750 4445 2285
0.057 3 -1 259 -1 7 -13 -717 4507 2300
0.071 3 1 258 12 0 -26 -765 4460 2300
0.057 3 4 259 -8 -4 -32 -687 4507 2342
0.057 2 2 259 -12 -9 -35 -760 4487 2352
0.071 3 0 258 -7 -18 -33 -730 4482 2327
0.057 4 1 260 -7 -25 -24 -812 4492 2327
0.071 4 -2 258 6 -26 -5 -775 4460 2300
0.057 0 -3 260 0 -22 9 -802 4502 2305
0.057 -1 -3 260 -9 -30 29 -740 4502 2327
0.057 0 -4 256 3 -39 49 -775 4487 2290
0.057 7 0 257 6 -29 57 -785 4487 2315
0.057 6 1 251 5 -16 59 -785 4487 2327
0.071 9 2 258 11 -4 59 -785 4487 2315
0.142 6 -2 256 11 -1 39 -740 4520 2285
0.071 2 -1 256 6 -4 37 -760 4520 2290
0.057 2 -2 257 11 -8 40 -780 4472 2295
0.057 2 4 254 -14 -5 38 -760 4502 2305
0.071 0 5 261 -25 -5 38 -765 4460 2285
0.057 -1 2 254 -18 -6 47 -802 4455 2332
0.057 3 -5 253 -1 5 61 -797 4472 2320
0.071 3 -5 253 -1 5 61 -797 4472 2320
0.000 2 -7 253 24 14 82 -755 4460 2285
0.071 2 -3 253 7 11 93 -750 4497 2320
0.057 1 -2 258 9 15 98 -730 4520 2320
0.057 1 1 258 17 7 93 -765 4477 2280
0.057 4 3 261 8 6 92 -712 4482 2320
0.071 3 1 257 15 4 81 -770 4472 2310
0.057 4 0 259 16 17 72 -745 4465 2327
0.057 5 -3 257 12 38 64 -797 4520 2217
0.057 2 -2 257 13 47 60 -770 4477 2315
0.071 3 0 258 18 49 54 -722 4455 2290
0.043 4 2 256 1 47 57 -692 4487 2270
0.057 2 -4 253 7 27 55 -722 4460 2295
0.057 4 -3 254 6 9 53 -765 4482 2295
0.057 3 -4 254 13 -15 47 -730 4502 2290
0.057 4 -2 254 14 -34 42 -702 4472 2285
0.057 4 4 253 4 -52 35 -717 4472 2320
0.057 4 9 267 -12 -49 24 -712 4487 2285
0.057 6 5 258 -6 -52 4 -730 4482 2227
0.085 9 3 257 -21 -35 -23 -717 4460 2247
0.071 6 0 245 -20 -21 -33 -707 4487 2252
0.057 7 -1 248 -21 -7 -37 -745 4472 2295
0.057 1 6 272 -10 17 -39 -702 4482 2327
0.071 34 4 293 -17 58 -24 -745 4460 2252
0.057 12 -4 261 -5 33 -16 -755 4460 2270
0.057 4 -2 249 6 34 1 -730 4450 2300
0.057 13 -10 239 -2 19 27 -745 4430 2275
0.057 9 -15 227 22 3 45 -722 4417 2290
0.071 1 -5 247 -2 9 67 -707 4435 2265
0.071 -3 -1 248 -6 -10 74 -712 4460 2320
0.057 2 -8 249 -13 39 86 -682 4422 2252
0.071 1 -4 252 18 21 90 -730 4465 2310
0.085 -1 -1 255 -2 21 91 -707 4407 2310
0.071 -8 4 260 -4 -9 92 -717 4435 2285
0.057 -2 -3 258 5 -1 94 -702 4465 2275
0.057 -4 0 258 12 1 100 -702 4482 2252
0.071 -6 0 258 -10 4 108 -707 4492 2327
0.057 -5 0 257 -5 0 106 -667 4492 2257
0.057 -5 1 261 -11 0 99 -677 4512 2290
0.043 3 -1 249 -5 23 91 -655 4472 2285
0.057 2 -4 256 6 5 79 -667 4497 2327
0.071 3 -4 255 8 -7 72 -692 4472 2275
0.057 -4 3 262 -18 -7 59 -687 4487 2290
0.057 7 -1 255 -4 6 59 -667 4502 2252
0.057 9 2 268 0 1 51 -672 4482 2285
0.085 3 1 259 11 -2 44 -660 4455 2337
0.057 2 -1 253 -3 0 39 -702 4472 2372
0.043 4 -1 255 3 -3 42 -660 4450 2270
0.057 1 -1 254 8 6 36 -667 4502 2257
0.057 2 1 254 -7 3 35 -667 4535 2300
0.071 3 -2 259 4 -3 45 -672 4492 2305
0.057 2 -2 254 9 4 53 -645 4487 2310
0.057 1 1 261 1 -9 51 -635 4520 2257
0.057 3 -2 261 -5 -15 49 -645 4535 2300
0.057 6 0 253 0 -10 45 -660 4412 2290
0.057 8 1 253 -2 5 36 -640 4435 2285
0.057 5 -2 258 8 3 31 -667 4450 2290
0.057 3 3 262 -25 -13 16 -667 4502 2290
0.057 3 0 263 -18 -6 0 -602 4445 2295
0.085 -4 2 260 -12 -3 -20 -625 4445 2290
0.057 1 -5 254 -5 -1 -24 -667 4435 2285
0.057 2 -2 256 4 0 -15 -650 4465 2270
0.057 4 -1 254 -10 8 -6 -625 4482 2327
0.057 5 1 257 -6 11 15 -620 4465 2315
0.057 4 -5 253 9 1 33 -587 4507 2247
0.057 4 -3 254 23 -2 48 -660 4487 2305
0.057 3 -4 259 30 -7 57 -625 4450 2285
0.057 5 -3 259 33 -19 61 -655 4445 2285
0.071 2 -2 254 26 -25 62 -582 4472 2300
0.057 2 0 253 29 -32 58 -620 4455 2270
0.057 3 1 263 19 -33 52 -615 4487 2310
0.057 4 -2 256 34 -37 47 -650 4492 2315
0.085 3 -1 251 18 -24 25 -620 4477 2265
0.057 3 4 252 2 -21 6 -650 4487 2270
0.057 -2 2 260 14 -12 -9 -667 4492 2252
0.057 3 2 262 12 -9 -22 -610 4460 2257
0.057 2 1 260 0 -9 -34 -567 4472 2305
0.057 0 -1 251 2 -7 -48 -582 4472 2265
0.057 -3 2 253 -11 -10 -58 -572 4472 2315
0.057 0 2 252 -17 -8 -66 -597 4497 2285
0.057 -3 1 261 -22 -22 -71 -635 4477 2247
0.057 -1 -2 266 -25 -36 -70 -615 4477 2275
0.057 -1 -6 261 -14 -47 -72 -650 4465 2242
0.071 -3 -4 254 -4 -45 -70 -650 4450 2265
0.057 0 -4 254 9 9 -61 -667 4455 2270
0.057 -8 -8 235 -9 -13 -60 -650 4477 2252
0.057 0 0 251 1 11 -41 -655 4487 2270
0.057 7 -10 246 21 27 -43 -645 4492 2207
0.043 -2 1 259 5 -9 -21 -635 4492 2290
0.057 6 -3 257 13 0 -4 -687 4440 2252
0.057 3 1 260 9 -4 11 -655 4477 2252
0.057 4 1 258 2 -13 29 -640 4450 2280
0.057 2 -2 256 13 -11 35 -635 4455 2252
0.043 3 -1 258 0 -8 43 -630 4502 2300
0.057 4 -4 253 4 -1 45 -660 4482 2265
0.057 4 -3 252 13 13 46 -615 4455 2310
0.043 4 3 255 4 22 36 -650 4435 2320
0.043 1 3 259 6 13 31 -667 4482 2222
0.142 3 1 251 -12 13 -4 -630 4407 2305
0.057 2 1 259 -8 20 -21 -660 4472 2247
0.028 7 3 260 -20 15 -42 -677 4487 2275
0.057 4 2 262 -30 13 -61 -667 4465 2242
0.057 4 0 257 -20 13 -79 -667 4477 2265
0.043 3 -3 257 -11 16 -90 -655 4487 2290
0.057 3 0 256 -17 16 -92 -650 4460 2310
0.057 2 -1 256 -19 18 -85 -687 4487 2257
0.043 5 -4 253 -8 23 -75 -645 4445 2242
0.057 3 -5 255 -8 21 -61 -655 4482 2285
0.028 -2 -1 258 -18 -1 -52 -672 4477 2290
0.057 -1 0 260 -27 12 -33 -672 4477 2285
0.057 -1 -3 255 -7 -4 -25 -697 4487 2285
0.071 1 0 256 -10 5 -21 -682 4440 2285
0.043 2 0 254 -12 12 -22 -717 4460 2242
0.043 2 -2 255 -10 19 -22 -682 4477 2315
0.057 2 -3 259 -6 9 -25 -692 4482 2252
0.057 1 -2 260 3 12 -22 -682 4465 2295
0.028 0 1 256 0 1 -22 -687 4445 2257
0.057 -1 1 259 -9 1 -19 -735 4460 2252
0.057 0 0 254 -7 3 -20 -667 4545 2232
0.028 -2 1 256 7 7 -13 -682 4472 2275
0.057 1 1 261 -7 11 -6 -702 4465 2247
0.028 -1 0 259 -16 23 -2 -712 4440 2232
0.057 -1 0 253 -8 28 7 -712 4450 2280
0.028 1 -3 256 -2 35 14 -682 4445 2252
0.057 -1 0 260 3 37 16 -750 4477 2295
0.057 2 -1 260 -5 32 15 -677 4477 2237
0.028 0 1 255 -5 24 19 -697 4450 2280
0.057 1 -2 252 -12 14 23 -712 4460 2290
0.028 1 1 256 -9 3 22 -692 4460 2310
0.057 1 0 259 -5 -16 27 -667 4450 2280
0.028 0 0 260 -15 -20 31 -667 4472 2257
0.043 2 -2 257 -6 -31 33 -707 4455 2217
0.043 1 -3 253 -6 -30 32 -682 4477 2270
0.043 1 0 253 -9 -24 33 -707 4465 2275
0.028 1 -2 253 0 -9 25 -692 4477 2315
0.043 5 -1 259 -4 3 17 -707 4450 2315
0.043 6 0 260 -13 23 18 -672 4435 2275
0.057 -1 -2 252 -8 36 14 -660 4417 2290
0.028 2 -1 252 -10 41 17 -667 4402 2300
0.057 4 -2 258 -3 39 16 -712 4445 2285
0.028 2 -1 255 0 33 22 -682 4497 2285
0.028 1 3 255 1 20 24 -667 4477 2327
0.057 1 0 255 -8 0 30 -707 4477 2280
0.028 0 -4 254 6 -14 31 -655 4445 2252
0.028 -1 -2 255 -3 -31 33 -677 4450 2247
0.043 -2 -1 259 -1 -40 31 -682 4472 2252
0.043 -3 -1 256 5 -49 26 -687 4460 2337
0.043 3 -3 258 -4 -45 31 -677 4465 2300
0.028 1 -4 254 -3 -37 35 -660 4450 2275
0.043 -2 -3 256 9 -21 29 -677 4430 2305
0.043 1 -1 257 0 3 29 -635 4440 2310
0.043 5 -1 255 5 18 30 -660 4487 2295
0.043 3 0 254 7 29 38 -660 4507 2265
0.028 3 -2 256 3 32 46 -625 4422 2232
0.028 4 -3 259 7 27 46 -682 4477 2257
0.028 0 -1 257 2 23 56 -660 4450 2280
0.043 0 -3 257 8 9 58 -640 4487 2300
0.028 1 -4 258 1 10 61 -645 4445 2305
0.028 -1 -4 260 10 9 58 -655 4460 2280
0.028 -1 -3 256 7 2 59 -625 4482 2252
0.043 -3 0 258 2 6 46 -667 4492 2300
0.028 -3 1 255 -2 3 39 -630 4460 2280
0.028 -2 1 259 4 -10 23 -650 4445 2280
0.057 -1 0 257 -2 -25 2 -667 4450 2295
0.028 1 -1 255 1 -45 -15 -620 4487 2270
0.028 2 -1 257 -1 -57 -33 -635 4492 2285
0.028 5 -1 259 -2 -65 -51 -672 4472 2290
0.028 4 -2 262 -15 -39 -59 -630 4455 2295
0.043 1 -3 250 2 -31 -79 -630 4497 2242
0.028 8 0 271 2 19 -90 -602 4450 2310
0.028 -2 0 252 2 13 -97 -667 4460 2257
0.014 -1 -1 255 -3 12 -104 -635 4430 2300
0.028 -2 0 258 -8 7 -108 -635 4450 2320
0.043 0 -3 260 -2 -5 -110 -655 4417 2275
0.028 -2 -1 261 -2 -16 -107 -692 4440 2310
0.014 -1 1 265 -2 -20 -112 -702 4435 2320
0.028 -5 -2 257 -8 -4 -108 -667 4465 2290
0.043 -1 -3 254 -4 2 -104 -677 4402 2327
0.028 0 -1 258 -6 0 -106 -667 4445 2300
0.014 1 -5 260 2 -3 -109 -702 4450 2275
0.028 2 -1 258 -3 -11 -113 -712 4417 2265
0.028 2 -3 257 -2 -10 -108 -750 4417 2290
0.014 2 -4 255 -6 -7 -106 -750 4407 2270
0.028 5 -3 255 -3 -3 -104 -692 4422 2315
0.014 2 -1 256 -2 1 -95 -722 4435 2327
0.028 4 -2 254 -2 3 -89 -707 4472 2300
0.028 1 -2 260 -4 -1 -78 -735 4455 2295
0.014 1 -1 258 -6 -9 -68 -745 4460 2327
0.028 1 -5 258 -5 -20 -63 -780 4440 2295
0.028 1 0 260 -9 -14 -45 -755 4472 2305
0.014 2 0 257 -2 -2 -42 -802 4487 2305
0.014 -3 1 258 -3 -12 -38 -760 4450 2310
0.028 -3 -3 258 3 -10 -40 -740 4445 2310
0.014 -5 -2 257 5 -17 -39 -775 4487 2327
0.014 -6 -2 258 -3 -21 -38 -807 4430 2315
0.014 -5 0 259 0 -22 -37 -730 4422 2257
0.028 -1 -2 258 2 -16 -35 -770 4477 2265
0.000 1 -1 253 1 -4 -20 -785 4440 2305
0.014 1 -1 255 0 7 -12 -740 4482 2290
0.014 3 -3 250 -1 9 -6 -735 4525 2295
0.014 2 -3 254 6 9 4 -740 4472 2327
0.014 2 -4 256 2 8 10 -750 4472 2280
0.028 1 -1 258 1 9 11 -770 4450 2270
0.000 1 0 257 4 6 10 -775 4465 2332
0.028 -1 -1 254 0 9 6 -730 4477 2300
0.000 -1 -1 256 5 -1 2 -770 4445 2265
0.000 0 1 256 3 -1 4 -750 4460 2280
0.028 5 -1 256 0 -2 -1 -765 4440 2275
0.000 4 -1 256 -1 -2 1 -755 4417 2332
0.000 3 -2 255 0 -2 1 -760 4460 2275
0.028 4 -4 258 0 0 2 -765 4482 2300
0.000 7 -2 255 -1 2 -1 -717 4435 2295
0.000 6 -1 257 6 1 -5 -750 4450 2320
0.014 8 -2 256 1 -3 -5 -717 4460 2247
0.014 8 -2 255 2 3 -4 -682 4402 2275
0.000 6 -3 256 3 17 -3 -765 4460 2270
0.028 0 -1 251 7 33 4 -717 4412 2280
0.000 -3 2 263 -7 50 6 -775 4445 2290
0.000 -4 0 260 1 70 13 -745 4460 2305
0.000 -3 1 257 1 84 24 -785 4450 2252
0.000 -4 -2 253 -3 91 32 -785 4487 2300
0.014 -5 -3 255 0 95 35 -750 4445 2232
0.000 -6 -3 257 -1 78 42 -765 4430 2337
-0.014 -10 -4 262 -6 35 47 -702 4412 2337
0.000 -9 -1 257 3 -8 46 -755 4435 2342
0.000 -11 1 253 5 -46 44 -770 4445 2265
0.000 -8 2 255 2 -68 45 -730 4492 2300
0.000 -4 -3 260 4 -77 35 -722 4445 2275
0.000 -6 -5 261 0 -95 20 -740 4525 2290
0.000 1 -5 255 3 -84 18 -740 4435 2300
0.000 -5 -2 250 -3 -81 3 -712 4492 2285
0.000 6 6 251 10 -18 5 -755 4465 2280
-0.014 3 -4 243 -1 36 -1 -745 4465 2300
-0.014 0 -2 252 -8 39 -7 -722 4477 2315
0.000 -2 -1 265 1 25 -8 -730 4472 2285
0.000 -3 -2 261 2 4 -2 -770 4507 2290
-0.014 0 1 256 -5 -15 0 -770 4502 2315
-0.014 0 -1 255 5 -18 3 -760 4502 2300
0.000 5 2 255 5 7 5 -687 4482 2275
-0.014 3 -3 249 -1 13 13 -735 4455 2295
0.000 2 -1 255 -1 16 17 -740 4445 2315
-0.014 1 -2 255 0 4 23 -687 4450 2242
-0.014 2 -3 258 -3 -4 27 -730 4450 2257
0.000 3 1 256 5 -13 36 -745 4465 2280
-0.028 8 1 265 -4 13 40 -735 4520 2310
0.000 3 -1 253 5 -3 42 -735 4530 2310
0.000 7 -2 258 -4 -1 53 -722 4502 2310
-0.014 3 -3 258 -1 4 51 -730 4412 2310
-0.014 4 -2 260 0 14 51 -672 4440 2285
-0.014 5 -1 259 3 2 52 -722 4402 2305
0.000 5 -2 259 -4 15 52 -740 4445 2290
0.000 6 -4 258 5 6 48 -687 4477 2305
-0.028 3 -1 255 -1 2 49 -672 4430 2305
0.000 3 0 253 -1 -6 41 -722 4440 2265
-0.014 6 -2 257 0 -7 42 -722 4472 2247
0.000 5 0 258 -1 -8 30 -722 4460 2257
0.000 7 -3 255 1 -4 26 -712 4460 2295
-0.028 7 2 253 2 -4 24 -667 4460 2290
0.000 8 -1 256 0 6 17 -672 4460 2332
0.000 8 -1 256 0 6 17 -672 4460 2332
0.000 5 0 255 4 3 10 -712 4455 2310
-0.014 6 0 257 4 -3 6 -682 4440 2320
-0.014 4 -1 258 -3 0 -1 -677 4482 2285
0.000 7 -3 257 -4 3 -11 -702 4450 2295
0.000 9 -2 257 3 5 -15 -730 4430 2305
0.000 6 -1 260 1 4 -17 -740 4435 2275
-0.014 7 -1 257 -3 8 -23 -730 4435 2295
-0.014 6 -1 257 3 3 -26 -712 4445 2327
0.000 6 -1 256 2 -4 -28 -697 4460 2337
0.000 10 -1 259 -3 3 -31 -735 4465 2300
0.000 7 -1 254 -1 4 -29 -717 4430 2300
-0.014 6 1 254 6 2 -31 -682 4472 2295
0.000 7 0 261 0 9 -33 -677 4445 2265
0.000 6 -2 254 -1 4 -31 -722 4460 2310
0.000 7 -2 257 3 -5 -31 -717 4460 2327
0.000 7 -1 257 -1 -4 -25 -750 4430 2305
-0.014 5 -1 254 1 -1 -23 -707 4450 2327
-0.014 6 0 255 -1 5 -17 -735 4440 2327
0.000 5 -2 259 3 4 -13 -730 4435 2327
0.000 5 -3 257 1 4 -14 -730 4492 2270
0.000 6 -2 256 2 1 -10 -692 4430 2300
0.000 4 0 255 1 2 -2 -730 4430 2270
0.000 6 0 256 1 0 3 -682 4472 2252
0.000 7 -1 259 4 -3 4 -697 4512 2310
0.000 6 -1 257 1 -1 4 -687 4487 2270
0.000 5 0 257 1 1 7 -730 4460 2305
0.000 5 -1 256 1 -1 11 -717 4487 2247
0.000 4 0 257 2 -1 10 -717 4455 2275
0.000 4 -2 257 1 -4 5 -760 4450 2280
0.000 6 -3 257 0 4 6 -745 4502 2290
0.000 4 -3 258 -2 -1 0 -702 4477 2270
0.000 5 -1 258 -1 3 1 -702 4512 2290
0.000 5 -1 255 -1 3 -1 -750 4482 2300
0.000 6 0 257 1 0 -2 -740 4445 2305
0.000 3 0 259 -1 2 0 -717 4477 2295
0.000 2 -2 255 1 0 -7 -755 4497 2280
0.000 5 -3 255 -1 -2 -3 -745 4497 2285
0.000 6 0 251 -1 3 -5 -702 4465 2290
0.000 3 -1 255 4 -5 -3 -717 4445 2305
0.000 3 -1 258 -1 4 -2 -702 4440 2320
0.000 3 -1 253 4 3 -1 -692 4465 2305
0.000 6 1 258 -2 0 0 -717 4472 2305
0.000 5 -1 256 2 0 -1 -760 4472 2247
0.000 4 0 255 3 3 1 -730 4455 2290
0.000 6 -3 255 1 4 2 -717 4482 2275
0.000 5 -1 257 1 4 3 -712 4460 2327
0.000 4 -1 258 -3 2 -3 -692 4450 2310
0.000 4 -2 256 -2 0 -2 -750 4430 2327
0.000 5 -3 256 1 5 -4 -730 4440 2265
0.000 3 -2 256 4 1 1 -707 4455 2295
0.000 3 0 259 0 -2 4 -750 4487 2270
0.000 3 -1 253 0 2 3 -717 4477 2315
0.000 3 -1 253 0 2 3 -717 4477 2315
0.000 5 -2 258 2 4 -3 -745 4445 2295
0.000 4 -1 257 0 0 -1 -750 4460 2280
0.000 2 2 257 -2 5 -1 -765 4450 2265
0.000 3 -1 257 6 1 0 -712 4472 2280
0.000 3 -3 259 0 -2 -1 -712 4482 2310
0.000 3 -1 258 1 1 0 -707 4445 2300
0.000 4 -1 258 0 2 4 -707 4450 2257
0.000 2 -1 258 -2 2 -3 -740 4497 2285
0.000 5 1 257 -1 -1 -1 -712 4487 2327
0.000 2 0 257 -2 0 0 -702 4472 2310
0.000 3 -2 254 0 4 0 -677 4460 2265
0.000 2 -3 256 0 3 -2 -667 4440 2270
0.000 2 0 259 3 -1 -5 -650 4460 2310
0.000 3 -3 259 0 -1 -3 -667 4460 2252
0.000 3 0 258 -3 -1 -2 -702 4460 2265
0.000 6 -3 256 -1 -2 1 -707 4482 2305
0.000 3 0 256 3 0 -4 -702 4482 2300
0.000 4 -3 259 0 2 1 -722 4450 2295
0.000 4 -1 259 -1 5 0 -717 4487 2295
0.000 5 0 256 1 2 -5 -707 4472 2252
0.000 6 -2 259 0 3 -1 -730 4482 2300
-0.014 4 -2 257 -2 -1 -4 -687 4482 2342
0.000 4 1 257 1 2 -4 -755 4497 2290
0.000 3 -2 258 1 0 -2 -735 4487 2320
0.000 4 -2 260 0 0 -3 -745 4455 2265
0.000 3 -2 258 4 -2 -2 -735 4455 2270
-0.014 4 0 257 1 -4 1 -730 4407 2327
0.000 3 -3 256 2 -3 -3 -735 4382 2275
0.000 5 -1 255 0 0 -1 -745 4450 2285
0.000 4 1 259 0 5 0 -755 4472 2280
0.000 4 -4 253 3 -2 -1 -707 4492 2285
0.000 4 -1 256 1 0 -1 -745 4492 2285
0.000 3 0 257 1 3 -1 -760 4450 2295
0.000 3 0 258 4 -2 4 -735 4472 2337
0.000 4 -1 257 0 -1 2 -770 4435 2315
0.000 4 -1 256 1 -4 -1 -722 4465 2275
0.000 2 -1 254 0 -3 -4 -780 4460 2247
0.000 4 -1 256 1 1 -1 -740 4477 2290
0.000 3 0 254 1 -2 -1 -682 4465 2252
0.000 4 -2 258 1 -3 0 -692 4487 2295
0.000 4 0 256 1 2 -1 -702 4492 2310
0.000 4 -2 256 -1 1 -3 -707 4450 2300
0.000 4 -2 258 2 2 -2 -697 4435 2290
0.000 4 1 256 1 1 -3 -730 4465 2300
0.000 4 1 256 1 1 -3 -730 4465 2300
0.000 3 -1 255 2 0 0 -745 4460 2270
0.000 3 0 256 1 -3 2 -722 4465 2275
0.000 3 -2 256 -1 0 -3 -722 4455 2290
0.000 4 0 257 0 2 1 -722 4482 2285
0.000 4 0 258 1 -1 -1 -735 4472 2270
0.000 3 -1 256 4 2 -1 -750 4460 2300
0.000 4 0 259 1 0 -3 -760 4465 2300
0.000 3 1 257 2 -1 0 -745 4525 2285
0.000 1 -1 258 0 1 -1 -745 4482 2305
0.000 3 0 257 0 0 -1 -717 4450 2280
0.000 5 -2 255 2 3 -1 -702 4477 2315
0.000 4 0 257 1 1 0 -717 4477 2305
0.000 5 -2 256 -1 0 -1 -712 4497 2337
0.000 5 -1 258 0 1 1 -712 4487 2270
0.000 2 -1 256 5 0 -1 -682 4482 2285
0.000 4 -2 254 0 0 -1 -682 4435 2270
0.000 4 -1 256 3 0 3 -707 4412 2265
0.000 3 0 255 2 -1 -4 -692 4465 2217
0.000 3 -1 257 0 2 -4 -722 4472 2237
0.000 2 1 257 1 -3 0 -717 4460 2295
0.000 4 -1 256 -1 2 0 -717 4472 2242
0.000 4 -4 255 0 0 -1 -722 4487 2275
0.000 4 0 255 3 0 -1 -722 4460 2257
0.000 6 -3 258 0 0 -1 -745 4465 2337
0.000 3 -1 258 -1 1 -2 -775 4465 2337
0.000 4 -3 256 -2 -1 1 -745 4455 2285
0.000 4 0 257 3 -3 1 -730 4455 2265
0.000 4 0 256 0 3 -2 -707 4465 2280
0.000 3 -1 257 1 0 1 -712 4465 2242
0.000 4 0 257 3 3 0 -707 4460 2305
0.000 2 0 255 2 1 1 -707 4450 2315
0.000 5 -3 256 1 -1 0 -702 4430 2315
0.000 3 -1 255 1 -2 2 -692 4465 2315
0.000 3 0 256 2 -2 0 -735 4460 2320
0.000 4 -3 257 0 0 2 -730 4497 2300
0.000 4 0 256 0 -1 2 -702 4497 2265
0.000 3 0 256 1 -3 1 -735 4460 2310
0.000 3 0 257 1 1 -3 -682 4487 2285
0.000 3 -1 257 1 2 1 -697 4492 2295
0.000 4 -1 254 2 5 -1 -722 4460 2290
0.000 2 -2 256 2 1 0 -740 4465 2290
0.000 2 -2 256 3 1 2 -750 4455 2295
0.000 4 -2 257 1 3 -2 -692 4440 2315
0.000 3 -3 258 2 1 -1 -750 4450 2315
0.000 3 0 257 3 2 -3 -735 4422 2305
0.000 3 -1 258 1 -1 1 -702 4477 2327
0.000 3 -3 256 3 1 -1 -692 4460 2305
0.000 2 -1 258 2 -2 0 -730 4450 2310
0.000 2 -1 259 -2 -2 -1 -735 4440 2310
0.000 4 -1 255 0 0 -2 -730 4422 2285
0.000 4 -2 257 1 2 -2 -717 4460 2310
0.000 4 -1 255 2 2 2 -697 4445 2227
0.000 3 -2 256 0 2 -4 -740 4440 2252
0.000 5 -1 254 -1 -1 0 -717 4487 2207
0.000 4 0 257 3 3 -1 -712 4502 2320
0.000 4 1 257 1 1 -4 -817 4450 2275
0.000 4 -1 258 0 1 0 -760 4520 2300
0.000 2 -2 255 1 0 0 -740 4440 2300
0.000 4 -1 257 3 -1 2 -735 4492 2305
0.000 3 -2 262 -1 2 -1 -702 4497 2280
0.000 4 -1 258 1 1 -2 -735 4482 2227
0.000 3 -1 253 -2 1 0 -745 4502 2232
0.000 3 -1 258 2 -1 0 -765 4487 2265
0.000 3 0 258 1 -2 2 -697 4435 2295
0.000 5 0 257 0 0 -5 -755 4450 2295
0.000 4 0 258 0 1 1 -722 4482 2285
0.000 2 -1 256 1 1 0 -740 4465 2332
0.000 5 -2 253 0 -5 -1 -677 4487 2305
0.000 3 0 256 0 2 -2 -707 4465 2327
0.000 4 -1 254 -1 -2 2 -740 4450 2280
0.000 5 -2 256 -1 4 2 -712 4477 2315
0.000 6 -4 257 4 4 2 -697 4497 2327
0.000 4 -1 256 1 5 -2 -717 4502 2275
0.000 3 -1 256 3 0 0 -770 4477 2320
0.000 3 0 257 0 3 -2 -697 4497 2257
0.000 4 -1 258 -2 0 2 -722 4455 2290
0.000 4 -2 256 3 1 -1 -697 4477 2252
0.000 4 -1 255 0 1 0 -692 4435 2305
0.000 3 -3 256 3 2 0 -697 4507 2252
0.000 5 0 255 0 4 4 -702 4477 2300
0.000 5 -2 259 0 2 -2 -745 4477 2305
0.000 2 -1 257 3 1 -3 -712 4435 2295
0.000 5 -2 258 1 -3 -1 -730 4482 2265
0.000 4 -2 256 1 0 0 -712 4477 2295
0.000 2 0 257 1 -1 -1 -735 4482 2270
0.000 5 -1 259 1 1 3 -707 4422 2320
0.000 2 -2 258 1 -1 1 -707 4407 2275
0.000 4 0 255 1 1 3 -712 4465 2295
0.000 4 -2 259 2 1 -1 -770 4465 2275
0.000 1 -1 256 0 2 1 -717 4422 2305
0.000 3 -1 257 -3 0 -3 -770 4497 2265
0.000 5 -1 258 2 -2 -3 -775 4472 2270
0.000 4 -2 258 2 0 -1 -755 4477 2270
0.000 5 -3 257 4 1 2 -745 4492 2310
0.000 5 -3 258 1 4 -5 -722 4497 2332
0.000 5 0 257 0 -3 -2 -697 4492 2320
0.000 3 -1 255 -1 0 1 -722 4472 2270
0.000 5 -2 255 -1 -1 -2 -740 4460 2270
0.000 2 -3 255 2 0 2 -730 4435 2280
0.000 4 -1 258 -3 2 1 -712 4435 2295
0.000 3 -1 258 -1 -2 0 -717 4440 2285
0.000 3 -1 256 2 0 1 -735 4445 2320
0.000 3 0 254 1 -1 0 -702 4435 2315
0.000 5 -3 256 2 1 -3 -740 4445 2320
0.000 5 0 255 2 -3 -2 -740 4472 2247
0.000 5 -1 257 0 2 -1 -712 4430 2280
0.000 3 -2 255 -1 0 0 -712 4482 2285
0.000 4 -2 257 -3 -2 -1 -745 4455 2327
0.000 4 -3 256 -1 -3 -2 -750 4530 2270
0.000 4 0 256 0 3 0 -717 4487 2327
0.000 5 -1 257 0 3 1 -682 4450 2295
0.000 4 -2 259 -1 4 2 -702 4460 2327
0.000 2 -3 255 -2 -1 -1 -672 4465 2290
0.000 6 -2 255 0 -1 -3 -740 4450 2315
0.000 6 -1 259 0 -3 0 -765 4455 2270
0.000 4 -2 252 1 0 0 -707 4460 2300
0.000 3 0 257 2 1 5 -740 4477 2290
0.000 3 -4 254 3 2 -1 -697 4472 2315
0.000 3 -2 257 -2 -2 -2 -740 4440 2337
0.000 2 1 256 1 2 0 -745 4450 2257
0.000 2 -2 255 2 -2 1 -765 4487 2257
0.000 2 1 257 1 1 1 -712 4460 2310
0.000 4 -2 256 0 -2 -1 -730 4445 2270
0.000 2 -2 255 2 0 0 -730 4450 2290
0.000 4 -2 257 4 -2 -2 -687 4472 2265
0.000 3 1 256 1 2 0 -702 4430 2275
0.000 5 1 257 3 2 0 -780 4472 2320
0.000 5 -1 257 1 1 0 -745 4487 2315
0.000 3 -1 255 1 1 -1 -745 4502 2290
0.000 5 0 254 -1 2 -1 -677 4430 2295
0.000 2 0 259 2 4 0 -717 4430 2367
0.000 2 0 254 0 -2 0 -687 4450 2280
0.000 4 -2 256 -1 0 -2 -735 4450 2290
0.000 3 -1 258 2 3 4 -740 4492 2290
0.000 3 0 259 0 2 -1 -677 4487 2315
0.000 4 -1 258 0 -2 0 -730 4507 2295
0.000 5 -4 259 3 2 -2 -702 4492 2320
0.000 5 -1 257 -3 2 1 -697 4487 2280
0.000 2 1 256 2 1 0 -697 4477 2285
0.000 3 -1 253 -2 2 -2 -745 4460 2252
0.000 5 0 257 2 1 1 -745 4512 2280
0.000 5 -2 257 1 -3 2 -760 4450 2280
0.000 4 -1 256 -2 -5 1 -750 4487 2342
0.000 3 -1 256 1 0 1 -707 4482 2300
0.000 2 -1 256 -1 3 0 -730 4530 2315
0.000 5 -2 257 1 -1 -1 -697 4502 2270
0.000 4 -3 255 3 3 -1 -667 4465 2300
0.000 4 -3 256 0 2 0 -730 4460 2270
0.000 4 -3 256 3 -4 3 -722 4445 2242
0.000 3 0 256 0 -3 2 -745 4412 2217
0.000 2 0 258 0 1 0 -712 4430 2237
0.000 3 0 257 -3 -2 0 -775 4440 2310
0.000 6 -1 257 1 0 0 -765 4465 2327
0.000 3 -1 256 -1 -1 -1 -770 4472 2280
0.000 4 0 256 1 0 2 -740 4445 2295
0.000 3 0 257 2 3 0 -750 4412 2275
0.000 4 -2 257 1 0 -2 -750 4477 2290
0.000 5 1 255 2 -5 0 -735 4472 2280
0.000 2 -1 254 0 -1 -1 -712 4460 2280
0.000 2 -1 260 2 0 0 -697 4465 2290
0.000 4 -2 258 1 1 0 -765 4407 2327
0.000 3 -1 257 -1 -1 2 -740 4477 2300
0.000 2 1 255 -1 5 -3 -717 4455 2247
0.000 4 -1 257 -1 4 -4 -730 4487 2285
0.000 3 0 255 0 -2 0 -717 4465 2257
0.000 2 0 257 2 -2 -4 -707 4417 2300
0.000 4 -3 258 1 1 -3 -722 4422 2280
0.000 3 0 258 1 0 -2 -702 4450 2285
0.000 3 -1 255 1 2 -3 -712 4430 2290
0.000 3 1 257 3 1 1 -730 4450 2285
0.000 3 1 256 0 2 0 -722 4477 2295
0.000 2 1 255 -1 0 -1 -740 4482 2310
0.000 4 -1 258 4 2 0 -735 4440 2295
0.000 2 -2 257 1 2 2 -745 4477 2265
0.000 3 -3 254 -1 1 -1 -687 4472 2305
0.000 3 -2 258 -3 2 0 -682 4445 2295
0.000 6 -2 255 1 2 -1 -712 4417 2310
0.000 5 -1 255 -1 -1 -1 -712 4430 2295
0.000 3 -2 256 1 -1 0 -740 4460 2305
0.000 3 0 259 2 -1 3 -745 4445 2280
0.000 2 -1 254 1 0 0 -707 4472 2327
0.000 4 -1 259 2 -1 -2 -722 4497 2280
0.000 5 -3 256 -1 3 -1 -717 4465 2315
0.000 2 1 255 -1 -2 -1 -740 4477 2327
0.000 4 -1 258 2 2 4 -712 4482 2347
0.000 2 -2 255 0 1 3 -750 4492 2257
0.000 5 -2 257 4 0 2 -717 4430 2280
0.000 4 0 258 -2 0 -1 -735 4435 2247
0.000 5 -1 256 3 0 -3 -712 4455 2252
0.000 4 -2 256 5 -3 -3 -677 4502 2222
0.000 5 -1 257 4 2 3 -765 4472 2265
0.000 3 -1 256 2 0 -1 -765 4460 2280
0.000 2 -2 257 4 1 0 -692 4450 2300
0.000 3 0 255 1 -1 4 -692 4445 2265
0.000 4 -2 259 -1 -1 1 -745 4465 2290
0.000 3 -2 257 0 -1 -1 -712 4445 2295
0.000 1 -2 256 1 0 1 -735 4472 2315
0.000 5 0 256 1 2 3 -702 4460 2300
0.000 2 -1 254 0 -1 1 -735 4477 2290
0.000 4 -1 256 0 -3 -2 -730 4422 2257
0.000 4 -4 258 3 -4 -1 -717 4440 2242
0.000 2 -1 258 1 -1 2 -702 4440 2305
0.000 3 0 255 3 0 0 -650 4455 2252
0.000 4 -1 258 -3 3 -1 -740 4455 2285
0.000 4 -1 258 0 2 2 -745 4512 2310
0.000 4 -1 258 1 -1 1 -687 4455 2305
0.000 1 0 254 1 -2 4 -722 4455 2320
0.000 5 -2 255 1 2 1 -702 4450 2257
0.000 5 -2 255 1 0 -2 -760 4487 2285
0.000 3 -1 257 1 -1 0 -702 4455 2295
0.000 4 -1 256 3 1 2 -750 4455 2290
0.000 3 -3 258 2 0 1 -730 4482 2305
0.000 2 -2 258 3 -1 0 -722 4460 2310
0.000 3 0 256 0 0 -3 -730 4455 2280
0.000 3 0 257 1 1 -1 -745 4450 2332
0.000 6 -2 254 -1 1 0 -740 4435 2305
0.000 5 -1 256 -2 2 -5 -750 4450 2280
0.000 4 -1 258 2 0 -1 -712 4472 2257
0.000 4 -1 255 3 0 0 -655 4477 2275
0.000 3 -1 255 -1 0 0 -722 4445 2265
0.000 5 -1 257 2 2 -1 -755 4492 2257
0.000 3 0 259 -4 0 -2 -750 4492 2280
0.000 4 1 256 1 -1 1 -730 4482 2227
0.000 3 -1 257 1 -3 -2 -735 4477 2242
0.000 4 -2 258 1 -1 -2 -780 4482 2300
0.000 3 0 257 3 -2 -2 -722 4477 2305
0.000 2 -2 255 2 3 1 -740 4477 2295
0.000 5 -3 259 -2 0 -3 -755 4477 2320
0.000 1 -1 257 -2 -1 3 -755 4487 2305
0.000 5 0 257 1 -6 -2 -707 4477 2252
0.000 3 -1 256 0 1 -1 -717 4497 2285
0.000 4 -1 257 -4 1 2 -735 4497 2270
0.000 3 1 256 3 -1 -3 -697 4520 2242
0.000 3 0 256 1 2 -4 -667 4507 2202
0.000 4 0 256 -2 -1 -2 -692 4530 2252
0.000 3 -3 254 2 -3 5 -740 4430 2285
0.000 3 0 255 3 1 -2 -712 4430 2300
0.000 4 -1 256 0 3 -4 -707 4492 2332
0.000 2 0 256 1 0 -5 -702 4502 2305
0.000 5 0 258 3 0 1 -682 4512 2300
0.000 4 0 256 2 -3 -4 -687 4460 2257
0.000 3 0 258 -7 5 -1 -707 4460 2300
0.000 3 -2 258 5 1 0 -765 4407 2237
0.000 3 1 259 2 1 3 -722 4450 2320
0.000 3 -1 257 0 -1 0 -792 4477 2265
0.000 6 -2 256 2 -3 -4 -730 4472 2295
0.000 4 -2 260 -1 1 2 -740 4450 2227
0.000 4 0 256 3 2 -1 -745 4472 2285
0.000 1 -2 259 -1 1 2 -740 4472 2305
0.000 2 0 258 -2 3 -4 -707 4450 2332
0.000 3 -3 258 -1 0 0 -712 4477 2295
0.000 5 -2 256 0 1 -2 -735 4455 2290
0.000 2 0 258 0 0 1 -722 4477 2310
0.000 4 -1 259 0 5 1 -730 4482 2315
0.000 3 -1 257 1 -1 2 -740 4465 2300
0.000 2 -1 257 0 -1 -2 -740 4402 2315
0.000 2 -1 256 0 -2 -3 -765 4417 2237
0.000 4 -2 255 -2 0 -2 -760 4435 2305
0.000 3 -1 256 1 1 0 -740 4472 2280
0.000 3 0 257 -1 -1 1 -785 4450 2295
0.000 4 1 261 1 1 1 -765 4465 2327
-0.014 4 -1 256 -2 -3 -5 -672 4465 2295
0.000 3 -1 258 -2 0 -1 -672 4407 2237
0.000 4 -1 256 2 -1 -2 -682 4520 2337
0.000 4 -2 257 3 -1 3 -750 4520 2265
0.000 4 -2 258 1 1 4 -717 4492 2295
0.000 3 -1 257 0 2 -3 -707 4477 2242
0.000 4 1 258 0 -2 0 -702 4422 2265
0.000 5 -2 258 1 -3 -1 -717 4455 2252
0.000 2 0 256 1 0 1 -707 4417 2285
0.000 5 -2 257 -1 -1 2 -702 4482 2305
0.000 3 -2 259 2 2 1 -702 4445 2290
0.000 4 0 258 1 -2 -1 -730 4487 2290
0.000 5 -2 259 -4 -2 -1 -735 4477 2315
0.000 5 0 257 0 -1 -1 -712 4450 2320
0.000 4 -1 258 1 -2 1 -780 4450 2305
0.000 5 -2 258 4 2 -2 -730 4482 2270
0.000 3 0 258 -1 2 -3 -730 4455 2265
0.000 3 -1 255 1 2 2 -702 4472 2237
0.000 3 -3 257 2 0 0 -750 4450 2315
0.000 4 -2 255 0 -3 5 -797 4487 2290
0.000 4 0 255 0 -1 -3 -755 4482 2295
0.000 4 0 257 2 1 3 -755 4472 2290
0.000 3 -1 255 3 -2 1 -735 4465 2295
0.000 3 -1 257 0 0 0 -745 4487 2310
0.000 2 -1 257 0 0 2 -692 4455 2300
0.000 4 -1 258 -1 -2 0 -697 4487 2265
0.000 1 -2 256 3 -1 0 -687 4512 2280
0.000 3 -2 257 3 -1 0 -707 4435 2305
0.000 2 -3 256 -1 2 -3 -775 4472 2295
0.000 3 -2 255 2 1 -2 -785 4435 2270
0.000 5 -1 256 1 -2 -1 -707 4460 2270
0.000 3 -4 256 -1 -2 0 -730 4450 2300
0.000 2 0 254 0 2 -2 -760 4435 2295
0.000 3 -1 256 0 0 1 -740 4487 2285
0.000 4 -1 260 -1 3 1 -760 4465 2315
0.000 4 0 257 -3 0 -1 -780 4455 2342
0.000 4 -2 258 2 0 -1 -750 4497 2315
0.000 4 -1 255 2 -1 2 -735 4477 2275
0.000 4 -1 258 -4 -1 -3 -707 4460 2227
0.000 2 0 257 4 1 1 -717 4455 2280
0.000 2 0 258 0 -1 4 -760 4455 2280
0.000 3 -1 257 0 1 0 -692 4482 2275
0.000 4 -2 256 1 -3 0 -672 4512 2270
0.000 3 0 260 4 2 0 -712 4502 2310
0.000 4 -2 257 3 -3 2 -687 4455 2280
0.000 3 0 257 -1 1 1 -702 4492 2265
0.000 4 -2 257 2 -3 1 -717 4482 2252
0.000 2 -2 255 2 4 0 -717 4487 2285
0.000 3 -1 259 -2 -3 -3 -717 4492 2257
0.000 4 -1 257 2 1 0 -740 4472 2275
0.000 3 -1 258 2 -2 -3 -692 4455 2252
0.000 2 -1 255 1 2 2 -707 4445 2295
0.000 2 -1 255 1 2 2 -707 4445 2295
0.000 3 -1 257 2 -1 -1 -692 4422 2242
0.000 4 -1 257 0 0 0 -697 4440 2222
0.000 2 -2 256 1 3 -1 -692 4465 2242
0.000 3 -1 251 -1 -1 0 -730 4472 2315
0.000 4 -2 255 1 -1 1 -697 4465 2270
0.000 4 -2 257 1 -1 -2 -722 4472 2257
0.000 3 -4 256 0 3 1 -730 4487 2270
0.000 2 1 260 1 -2 3 -735 4477 2280
0.000 1 -1 258 0 -2 -1 -722 4492 2327
0.000 3 -3 256 -1 2 3 -730 4465 2265
0.000 4 1 256 -1 0 -3 -702 4487 2332
0.000 2 0 257 2 1 -1 -735 4445 2270
0.000 2 -2 257 4 -1 2 -707 4497 2310
0.000 4 0 256 -1 -1 1 -740 4387 2295
0.000 4 -1 257 -4 1 -1 -750 4440 2300
0.000 4 0 257 1 0 -2 -722 4430 2337
0.000 4 -1 258 3 -1 -2 -707 4472 2320
0.000 4 -2 256 6 1 -3 -707 4455 2300
0.000 5 -2 259 1 -3 -3 -687 4492 2305
0.000 4 -2 256 -2 -1 0 -750 4492 2242
0.000 3 -1 256 -1 2 -3 -730 4450 2295
0.000 2 -2 258 4 -1 -3 -730 4465 2247
0.000 5 -4 255 0 1 0 -702 4472 2265
0.000 4 -2 256 1 2 -2 -740 4440 2212
0.000 4 1 256 0 1 2 -687 4435 2275
0.000 3 1 255 3 3 -3 -730 4487 2242
0.000 3 1 257 -1 -1 2 -712 4465 2300
0.000 5 -1 256 1 6 1 -730 4455 2295
0.000 4 -1 255 -1 -1 -3 -712 4460 2305
0.000 4 -1 256 2 0 1 -740 4472 2280
0.000 5 -2 255 2 0 -3 -712 4450 2290
0.000 3 -1 256 0 7 -1 -730 4477 2252
0.000 1 -1 255 1 0 0 -697 4455 2320
0.000 3 -1 255 1 1 -2 -735 4465 2285
0.000 2 -2 257 -2 0 0 -692 4487 2320
0.000 3 -1 258 2 1 2 -672 4477 2237
0.000 2 0 259 0 -1 2 -697 4492 2237
0.000 3 1 259 2 -1 0 -722 4477 2265
0.000 2 1 257 2 -2 0 -687 4407 2247
0.000 6 -3 258 -1 2 4 -745 4430 2295
0.000 4 -2 255 0 3 -3 -697 4455 2285
0.000 3 -1 257 3 -1 -1 -730 4430 2315
0.000 2 -1 256 1 1 -1 -770 4445 2295
0.000 3 0 257 1 1 1 -735 4487 2305
0.000 4 -3 259 3 -5 3 -755 4482 2315
0.000 2 -1 254 1 -1 0 -667 4445 2270
0.000 1 1 258 0 2 1 -707 4445 2252
0.000 2 1 257 0 -1 2 -707 4477 2290
0.000 2 -1 257 0 1 0 -765 4422 2305
0.000 3 -1 259 0 4 -1 -740 4435 2265
0.000 3 0 253 4 -1 -4 -712 4477 2270
0.000 4 -1 256 0 0 0 -740 4477 2285
0.000 3 -1 255 -1 0 -2 -730 4450 2280
0.000 3 -2 257 1 1 -3 -717 4487 2327
0.000 3 -2 259 0 0 -1 -707 4487 2295
0.000 3 -3 258 -1 2 0 -692 4465 2320
0.000 3 0 258 -4 -1 1 -722 4487 2327
0.000 5 -2 258 1 1 -1 -770 4445 2227
0.000 4 -3 259 -1 2 -4 -745 4482 2270
0.000 4 -1 258 -2 -3 -2 -740 4472 2300
0.000 4 -1 253 -1 4 2 -702 4507 2275
0.000 4 -1 256 -1 3 -2 -745 4487 2285
0.000 4 -2 259 1 4 3 -755 4502 2295
