6 -0.014 0 0 257 -3 -3 -2 -1945 -5435 1900
6 0.000 -1 -4 253 1 0 -3 -1912 -5387 1962
6 0.000 -1 -4 252 -3 1 -16 -1965 -5335 1937
6 0.000 -1 -2 254 -3 8 -32 -1965 -5392 1890
5 0.000 -2 2 255 -2 6 -48 -1975 -5360 1910
6 0.000 -3 1 257 -5 5 -58 -2007 -5365 1890
6 0.000 -4 2 253 0 5 -73 -1950 -5402 1942
5 0.000 -4 0 256 4 0 -93 -1950 -5397 1937
6 0.014 -7 2 256 -4 -4 -114 -1990 -5360 1952
6 -0.014 -5 -5 257 -3 -2 -151 -1975 -5345 1910
6 0.000 -5 -3 258 -4 -7 -183 -1970 -5355 1932
6 -0.014 -2 2 258 -6 -5 -216 -1985 -5397 1942
5 -0.014 0 0 252 -9 -22 -434 -1745 -5407 1962
5 0.000 3 0 252 -13 -26 -453 -1755 -5420 1910
6 0.000 4 0 261 -10 -6 -472 -1715 -5407 1900
6 0.000 5 -2 257 -16 -35 -482 -1720 -5397 1942
6 0.014 -3 -1 250 -23 -13 -499 -1657 -5377 1880
6 0.000 -2 2 257 -3 -29 -514 -1687 -5382 1900
5 0.000 3 0 253 -10 -41 -538 -1647 -5377 1895
6 0.000 6 -4 256 -26 -21 -549 -1600 -5370 1925
5 0.000 -9 -4 242 -12 -23 -576 -1562 -5392 1885
5 0.000 3 -2 257 -10 -5 -599 -1585 -5335 1915
6 0.000 -3 0 259 -28 -8 -621 -1522 -5392 1947
6 0.000 -6 2 252 -23 -19 -650 -1452 -5350 1937
6 0.000 -3 1 251 -26 -18 -671 -1475 -5340 1932
5 -0.014 -2 -2 255 -21 -30 -695 -1510 -5312 1932
6 0.014 -3 -4 251 -28 -33 -714 -1437 -5312 1875
5 0.000 -3 0 252 -16 -46 -743 -1380 -5312 1932
5 -0.014 7 -5 259 -15 -26 -765 -1345 -5340 1977
6 0.014 4 -2 258 -20 -9 -790 -1297 -5360 1925
5 -0.014 -9 1 254 -18 -43 -809 -1265 -5307 1952
5 0.014 7 1 264 -23 -56 -825 -1245 -5345 1967
5 -0.014 8 -3 254 -32 -28 -840 -1197 -5322 1900
5 0.014 13 3 270 -37 15 -876 -1225 -5335 1942
6 -0.014 4 3 263 -40 -1 -893 -1105 -5317 1942
6 0.000 -20 7 244 -12 -33 -907 -1052 -5280 1957
6 0.014 19 -10 267 -24 -29 -914 -1000 -5265 1925
6 -0.014 9 -8 258 -13 -36 -914 -1025 -5302 1942
6 0.000 9 -4 267 -13 17 -918 -947 -5287 1910
7 0.000 -3 1 249 -30 4 -918 -890 -5245 1937
5 -0.014 3 1 245 -21 -6 -928 -837 -5212 1925
5 0.014 2 -1 235 -26 24 -929 -760 -5202 1937
5 -0.014 3 1 251 -31 2 -937 -755 -5190 1915
6 0.000 5 -4 242 -17 21 -948 -717 -5137 1920
7 0.000 2 -5 270 -11 -13 -973 -687 -5185 1942
5 -0.014 -9 -2 255 -13 -43 -994 -610 -5160 1925
5 0.000 23 -5 284 -35 4 -1021 -552 -5150 1937
5 -0.014 14 -5 260 -18 32 -1036 -540 -5122 1910
5 -0.014 11 4 272 -37 6 -1046 -452 -5095 1957
6 0.000 4 5 258 -49 -54 -1041 -442 -5112 1957
5 0.000 2 -7 237 -46 -11 -1037 -370 -5107 1952
5 -0.014 -2 2 242 -71 29 -1041 -375 -5075 1937
6 0.000 14 -9 264 -38 -2 -1038 -270 -5010 1920
6 0.000 1 -1 250 -74 -13 -1019 -227 -5022 1932
7 -0.014 12 7 277 -52 47 -1016 -202 -4995 1915
6 -0.014 7 -1 247 -51 54 -1023 -192 -4985 1937
6 0.000 2 3 245 -70 38 -1045 -107 -4947 1962
6 0.000 8 2 261 -54 33 -1063 -50 -4927 1962
5 -0.014 2 4 257 -66 18 -1089 -30 -4920 1977
6 0.000 7 -1 257 -66 32 -1104 10 -4880 1942
5 0.000 7 -1 255 -49 51 -1114 97 -4880 1905
6 0.000 -2 -2 248 -26 45 -1117 102 -4880 1920
6 -0.014 -4 3 254 -38 16 -1125 155 -4872 1937
6 0.000 1 1 263 -58 4 -1125 212 -4830 1885
5 0.000 -4 1 259 -52 -4 -1128 312 -4762 1952
5 0.014 -1 3 257 -51 -18 -1122 327 -4777 1967
5 0.000 1 -2 261 -48 -6 -1106 337 -4742 1937
5 -0.014 2 -4 252 -40 -21 -1090 352 -4677 1910
5 -0.028 -2 1 255 -32 2 -1104 905 -4345 1900
6 -0.014 -3 0 256 -36 -1 -1096 947 -4332 1952
7 0.000 0 -3 255 -21 -12 -1080 1000 -4265 1900
6 -0.014 3 1 254 -33 1 -1069 1015 -4280 1947
6 -0.014 6 1 258 -31 6 -1050 1057 -4242 1987
5 0.000 -1 6 258 -34 -2 -1044 1110 -4227 1962
5 0.000 0 4 261 -33 -18 -1031 1182 -4165 1947
6 -0.014 0 3 259 -44 -26 -1031 1187 -4117 1915
5 -0.014 1 -1 257 -43 -34 -1027 1215 -4075 1915
5 0.000 1 0 255 -43 -17 -1016 1277 -4090 1925
5 0.000 1 2 255 -42 -34 -1018 1327 -4070 1952
6 -0.014 0 3 254 -39 -34 -1015 1385 -4047 1967
7 0.000 0 2 255 -41 -29 -1021 1407 -3962 1932
6 -0.014 1 2 257 -48 -30 -1033 1442 -3967 1920
6 0.000 -1 1 256 -47 -35 -1035 1485 -3942 1920
6 0.000 -2 3 256 -43 -47 -1045 1517 -3820 1915
5 0.000 3 2 258 -35 -38 -1057 1517 -3847 1932
6 -0.028 0 0 255 -25 -27 -1070 1562 -3777 1932
5 0.000 -2 -1 256 -33 -26 -1087 1672 -3757 1910
5 0.000 -2 -2 252 -20 -15 -1100 1725 -3677 1947
5 -0.014 0 -2 254 -7 2 -1123 1767 -3662 1967
5 0.000 -6 -1 251 -13 6 -1137 1777 -3625 1982
5 -0.028 -1 -4 254 3 -3 -1158 1835 -3535 1982
5 -0.014 -4 5 263 -21 -20 -1147 1840 -3455 1925
5 -0.014 -5 5 263 -22 -54 -1138 1897 -3422 1967
5 0.000 -3 7 261 -20 -62 -1128 1995 -3407 1957
6 -0.014 1 2 253 -25 -47 -1123 1980 -3317 1982
5 0.000 4 2 250 -26 -25 -1118 2027 -3290 1920
5 -0.028 2 5 252 -35 -19 -1116 2085 -3290 1987
5 0.000 0 4 256 -37 -32 -1121 2115 -3247 1942
6 -0.014 -3 3 260 -36 -36 -1129 2137 -3207 1977
7 0.000 8 2 262 -42 -26 -1145 2177 -3132 1972
5 -0.128 2 7 273 -83 -89 -1347 2565 -2522 1995
5 -0.014 4 -3 248 -109 20 -1333 2537 -2480 1967
5 -0.014 27 -5 273 -90 -38 -1314 2595 -2475 1987
5 -0.014 -8 8 243 -42 24 -1303 2612 -2402 1995
5 0.014 -9 -1 217 -53 16 -1274 2647 -2380 1995
5 -0.014 17 -5 259 -51 -5 -1268 2715 -2232 1982
5 -0.014 13 6 271 -49 13 -1262 2757 -2152 1920
5 0.000 -7 7 251 -67 -40 -1267 2820 -2110 1932
5 -0.014 -1 5 256 -32 -23 -1270 2720 -2072 1977
5 0.014 5 8 248 -39 -60 -1296 2810 -2015 1962
7 -0.014 5 6 251 -42 -24 -1321 2787 -1995 2025
5 -0.014 7 1 249 -68 27 -1338 2925 -1857 1972
6 0.014 11 0 259 -85 34 -1352 2935 -1810 2005
6 -0.014 5 -11 244 -56 40 -1331 2930 -1730 2015
6 -0.014 1 5 253 -45 -3 -1323 2882 -1707 2015
7 0.014 4 10 263 -80 -30 -1313 2925 -1602 1972
6 -0.014 7 8 259 -84 -11 -1299 2970 -1545 2010
6 0.014 9 2 246 -60 -5 -1280 2992 -1512 2005
5 0.000 7 4 246 -56 15 -1265 3022 -1427 2030
5 0.000 11 2 253 -78 28 -1260 3035 -1380 2010
6 0.000 9 -3 260 -69 22 -1236 3012 -1355 2030
5 0.000 5 -3 263 -63 -22 -1217 3022 -1257 2005
5 0.014 6 -3 261 -72 -16 -1201 3070 -1195 2010
5 0.000 5 -3 255 -57 -18 -1198 3137 -1167 2005
6 0.000 6 0 251 -45 8 -1187 3175 -1052 1995
7 0.000 8 6 255 -62 32 -1177 3117 -1030 1987
6 0.000 1 7 256 -57 36 -1158 3152 -940 2035
5 0.000 0 8 261 -48 9 -1139 3170 -910 2112
5 0.014 -2 4 257 -60 -7 -1127 3152 -835 2025
5 0.000 0 1 258 -44 -9 -1114 3222 -850 2030
7 0.000 1 -4 254 -32 0 -1108 3147 -802 2062
6 0.014 0 -3 252 -32 8 -1101 3180 -682 2020
5 0.000 2 -2 253 -38 17 -1090 3170 -687 2025
5 0.000 -5 0 250 -27 14 -1086 3160 -580 2050
5 0.000 -3 6 253 -29 10 -1082 3180 -570 2055
6 0.000 -5 5 256 -40 9 -1084 3232 -475 2005
6 0.014 -1 3 256 -37 9 -1090 3242 -395 2020
6 0.000 -1 4 258 -39 14 -1105 3217 -375 2045
6 0.000 -1 5 256 -47 11 -1119 3200 -337 2030
5 0.000 0 2 255 -48 5 -1126 3190 -332 2082
5 0.000 2 1 256 -34 7 -1138 3227 -205 2040
5 0.000 3 3 259 -43 1 -1146 3195 -177 2072
6 0.000 1 0 255 -43 14 -1156 3227 -130 2067
6 0.000 3 0 255 -27 22 -1174 3227 -62 2067
5 0.014 3 1 257 -26 24 -1196 3252 -67 2050
5 0.000 -1 2 255 -42 33 -1219 3195 40 2050
6 -0.014 2 -2 259 -26 31 -1231 3232 95 2045
6 0.000 0 -1 253 -23 24 -1253 3232 137 2062
6 0.014 -2 1 260 -33 1 -1266 3217 220 2077
5 0.000 -2 4 259 -48 4 -1269 3210 290 2062
5 0.000 -3 4 261 -37 -25 -1269 3200 317 2117
6 0.000 4 2 261 -50 -28 -1260 3205 400 2117
6 0.014 3 1 255 -53 -29 -1254 3200 432 2092
6 0.000 6 2 249 -45 -18 -1249 3170 490 2092
6 -0.014 6 4 256 -53 -9 -1243 3210 517 2112
5 0.014 4 7 259 -55 -9 -1259 3185 607 2087
6 0.000 2 8 258 -52 -22 -1261 3170 635 2107
6 0.057 -4 4 249 -29 -8 -1326 3002 1332 2117
5 0.014 -3 3 251 -44 -9 -1324 3050 1407 2107
5 0.000 3 -2 261 -41 -6 -1317 2977 1437 2092
5 0.000 -2 -3 261 -17 -11 -1313 2970 1517 2112
5 0.000 -3 2 256 -28 -9 -1306 2977 1575 2150
6 0.000 -6 3 255 -24 -4 -1307 2925 1587 2112
6 0.000 -1 1 258 -25 -6 -1305 2872 1677 2135
6 0.014 -1 2 254 -23 2 -1302 2930 1672 2122
6 -0.014 2 1 253 -19 6 -1304 2920 1792 2112
5 0.014 -1 1 258 -20 14 -1303 2862 1750 2135
6 -0.014 -3 3 257 -23 1 -1309 2815 1835 2155
5 0.014 -3 3 259 -22 -8 -1314 2787 1905 2160
5 0.000 2 4 258 -36 -5 -1324 2737 1977 2107
6 -0.014 -1 5 260 -44 -12 -1333 2700 2067 2170
6 0.014 2 4 254 -44 -9 -1336 2695 2090 2175
7 0.000 -6 6 249 -34 -11 -1351 2670 2142 2140
5 0.000 2 6 259 -27 -24 -1366 2657 2200 2175
5 0.000 1 8 255 -39 -1 -1383 2632 2205 2150
5 0.000 -2 4 259 -40 -2 -1399 2600 2300 2212
5 0.000 -4 4 262 -52 -26 -1410 2527 2300 2175
7 0.000 -4 0 261 -63 -35 -1426 2485 2337 2197
6 0.014 -3 -5 252 -54 -30 -1446 2480 2385 2140
6 -0.014 -3 -5 251 -52 12 -1461 2485 2465 2212
5 0.014 2 6 253 -92 58 -1465 2397 2620 2190
5 -0.014 0 2 254 -93 41 -1463 2282 2620 2202
5 0.000 1 0 264 -88 18 -1452 2282 2735 2180
6 0.014 0 3 264 -99 0 -1443 2247 2750 2185
6 0.000 2 -1 260 -84 -7 -1412 2185 2810 2222
6 -0.014 1 -1 254 -58 -13 -1390 2120 2867 2180
7 0.014 -1 3 259 -55 1 -1377 2090 2882 2190
5 0.000 1 2 252 -54 12 -1364 2052 2942 2197
5 0.000 -3 1 262 -57 11 -1365 2022 2952 2202
5 0.000 -4 -1 257 -41 13 -1368 1937 2985 2212
6 0.014 -9 4 256 -31 8 -1362 1937 3062 2185
5 -0.028 2 5 258 -43 -34 -1128 1402 3427 2222
5 0.000 3 2 251 -44 -29 -1100 1370 3422 2207
5 0.000 2 1 255 -43 -14 -1057 1292 3535 2242
6 0.000 1 -1 243 -40 10 -998 1260 3507 2275
7 0.000 1 -6 256 -23 -2 -937 1215 3517 2242
6 0.000 -3 -3 263 -24 -13 -871 1167 3545 2227
5 0.000 -4 -2 259 -27 -18 -804 1115 3550 2207
5 0.000 1 3 253 -24 -19 -728 1095 3565 2275
5 0.000 2 3 251 -10 -1 -658 1057 3615 2227
6 -0.014 1 5 250 -16 14 -597 1020 3582 2227
7 0.000 -1 0 256 -11 19 -539 1010 3582 2217
5 0.000 -2 -2 258 1 10 -483 1000 3640 2217
5 0.000 -3 -2 258 -3 8 -409 1000 3667 2257
5 0.000 -2 4 258 -5 5 -360 962 3620 2290
6 -0.014 -2 3 253 -4 8 -303 980 3602 2212
6 0.000 -1 4 257 -2 11 -253 922 3602 2232
5 0.000 -2 1 257 -5 10 -202 932 3645 2222
6 -0.014 -1 0 255 0 4 -155 890 3687 2217
5 0.014 -1 -1 255 -1 10 -111 927 3687 2252
5 0.000 1 -1 253 1 10 -68 900 3687 2270
7 -0.014 -1 2 256 6 3 -23 895 3672 2212
5 0.000 -1 7 255 4 -1 8 880 3655 2257
5 0.000 0 4 259 -1 -4 30 875 3662 2237
6 0.000 0 -6 253 -4 -2 48 895 3667 2252
5 -0.014 2 -1 253 5 18 63 905 3655 2242
7 0.000 -2 0 255 5 13 73 855 3672 2252
5 0.000 0 5 259 5 8 86 905 3667 2222
6 0.000 -2 5 255 -3 -6 91 900 3655 2237
6 0.000 -3 2 256 4 2 92 895 3630 2242
5 -0.014 -2 -1 257 -6 2 85 865 3640 2237
6 0.014 -2 -2 255 1 9 73 975 3725 2247
6 0.000 -2 -2 257 7 14 57 962 3682 2232
6 0.000 -3 0 255 -2 16 49 962 3697 2190
6 0.000 -5 1 254 4 4 38 952 3672 2217
5 0.000 -4 2 254 3 4 36 922 3602 2247
6 -0.014 -6 4 258 -4 -5 32 937 3635 2257
6 0.000 -2 -1 259 3 -5 30 962 3672 2247
6 0.000 1 0 253 1 0 23 932 3672 2252
5 0.000 3 3 256 -3 9 20 952 3687 2247
6 0.000 2 2 256 5 16 18 952 3692 2232
5 0.000 -3 5 255 -3 6 12 962 3662 2242
6 0.000 -2 -2 258 -3 -4 2 957 3682 2270
6 0.000 -5 2 257 -1 7 -2 917 3640 2237
5 0.000 -5 2 253 2 11 -5 937 3645 2257
6 0.000 -3 2 257 2 5 -9 947 3620 2242
5 0.000 -4 2 257 -1 9 -5 937 3672 2257
6 0.000 -2 0 260 -2 -8 -11 952 3645 2265
7 -0.014 -3 3 253 -3 -9 -14 917 3705 2275
5 0.000 -3 5 253 -1 5 -18 947 3650 2217
6 0.000 -4 1 252 1 5 -19 912 3697 2222
5 -0.014 -3 0 256 6 3 -23 912 3645 2252
5 0.000 -1 1 261 1 -4 -21 912 3662 2252
7 0.000 -3 2 257 -2 2 -22 962 3677 2212
5 0.000 -1 2 260 5 0 -16 947 3667 2237
6 0.000 0 1 256 -3 7 -15 927 3662 2217
5 0.000 0 1 256 0 8 -15 932 3662 2265
5 -0.014 -3 0 257 2 5 -9 865 3682 2252
7 0.000 -2 5 255 -2 0 -7 860 3672 2222
5 0.000 -2 3 257 -6 1 -7 912 3682 2270
6 0.000 -2 4 257 0 -2 -3 937 3630 2265
5 0.000 -2 2 256 2 -2 -2 927 3672 2280
6 0.000 1 1 255 -1 2 0 905 3640 2237
5 0.000 -1 2 253 0 5 0 937 3677 2252
6 0.000 -3 2 256 3 5 -2 900 3650 2237
5 0.000 -1 2 260 -1 3 0 957 3677 2290
6 0.000 -2 3 257 2 0 2 980 3655 2265
5 0.000 -2 2 253 -1 1 4 990 3682 2280
5 0.000 -2 2 252 -1 7 5 937 3687 2275
6 0.000 -3 2 255 1 7 1 962 3655 2270
5 0.000 -2 1 257 0 2 -6 917 3672 2285
6 0.000 -3 1 257 2 0 -3 962 3640 2270
5 0.000 -2 2 256 0 -1 -9 947 3677 2247
6 0.000 -2 2 254 1 1 0 927 3677 2247
5 0.000 -4 2 255 3 4 -4 937 3682 2252
6 0.000 -2 3 251 5 0 1 932 3645 2212
5 0.000 -3 2 256 -1 0 0 875 3692 2270
6 0.000 0 1 255 3 2 4 917 3655 2257
5 0.000 -2 3 258 -4 1 1 912 3650 2217
6 0.000 -4 2 257 -1 1 3 900 3655 2212
6 0.000 -4 2 254 -1 0 1 905 3667 2212
6 0.000 -3 2 257 2 3 -5 922 3662 2305
5 0.000 0 0 256 -1 3 -3 912 3655 2305
6 0.000 1 -2 253 -5 27 -17 900 3667 2232
5 0.000 3 -2 247 5 50 -48 895 3682 2227
6 0.000 -2 2 256 9 27 -58 895 3682 2197
6 0.000 -4 7 268 -4 -12 -63 942 3725 2180
5 0.000 -5 2 255 -5 -16 -77 905 3662 2222
5 0.000 1 3 248 3 12 -108 917 3645 2270
6 0.014 10 6 253 1 12 -128 900 3662 2265
5 -0.014 7 4 258 -6 -5 -178 905 3677 2280
5 0.028 -7 -2 243 4 7 -395 870 3697 2237
5 0.000 -9 6 255 13 4 -500 842 3705 2265
6 0.000 -9 4 257 -9 -2 -596 812 3720 2270
6 0.014 -8 -5 261 -3 0 -669 827 3682 2252
5 -0.014 -10 0 263 1 -23 -732 802 3757 2270
5 0.014 -7 4 262 -23 -45 -773 770 3745 2242
6 0.000 -2 4 255 -19 -36 -811 765 3740 2257
6 0.000 -6 4 250 -21 -17 -844 702 3787 2265
6 0.014 -10 1 255 -15 -22 -879 692 3810 2252
6 -0.014 -10 1 258 -13 -37 -914 655 3800 2290
5 0.014 -10 2 258 -13 -46 -938 582 3772 2247
5 0.000 -6 1 253 -13 -28 -961 572 3787 2265
5 0.000 -7 3 259 -22 -45 -986 515 3825 2232
6 0.000 -7 2 262 -19 -52 -1000 510 3830 2222
7 0.000 -9 1 260 -28 -54 -1013 472 3842 2190
6 0.000 -9 1 251 -22 -38 -1029 442 3877 2257
5 0.000 -9 1 249 -23 -35 -1048 400 3815 2320
5 0.000 -12 3 257 -38 -35 -1070 357 3842 2247
5 -0.014 -13 3 256 -37 -33 -1095 275 3867 2247
6 0.000 -10 5 258 -32 -43 -1126 232 3872 2270
5 -0.014 -7 4 253 -31 -32 -1150 145 3905 2237
6 -0.014 -6 2 258 -26 -28 -1179 155 3895 2285
6 0.000 -8 2 253 -29 -25 -1204 50 3932 2275
6 -0.014 1 3 246 -28 -18 -1234 -20 3920 2270
7 -0.014 3 1 246 -36 11 -1241 -55 3957 2247
5 0.000 3 2 257 -47 6 -1253 -125 3980 2280
5 -0.014 2 5 262 -62 -13 -1264 -182 3962 2257
5 -0.014 5 4 263 -52 -20 -1271 -227 3952 2237
5 0.000 5 5 257 -47 -23 -1283 -207 3952 2252
7 0.000 0 5 253 -59 -27 -1280 -327 3967 2265
6 -0.014 2 -1 258 -65 -32 -1282 -322 3947 2305
6 0.000 6 -1 252 -44 -19 -1285 -400 3995 2265
6 -0.014 1 4 249 -29 -13 -1298 -462 3975 2252
6 0.000 -2 5 249 -36 -8 -1324 -505 4000 2290
6 0.000 -6 3 257 -46 -8 -1353 -592 4022 2270
5 -0.014 -11 6 252 -47 -25 -1377 -667 3975 2265
5 -0.014 -11 5 255 -67 -23 -1413 -745 4000 2222
5 0.000 -7 3 254 -56 -29 -1434 -802 4015 2280
5 -0.014 -4 2 253 -50 -20 -1451 -855 3995 2285
6 0.000 -6 1 249 -35 -6 -1463 -980 3985 2252
5 -0.014 0 2 247 -21 11 -1469 -1057 3967 2252
6 0.000 3 1 255 -45 18 -1468 -1057 3942 2265
6 -0.014 -2 7 270 -92 -35 -1464 -1172 3952 2285
6 0.000 3 6 257 -78 -41 -1456 -1202 3920 2217
6 -0.014 8 6 257 -63 -25 -1443 -1240 3915 2242
6 0.000 8 4 252 -65 1 -1429 -1345 3937 2285
5 0.000 6 2 254 -72 11 -1431 -1427 3920 2305
5 0.000 4 1 254 -73 9 -1437 -1505 3867 2315
5 -0.014 2 -2 253 -84 7 -1440 -1537 3877 2275
5 0.000 -4 -5 251 -71 14 -1450 -1630 3885 2237
5 -0.014 -2 -4 254 -70 13 -1461 -1710 3877 2285
5 0.000 -5 2 252 -66 35 -1474 -1755 3852 2265
6 0.014 -5 5 260 -84 24 -1487 -1812 3777 2270
6 -0.014 -4 1 260 -57 -4 -1505 -1875 3782 2275
6 0.000 -5 1 253 -51 4 -1517 -1955 3762 2275
7 0.000 -2 -2 249 -44 24 -1530 -2007 3782 2310
6 -0.014 -1 -3 253 -48 35 -1534 -2080 3730 2315
6 0.000 1 5 272 -71 -2 -1522 -2172 3715 2265
6 0.000 -6 3 265 -57 -37 -1499 -2210 3677 2257
5 0.000 -1 -1 253 -44 -32 -1486 -2297 3667 2280
5 -0.014 1 0 250 -37 13 -1469 -2350 3620 2280
5 0.000 -3 2 250 -43 32 -1455 -2470 3517 2247
5 -0.014 -8 3 252 -17 20 -1448 -2542 3535 2252
5 0.000 -2 3 253 -12 22 -1443 -2580 3545 2270
5 -0.014 -2 5 257 -33 37 -1445 -2637 3555 2275
6 0.000 0 4 268 -53 18 -1452 -2695 3512 2290
6 0.000 -4 -2 259 -32 -10 -1446 -2805 3470 2290
6 0.000 0 2 262 -36 -16 -1453 -2857 3360 2315
6 0.000 -4 2 258 -69 -40 -1434 -2835 3365 2320
6 -0.014 3 2 258 -49 -63 -1422 -2997 3312 2242
7 0.000 6 5 256 -62 -36 -1403 -3035 3345 2290
6 0.014 3 6 252 -48 -27 -1385 -3127 3290 2242
6 -0.014 -2 6 260 -54 -27 -1376 -3142 3242 2232
6 0.000 1 3 255 -62 -34 -1379 -3217 3232 2270
5 0.000 -3 -2 255 -47 -33 -1382 -3252 3185 2232
6 0.000 -1 -5 258 -52 -21 -1391 -3342 3147 2247
5 -0.014 -5 -7 255 -47 -28 -1396 -3367 3095 2285
5 0.000 0 -5 255 -59 -13 -1405 -3440 3080 2252
5 0.014 -3 -2 254 -44 -15 -1410 -3455 3027 2270
5 -0.014 -3 3 255 -51 -14 -1411 -3607 2920 2310
6 0.000 -1 1 257 -67 -20 -1411 -3645 2942 2285
5 0.000 -4 2 248 -47 -20 -1413 -3685 2862 2217
5 0.000 -5 4 248 -48 14 -1421 -3732 2835 2242
5 0.000 7 -3 258 -47 30 -1428 -3815 2810 2290
5 -0.014 -3 -3 260 -45 37 -1432 -3857 2767 2232
6 0.000 -3 1 255 -37 19 -1451 -3962 2735 2222
6 0.000 -6 2 256 -35 5 -1460 -3972 2677 2285
6 -0.014 -3 4 255 -45 5 -1476 -4025 2620 2280
6 0.000 -3 4 255 -38 18 -1482 -4040 2625 2310
6 0.000 -9 2 261 -22 18 -1519 -4212 2450 2237
6 -0.014 -7 3 263 -33 -9 -1524 -4222 2407 2295
6 0.000 -7 4 268 -58 -15 -1532 -4337 2342 2247
6 -0.014 -7 0 257 -38 -33 -1525 -4380 2210 2265
6 -0.014 -3 2 254 -35 -39 -1512 -4415 2247 2232
7 0.000 2 3 256 -34 -9 -1508 -4472 2147 2222
6 0.000 -4 3 249 -12 6 -1507 -4515 2120 2222
6 -0.014 -7 5 259 -47 -13 -1519 -4572 2062 2247
6 0.000 -11 3 260 -68 -44 -1518 -4577 2005 2270
6 -0.014 -7 2 257 -44 -48 -1529 -4665 1972 2237
7 -0.014 -6 -3 251 -16 -52 -1529 -4677 1887 2227
6 0.000 -2 4 257 -46 -31 -1528 -4770 1787 2227
6 -0.014 -10 1 254 -45 -50 -1511 -4812 1702 2175
6 -0.014 -1 3 267 -62 -55 -1495 -4875 1665 2165
6 -0.014 0 4 262 -67 -67 -1481 -4910 1630 2207
7 0.000 7 3 259 -67 -65 -1475 -4962 1555 2252
6 -0.014 1 2 252 -36 -62 -1473 -5037 1460 2232
5 0.000 17 -1 261 -33 -37 -1483 -5025 1442 2217
5 -0.014 9 2 262 -54 13 -1505 -5000 1327 2227
5 -0.014 -8 3 257 -68 -18 -1527 -5025 1322 2247
5 -0.014 -6 0 256 -46 -48 -1549 -5172 1257 2197
5 0.000 -1 -1 255 -52 -14 -1568 -5167 1142 2232
5 -0.014 3 2 247 -45 0 -1587 -5235 1062 2212
5 -0.014 8 4 252 -79 50 -1604 -5297 1015 2232
5 -0.014 5 4 259 -82 34 -1612 -5312 1000 2212
6 0.000 -1 7 255 -87 9 -1624 -5345 850 2242
6 -0.028 3 4 257 -92 2 -1633 -5390 797 2237
6 0.000 6 3 255 -113 6 -1637 -5375 707 2202
6 0.000 4 5 256 -120 19 -1638 -5407 622 2217
6 -0.014 9 6 257 -102 7 -1625 -5475 592 2180
5 0.000 -14 7 250 -83 -2 -1650 -5515 475 2150
5 0.000 10 5 276 -107 6 -1647 -5522 442 2185
5 -0.014 3 -5 262 -89 18 -1641 -5557 342 2175
5 0.000 3 -3 251 -72 28 -1651 -5595 290 2170
5 -0.014 5 -4 246 -33 57 -1664 -5615 152 2140
5 0.000 3 -4 245 -20 67 -1671 -5672 15 2175
6 -0.014 4 -9 246 -26 95 -1687 -5652 25 2180
6 0.000 0 -3 267 -45 85 -1689 -5692 -95 2170
6 -0.014 -6 3 275 -57 30 -1686 -5755 -115 2145
6 0.000 -5 8 274 -60 -44 -1686 -5777 -205 2150
6 0.000 5 3 252 -67 -29 -1694 -5777 -280 2140
5 -0.014 6 4 249 -72 3 -1697 -5817 -342 2135
5 0.000 2 1 255 -51 20 -1704 -5802 -447 2122
5 0.000 -2 -3 256 -41 -16 -1702 -5817 -565 2117
5 0.000 1 0 259 -63 -25 -1714 -5822 -617 2150
5 0.000 -3 0 256 -50 -31 -1708 -5812 -712 2112
5 -0.014 0 0 253 -33 -28 -1711 -5830 -787 2160
5 0.000 -6 2 257 -53 -42 -1708 -5870 -867 2130
5 0.014 -1 1 255 -51 -25 -1710 -5860 -1010 2102
5 0.000 3 -3 249 -24 2 -1725 -5845 -1042 2107
6 -0.014 0 -3 252 -40 12 -1732 -5855 -1125 2097
7 0.000 -6 2 263 -50 -31 -1736 -5897 -1157 2122
6 0.000 -9 -3 260 -36 -66 -1744 -5850 -1322 2112
6 0.000 -7 -1 259 -53 -75 -1739 -5922 -1375 2122
6 0.000 0 1 259 -56 -81 -1729 -5950 -1442 2170
5 0.000 3 -3 255 -9 -67 -1730 -5902 -1540 2107
6 0.000 -1 4 254 -20 -51 -1740 -5880 -1655 2107
6 0.000 -6 4 259 -55 -49 -1767 -5870 -1707 2122
6 0.000 -4 3 265 -71 -67 -1796 -5845 -1810 2150
6 0.000 -5 -2 257 -65 -69 -1838 -5812 -1892 2150
6 0.000 1 -2 254 -74 -59 -1870 -5840 -1967 2130
7 -0.014 9 -2 246 -45 -13 -1887 -5782 -2047 2130
5 0.014 10 8 246 -54 31 -1898 -5845 -2067 2092
5 -0.014 9 8 256 -125 58 -1892 -5817 -2217 2130
5 0.000 4 1 268 -99 14 -1874 -5760 -2247 2117
6 0.000 6 -2 266 -68 -18 -1861 -5725 -2355 2062
7 0.000 8 2 256 -71 -16 -1840 -5715 -2507 2082
6 0.014 2 0 254 -69 -23 -1827 -5735 -2597 2082
6 -0.014 0 -1 253 -67 -22 -1817 -5697 -2692 2122
6 0.014 1 -4 262 -71 -37 -1814 -5687 -2697 2112
6 0.000 -9 -3 241 -63 -96 -1798 -5647 -2825 2077
7 0.000 7 -10 244 -64 -21 -1793 -5652 -2887 2077
6 0.000 7 2 265 -77 -13 -1785 -5605 -2990 2077
6 0.014 -1 0 251 -71 3 -1782 -5572 -3052 2087
6 0.000 -2 2 245 -61 19 -1786 -5537 -3195 2097
6 0.000 1 0 248 -69 58 -1800 -5505 -3137 2097
7 0.000 3 -3 251 -80 76 -1806 -5470 -3290 2067
6 0.014 -3 2 261 -71 85 -1820 -5412 -3392 2020
6 -0.014 -16 10 252 -85 32 -1853 -5370 -3412 2000
6 0.014 -22 6 261 -129 31 -1860 -5345 -3497 2040
6 0.000 -4 -11 257 -69 -25 -1882 -5317 -3587 2045
7 0.000 12 -8 267 -54 -1 -1892 -5275 -3645 2040
6 0.000 3 -6 256 -68 50 -1907 -5220 -3715 2035
6 0.000 -4 -2 252 -47 42 -1911 -5177 -3730 2040
6 0.000 -7 1 255 -52 19 -1908 -5145 -3877 2020
6 0.000 -17 7 257 -51 -30 -1896 -5105 -3942 2025
7 0.000 11 3 284 -66 -86 -1880 -5015 -3980 2020
5 0.000 5 3 263 -67 -11 -1815 -4880 -4122 1995
5 0.000 -7 2 259 -76 7 -1792 -4812 -4232 2015
5 0.000 -15 6 253 -92 -40 -1788 -4755 -4232 2000
6 0.000 5 -5 257 -61 11 -1792 -4727 -4302 1982
5 0.000 -3 -2 259 -85 31 -1785 -4645 -4317 1962
5 0.000 -5 -7 251 -67 -22 -1782 -4592 -4397 1987
5 -0.014 -5 -5 258 -57 -23 -1773 -4577 -4430 1995
5 -0.014 -7 -6 247 -59 -18 -1754 -4535 -4520 2000
6 0.014 -1 -1 263 -41 4 -1746 -4462 -4525 2025
5 -0.014 -3 1 253 -45 24 -1741 -4410 -4672 1952
5 0.000 -7 -1 253 -47 23 -1733 -4332 -4687 1987
5 -0.014 -8 -1 255 -38 11 -1722 -4260 -4730 1977
5 -0.014 -1 -3 254 -46 14 -1717 -4192 -4757 1987
7 -0.014 2 -5 253 -27 20 -1717 -4122 -4777 2030
6 0.000 0 -2 244 -29 29 -1711 -4072 -4837 1977
6 -0.014 -2 5 255 -34 25 -1705 -3967 -4847 1967
6 0.000 -3 5 261 -59 13 -1686 -3952 -4867 1977
5 -0.014 3 5 258 -65 -1 -1662 -3842 -4970 1982
6 -0.014 1 2 260 -56 -13 -1629 -3832 -4947 2015
5 -0.014 4 2 260 -48 -21 -1606 -3780 -4990 2035
5 0.000 6 -2 257 -29 -6 -1585 -3645 -5052 1947
5 0.000 5 2 261 -49 7 -1564 -3665 -5070 1962
5 -0.014 1 -2 258 -62 -6 -1538 -3502 -5112 1947
6 -0.014 -4 -1 252 -19 -24 -1507 -3450 -5117 1957
5 0.000 0 -4 259 -24 -29 -1474 -3415 -5150 1982
5 0.000 -3 6 257 -39 -37 -1439 -3320 -5217 1957
5 -0.014 -1 2 258 -44 -47 -1411 -3330 -5170 1942
5 0.000 -2 1 253 -53 -48 -1376 -3222 -5232 1972
6 -0.014 4 -7 253 -47 -41 -1344 -3122 -5275 1982
5 -0.014 0 -4 256 -44 -33 -1314 -3090 -5217 1957
5 -0.014 2 -2 254 -47 -33 -1289 -3017 -5275 1905
5 0.000 2 -6 253 -21 -17 -1271 -3017 -5280 1977
5 0.000 -2 2 254 -20 -3 -1255 -2872 -5302 1972
6 -0.014 -11 6 264 -44 -32 -1256 -2877 -5335 1995
5 -0.014 -9 5 261 -44 -47 -1249 -2825 -5322 1962
5 -0.014 -5 3 253 -28 -42 -1242 -2747 -5345 1920
5 0.000 -3 2 254 -28 -39 -1225 -2662 -5317 1942
5 -0.014 -4 0 253 -20 -30 -1222 -2600 -5355 1982
6 -0.014 3 -5 258 -20 -17 -1202 -2537 -5330 1962
6 -0.014 -5 -1 253 -12 -5 -1179 -2512 -5382 1982
6 -0.028 2 -2 260 -30 -5 -1167 -2465 -5330 1947
6 0.000 -3 6 258 -51 -11 -1149 -2387 -5387 1977
6 -0.014 -2 9 254 -50 -7 -1137 -2355 -5322 2030
7 -0.028 2 8 260 -53 -4 -1136 -2287 -5350 2035
5 0.000 1 4 262 -51 -13 -1127 -2272 -5355 1900
5 -0.028 3 -1 260 -54 -32 -1129 -2152 -5360 1957
5 -0.014 1 -3 258 -51 -30 -1145 -2147 -5387 1925
6 0.000 5 -3 254 -49 -26 -1151 -2080 -5412 1942
7 -0.014 4 0 257 -50 -24 -1171 -2017 -5382 1932
6 -0.028 -1 1 252 -55 -64 -1183 -1985 -5355 1937
6 0.000 4 0 257 -46 -57 -1208 -1970 -5377 1962
5 -0.014 6 -2 251 -53 -23 -1226 -1870 -5345 2005
5 -0.014 3 -6 251 -22 -11 -1257 -1845 -5382 1995
7 -0.014 3 -6 252 -15 18 -1293 -1787 -5387 1942
6 -0.014 -1 0 254 -24 39 -1340 -1672 -5407 1977
6 -0.014 4 -5 253 -17 50 -1363 -1600 -5365 1947
6 -0.014 1 7 260 -42 47 -1368 -1470 -5370 1967
6 -0.014 -1 9 271 -77 15 -1366 -1470 -5317 1920
7 -0.014 0 7 255 -65 8 -1363 -1427 -5340 1947
5 0.000 3 8 251 -61 29 -1363 -1380 -5360 1957
5 -0.028 3 6 255 -68 28 -1355 -1265 -5317 1910
5 -0.014 0 5 259 -78 12 -1351 -1287 -5280 1905
5 -0.014 1 1 253 -71 24 -1350 -1182 -5292 1957
5 -0.014 2 -1 249 -50 32 -1349 -1167 -5260 1900
5 -0.014 -1 2 257 -70 27 -1364 -1032 -5270 1942
5 -0.014 2 4 260 -56 8 -1375 -975 -5222 1962
5 0.000 5 1 253 -48 27 -1385 -870 -5180 1937
5 -0.014 4 3 256 -65 -2 -1391 -827 -5202 1910
7 -0.014 1 1 257 -41 -6 -1396 -807 -5250 1995
6 0.000 0 -1 247 -29 25 -1389 -707 -5240 1962
6 -0.014 1 2 253 -37 17 -1375 -667 -5175 1910
6 -0.014 -3 2 263 -55 -35 -1349 -620 -5160 1967
6 0.000 1 3 263 -45 -45 -1313 -552 -5117 1952
6 -0.014 3 3 253 -37 -42 -1273 -477 -5107 1942
5 0.000 2 1 257 -42 -73 -1201 -380 -5080 1977
5 -0.014 4 -5 258 -45 -88 -1108 -337 -5080 2000
5 0.000 9 -4 255 -33 -72 -1033 -290 -5010 1900
5 0.000 8 -2 253 -38 -37 -954 -232 -5005 1932
5 0.000 3 3 246 -36 -9 -891 -207 -4990 1910
5 -0.014 2 1 253 -18 9 -822 -155 -5000 1962
6 -0.014 0 -2 252 -16 9 -754 -102 -4990 1972
6 0.000 2 -1 259 -39 17 -695 -87 -4937 1942
5 -0.014 1 -1 261 -26 17 -644 -50 -4927 1920
5 0.000 3 5 258 -27 14 -601 -10 -4900 1942
6 -0.014 3 6 254 -26 12 -550 35 -4920 1915
6 0.000 6 4 255 -13 1 -499 10 -4952 1942
6 0.000 3 -1 256 -22 -13 -449 50 -4867 1937
6 -0.028 4 -3 254 -10 -6 -322 67 -4852 1925
6 -0.014 6 0 252 -13 9 -270 107 -4880 1920
5 0.000 6 3 256 0 12 -215 97 -4842 1895
6 0.000 5 1 254 1 4 -163 117 -4872 1932
6 -0.014 8 2 259 -5 0 -113 102 -4867 1932
5 0.000 7 -1 258 -4 -3 -67 170 -4837 1932
6 0.000 10 -2 258 2 1 -30 125 -4852 1942
6 -0.014 11 -3 256 -1 10 4 160 -4805 1947
5 0.000 8 -2 253 -1 14 38 170 -4837 1920
5 0.000 9 -4 259 10 22 68 145 -4842 1932
6 0.000 4 1 259 1 6 98 150 -4872 1915
5 -0.014 2 0 258 8 0 115 150 -4872 1957
5 0.000 -2 -1 253 3 -6 138 130 -4830 1925
6 0.014 3 -1 257 6 -11 150 117 -4885 1920
6 -0.014 2 -1 256 4 17 150 140 -4857 1947
5 0.000 -3 1 254 5 18 137 82 -4852 1952
7 0.000 -2 -1 260 3 11 128 117 -4852 1932
6 -0.014 -5 -2 257 -4 3 113 107 -4842 1982
5 0.000 1 1 263 11 0 96 82 -4885 1925
6 0.000 -3 1 250 -1 6 82 112 -4867 1952
5 0.000 -3 0 251 5 10 61 87 -4862 1952
5 0.000 -4 -1 256 2 3 47 50 -4830 1942
7 0.000 -1 0 265 4 6 31 55 -4800 1952
5 0.000 -8 -2 256 -2 0 16 112 -4752 1932
6 -0.014 -3 2 255 2 -1 1 25 -4837 1995
5 -0.014 -4 0 253 -1 9 -12 130 -4915 1905
5 0.000 -1 -2 256 5 4 -20 92 -4890 1932
7 0.000 -1 -1 258 -1 -3 -28 92 -4927 1920
5 -0.014 0 1 255 0 1 -35 50 -4895 1925
6 0.000 1 0 253 1 2 -40 45 -4880 1947
6 -0.014 2 -2 252 -1 14 -35 67 -4867 1915
5 -0.014 -1 -1 253 6 7 -33 130 -4932 1952
7 0.000 1 0 255 -4 4 -35 102 -4862 2000
6 0.000 3 0 259 -1 -2 -30 102 -4937 1952
5 0.000 4 -2 258 5 -2 -28 67 -4885 1870
6 -0.014 5 -3 254 -1 4 -27 112 -4867 1880
5 -0.014 1 0 252 1 5 -18 102 -4847 1910
5 0.000 6 -1 260 4 -15 -10 72 -4842 1932
6 -0.014 2 2 255 2 -7 3 82 -4900 1925
5 0.000 5 2 255 7 -2 9 97 -4862 1915
6 0.000 4 3 249 0 8 17 82 -4830 1910
5 -0.014 6 -3 255 -1 -2 17 92 -4830 1920
5 0.000 7 -3 250 5 -5 19 102 -4852 1982
7 0.000 8 0 253 3 2 18 117 -4837 1952
5 0.000 7 1 254 1 7 20 82 -4900 1942
6 0.000 4 -1 253 -2 8 15 117 -4862 1937
5 0.000 5 -2 256 4 3 12 112 -4867 1942
6 0.000 2 -3 259 -3 0 7 125 -4872 1932
5 0.000 2 -2 256 2 5 3 82 -4872 1962
6 0.000 1 0 255 0 9 -4 140 -4847 1932
5 0.000 -1 0 256 1 9 -5 107 -4830 1967
5 0.000 0 0 255 -2 -2 -2 87 -4862 1962
1 0.000 0 0 255 -2 -2 -2 87 -4862 1962
5 0.000 0 -1 256 1 -1 -6 87 -4852 1920
7 0.000 -1 -1 253 -1 4 -5 87 -4867 1905
5 0.000 1 0 254 -1 2 -2 125 -4847 1942
6 0.000 0 -3 256 4 4 -1 97 -4847 1947
5 0.000 0 -4 259 3 1 2 97 -4862 1952
5 0.000 1 2 257 4 -6 0 92 -4852 1972
5 0.000 1 -1 258 3 0 3 92 -4867 1947
7 0.000 1 -1 257 -2 3 3 97 -4847 1947
5 0.000 -1 -1 257 -1 1 5 125 -4880 1910
5 0.000 3 -1 254 4 -2 0 107 -4842 1932
6 0.000 1 0 256 5 2 -2 45 -4890 1920
5 0.000 -1 1 256 5 0 3 77 -4880 1967
7 0.000 0 1 258 -2 -3 2 72 -4867 1962
5 0.000 3 1 257 -2 1 -1 72 -4867 1952
6 0.000 3 0 255 1 3 0 50 -4830 1947
5 0.000 1 -1 257 -2 0 -3 25 -4852 1952
6 0.000 0 1 258 2 0 -2 92 -4867 1910
5 0.000 -1 1 258 2 -1 1 77 -4900 1925
6 0.000 0 1 255 1 -2 0 92 -4862 1937
5 0.000 0 0 257 -2 2 3 67 -4900 2000
6 0.000 1 -1 255 2 0 3 30 -4895 1962
5 0.000 1 -1 255 -1 1 1 67 -4880 1982
6 0.000 2 0 253 -1 -3 -1 87 -4880 1967
6 0.000 0 2 254 0 1 2 107 -4842 1962
6 0.000 1 -2 259 3 0 -2 102 -4867 1937
5 0.000 1 -1 255 3 0 2 62 -4880 1942
6 0.000 0 0 256 0 -1 4 67 -4830 1905
5 0.000 0 0 258 4 0 -1 97 -4847 1910
7 0.000 -1 -3 254 -4 5 -7 92 -4842 1952
6 0.000 1 -5 253 2 14 -21 92 -4885 1895
5 0.000 1 -2 258 2 9 -39 97 -4895 1952
6 0.000 0 -2 261 -1 -4 -56 102 -4872 1942
5 0.000 -1 4 258 1 -18 -75 87 -4900 1942
5 0.000 0 3 257 1 -12 -95 107 -4895 1925
6 -0.014 2 -1 251 0 -6 -122 125 -4895 1967
5 0.014 4 -3 255 5 -1 -148 112 -4837 1875
5 0.000 1 -3 257 4 -1 -175 117 -4825 1865
6 -0.014 4 0 262 -1 -1 -207 107 -4842 1910
6 0.014 6 -1 256 0 -15 -257 112 -4837 1962
5 0.000 11 -3 255 -7 -19 -290 97 -4810 1920
5 0.000 12 -1 260 -4 -7 -320 117 -4872 1967
6 0.014 9 4 254 -7 -7 -354 160 -4767 1952
6 0.000 7 2 256 -23 -4 -382 150 -4762 1885
5 0.014 7 2 259 -3 -13 -405 135 -4762 1900
6 0.000 2 -3 250 -18 -1 -433 207 -4767 1905
5 0.014 1 -1 254 -13 -10 -465 260 -4772 1900
6 0.000 3 -1 254 -17 -26 -502 245 -4757 1915
6 0.014 13 -5 266 9 -10 -527 245 -4757 1890
5 0.014 -2 1 253 -14 -25 -573 270 -4752 1920
6 0.028 -4 -4 246 -32 -27 -691 352 -4710 1995
6 0.000 -12 2 256 -18 -3 -733 352 -4705 1967
5 0.014 -8 5 256 -50 0 -772 427 -4700 1957
5 0.014 -6 -4 260 -39 -39 -803 462 -4682 1920
6 0.014 0 0 254 -12 -14 -827 452 -4662 1972
6 0.000 1 0 252 -22 -21 -857 510 -4620 1947
6 0.014 2 -1 256 -27 -24 -878 482 -4615 1962
6 0.000 2 0 256 -23 -35 -893 582 -4572 1937
5 0.014 3 1 254 -28 -40 -918 615 -4577 1925
6 0.028 5 -2 258 -17 -45 -940 682 -4535 1952
5 0.000 2 -3 255 -21 -46 -961 730 -4487 1910
5 0.014 2 -4 258 -23 -52 -981 775 -4472 1925
6 0.014 -1 -1 255 -21 -53 -1015 775 -4430 1957
6 0.028 -4 -2 256 -30 -57 -1038 822 -4397 1925
7 0.000 1 -6 258 -24 -51 -1053 880 -4397 1952
6 0.014 -1 -5 255 -14 -53 -1071 927 -4365 1952
6 0.014 1 1 256 -18 -49 -1094 975 -4350 1947
5 0.000 -1 3 255 -18 -62 -1113 1042 -4285 1947
5 0.028 2 5 255 -20 -53 -1138 1067 -4202 1905
5 0.000 0 6 254 -37 -55 -1165 1072 -4202 1920
5 0.014 4 3 257 -45 -42 -1188 1157 -4190 1962
5 0.000 8 0 254 -49 -23 -1204 1192 -4195 1957
5 0.014 6 -1 250 -35 -9 -1221 1292 -4095 1937
6 0.028 5 3 253 -42 10 -1245 1317 -4070 1942
7 0.000 7 2 250 -57 37 -1241 1317 -3990 1947
6 0.014 2 1 255 -72 35 -1247 1365 -3942 1967
6 0.014 2 2 255 -59 30 -1231 1432 -3962 1942
5 0.000 1 1 258 -39 19 -1222 1475 -3915 1972
5 0.014 -3 5 260 -48 5 -1217 1452 -3895 1982
5 0.014 -1 1 258 -65 -14 -1203 1600 -3777 1967
5 0.000 0 -5 252 -46 -19 -1177 1585 -3725 1982
5 0.014 1 -7 255 -30 -21 -1162 1642 -3772 1972
5 0.000 5 -3 258 -36 -27 -1161 1700 -3682 1947
6 0.014 6 0 257 -41 -12 -1156 1745 -3625 1942
6 0.014 7 2 253 -33 5 -1159 1782 -3530 1947
6 0.014 6 2 255 -41 20 -1173 1825 -3545 1937
6 0.000 3 1 254 -37 11 -1182 1860 -3482 1947
5 0.014 2 3 258 -49 6 -1212 1932 -3412 1947
5 0.000 3 2 257 -51 9 -1235 1927 -3422 1967
5 0.014 0 3 255 -40 5 -1262 1970 -3345 1942
7 0.000 0 3 250 -56 -10 -1289 2032 -3312 1982
6 0.014 6 3 263 -67 27 -1312 2047 -3232 1937
6 0.014 4 3 256 -66 29 -1329 2110 -3217 2030
6 0.014 6 5 259 -76 2 -1339 2080 -3170 2005
5 0.014 9 0 260 -74 -6 -1347 2132 -3110 1972
6 0.014 6 -1 255 -62 6 -1345 2240 -3027 1995
5 0.014 5 -2 255 -71 10 -1340 2335 -2977 1982
5 0.014 3 -2 259 -63 -1 -1333 2282 -2947 1972
5 0.014 -2 0 258 -71 -17 -1335 2367 -2910 1962
5 0.014 2 -5 255 -80 -7 -1334 2435 -2825 1957
7 0.000 2 -2 258 -65 1 -1345 2387 -2772 1972
6 0.014 0 1 255 -60 6 -1353 2465 -2710 1952
6 0.014 -2 2 255 -51 -2 -1366 2527 -2620 1987
6 0.000 -1 3 253 -65 4 -1372 2502 -2592 2015
5 0.014 -3 -1 255 -46 1 -1372 2542 -2512 2030
6 0.014 1 3 259 -59 -5 -1372 2537 -2465 2030
5 0.014 0 1 259 -68 -16 -1363 2595 -2407 1995
5 0.014 -3 0 254 -44 -16 -1349 2657 -2332 1982
5 0.014 -1 0 256 -51 -5 -1334 2685 -2242 2000
5 0.014 0 0 250 -45 -12 -1310 2737 -2200 2020
7 0.014 2 2 255 -49 10 -1301 2715 -2170 2020
6 -0.014 4 2 255 -46 23 -1282 2762 -2110 2030
6 0.014 0 2 262 -36 19 -1272 2747 -1972 2025
6 0.014 -3 1 260 -46 14 -1274 2820 -1962 1995
5 0.014 -1 -2 259 -40 3 -1269 2862 -1915 2025
5 0.000 1 -2 258 -26 9 -1265 2867 -1867 2000
5 0.014 0 1 258 -51 22 -1270 2892 -1797 2025
5 0.014 -3 -3 255 -34 16 -1275 2915 -1735 2000
5 0.000 -3 1 254 -26 14 -1283 2970 -1617 2030
5 0.014 0 3 256 -40 5 -1289 2935 -1545 2055
7 0.014 -2 0 255 -21 12 -1293 2945 -1522 2055
6 0.000 -3 -2 253 -25 17 -1293 3002 -1522 2010
6 0.000 -3 3 257 -47 16 -1300 3022 -1460 2050
6 0.014 -1 1 257 -34 19 -1299 2997 -1380 2045
6 0.014 1 3 256 -30 19 -1293 3045 -1290 2035
5 -0.014 -1 4 259 -44 14 -1285 3085 -1252 2030
5 0.014 4 4 255 -62 5 -1282 3085 -1175 2050
5 0.014 0 5 257 -59 15 -1274 3090 -1137 2055
5 0.000 2 0 252 -33 14 -1268 3080 -1095 2067
5 0.014 0 1 256 -40 1 -1263 3090 -982 2077
6 0.014 1 -2 254 -37 12 -1260 3075 -962 2030
6 0.000 3 0 257 -31 16 -1253 3127 -892 2050
5 0.000 -1 1 256 -43 3 -1238 3127 -882 2082
5 0.000 2 1 254 -27 -2 -1223 3137 -750 2077
5 0.014 1 3 259 -36 -1 -1221 3160 -692 2050
6 0.014 2 -1 259 -32 -15 -1208 3132 -602 2055
7 0.000 1 3 251 -8 -11 -1212 3190 -612 2082
6 0.014 2 1 253 -27 3 -1213 3205 -565 2087
6 0.000 1 -1 251 -31 11 -1224 3200 -502 2165
5 0.014 1 -5 256 -26 -20 -1226 3217 -442 2102
5 0.000 -3 0 261 -44 -8 -1235 3242 -357 2112
6 0.028 -5 0 258 -40 -27 -1252 3222 -220 2035
5 0.000 -1 0 251 -61 -7 -1250 3222 -157 2072
5 0.000 -2 0 251 -37 0 -1245 3195 -77 2087
5 0.014 -8 2 258 -29 -22 -1249 3222 -30 2102
6 0.000 -6 0 255 -31 -20 -1253 3200 57 2025
6 0.014 -9 -3 252 -26 -23 -1277 3237 77 2082
6 -0.014 -5 0 257 -34 -32 -1298 3222 115 2077
6 0.014 -8 3 257 -54 -40 -1330 3227 195 2050
6 -0.014 1 -1 252 -66 83 -1360 3227 285 2097
6 0.014 -16 5 224 25 -34 -1394 3222 305 2050
5 -0.014 0 13 260 -36 -77 -1422 3232 422 2062
5 0.000 -9 -1 249 -29 -11 -1444 3205 480 2097
5 0.014 -6 -2 250 -38 1 -1462 3190 480 2072
5 0.000 -4 -4 254 -41 -29 -1473 3200 560 2067
7 -0.014 2 -7 261 -42 -18 -1479 3210 682 2092
6 0.000 3 1 265 -44 -25 -1477 3185 707 2117
6 0.000 3 7 264 -71 -15 -1476 3127 735 2097
6 0.000 -5 7 253 -81 -8 -1468 3190 830 2135
5 0.000 -2 8 248 -72 -9 -1451 3122 925 2067
5 0.000 2 9 258 -85 -8 -1430 3102 1015 2092
5 0.000 0 6 257 -91 17 -1422 3085 1015 2045
6 -0.014 2 4 259 -91 20 -1414 3070 1105 2112
6 0.014 -5 5 253 -92 17 -1403 3065 1210 2117
6 -0.014 -11 6 252 -57 -2 -1382 3027 1252 2102
7 0.000 0 3 258 -64 3 -1375 3017 1275 2140
5 -0.014 0 0 256 -54 21 -1373 3012 1327 2107
5 0.000 -4 -2 253 -31 30 -1367 3017 1380 2130
5 0.000 -1 -5 250 -29 64 -1367 2950 1470 2130
5 -0.014 -3 -4 252 -22 80 -1363 2997 1545 2145
5 0.000 -1 -2 250 -5 97 -1344 2930 1565 2175
6 -0.014 -1 5 261 -27 77 -1327 2925 1645 2190
6 -0.014 -2 8 271 -66 39 -1309 2925 1682 2212
6 -0.014 -7 7 266 -33 -8 -1283 2852 1735 2190
6 -0.014 -1 5 257 -42 -9 -1274 2820 1852 2102
5 0.000 2 -1 252 -36 1 -1254 2795 1872 2165
5 0.000 -1 -1 257 -36 -4 -1241 2725 1905 2170
5 -0.014 3 -2 257 -42 -6 -1229 2772 1935 2155
5 0.000 1 5 251 -34 6 -1211 2762 2025 2217
6 -0.014 -2 6 256 -45 11 -1195 2680 2042 2190
6 0.000 -8 9 255 -39 -16 -1171 2715 2095 2222
7 -0.014 -4 2 255 -32 -9 -1166 2675 2162 2227
6 0.000 -3 4 254 -35 12 -1157 2662 2180 2257
5 -0.014 -3 2 252 -38 0 -1153 2590 2237 2257
5 0.000 -4 4 256 -29 -10 -1150 2550 2322 2217
5 0.000 2 5 260 -29 3 -1148 2580 2307 2285
5 -0.028 5 2 256 -17 15 -1131 2542 2375 2222
6 0.000 5 0 255 -11 10 -1108 2502 2370 2252
6 0.000 5 0 261 -15 -6 -1077 2440 2455 2170
5 0.000 4 3 262 -33 -22 -1055 2440 2535 2227
5 -0.014 6 5 256 -36 -21 -1028 2392 2530 2227
6 0.000 6 7 250 -25 8 -1010 2397 2555 2190
5 0.014 5 1 255 -26 -8 -999 2345 2597 2270
6 -0.014 7 -1 257 -28 -14 -990 2377 2602 2202
6 0.000 6 -1 257 -32 -21 -980 2320 2582 2217
6 0.000 3 2 261 -28 -24 -972 2315 2710 2207
6 0.014 0 2 258 -14 -39 -971 2267 2740 2180
5 0.000 -2 -1 253 -12 -33 -976 2240 2772 2265
5 0.014 0 1 260 -21 -24 -992 2172 2857 2197
6 0.000 4 1 258 -12 -1 -998 2105 2847 2252
6 0.000 0 3 253 -9 3 -1001 2085 2862 2190
6 0.000 -2 5 259 -18 -22 -996 2057 2937 2185
5 0.014 -3 3 262 -26 -47 -996 2065 2925 2207
5 0.000 -1 1 259 -23 -52 -1002 2002 2920 2207
5 0.000 -2 1 257 -23 -48 -1008 2002 2952 2242
6 0.014 2 -2 256 -13 -55 -1020 1960 2985 2237
6 0.000 5 -1 257 -14 -51 -1030 1980 3015 2197
6 0.000 5 4 258 -24 -34 -1051 1907 3090 2300
6 0.014 0 3 251 -24 -33 -1072 1870 3117 2270
5 0.014 5 3 259 -28 -23 -1107 1807 3117 2212
5 0.000 3 2 250 -17 -16 -1126 1807 3175 2237
5 0.014 5 4 257 -17 -23 -1139 1797 3212 2300
5 0.000 6 4 263 -43 -13 -1145 1687 3222 2207
6 0.014 3 5 257 -57 -16 -1142 1692 3260 2252
6 0.014 5 4 253 -45 -32 -1133 1657 3275 2247
6 0.014 4 2 251 -61 8 -1115 1610 3312 2242
5 0.000 2 1 255 -42 -1 -1096 1567 3285 2247
6 0.014 3 1 255 -29 -23 -1067 1547 3360 2242
5 0.014 1 0 256 -37 -24 -1049 1490 3370 2227
5 0.014 0 0 255 -28 -30 -1018 1475 3397 2222
6 0.028 -2 4 257 -32 -27 -987 1340 3470 2227
6 0.014 0 2 258 -36 -28 -970 1385 3475 2227
7 0.000 -1 2 255 -22 -21 -955 1317 3470 2242
5 0.014 1 2 254 -22 -18 -941 1327 3487 2232
5 0.028 1 2 255 -28 -22 -930 1260 3507 2247
5 0.000 3 1 257 -24 -29 -921 1220 3535 2285
6 0.014 2 -2 254 -28 -27 -914 1177 3512 2270
7 0.014 4 0 257 -35 -29 -911 1130 3587 2197
6 0.014 2 1 256 -33 -21 -910 1125 3592 2232
5 0.028 4 1 254 -28 -23 -899 1120 3597 2202
5 0.000 2 5 258 -33 -17 -892 1110 3640 2237
5 0.014 6 2 256 -47 -15 -885 1005 3635 2232
5 0.057 6 0 252 -47 13 -827 922 3667 2247
5 0.014 7 -2 255 -42 19 -789 885 3650 2212
6 0.014 5 -1 248 -40 31 -752 817 3697 2242
6 0.014 9 1 260 -38 39 -713 837 3692 2242
6 0.014 9 0 257 -35 35 -675 780 3740 2257
5 0.014 9 4 257 -39 26 -650 760 3715 2332
6 0.014 6 2 258 -35 34 -630 707 3725 2252
5 0.028 1 -3 260 -31 12 -616 660 3745 2290
5 0.014 -2 -3 257 -28 1 -611 672 3767 2212
5 0.028 -1 -4 255 -24 13 -610 667 3772 2252
6 0.028 -1 -2 254 -28 5 -619 630 3745 2270
6 0.014 0 0 257 -30 11 -616 610 3777 2257
5 0.043 3 0 255 -24 17 -609 587 3752 2275
5 0.028 -3 3 255 -24 12 -605 535 3782 2257
6 0.000 -3 3 257 -25 13 -605 530 3772 2257
6 0.028 -6 2 251 -30 3 -599 500 3820 2280
5 0.028 -6 -3 256 -7 1 -595 442 3782 2257
5 0.014 -6 -2 259 -3 -7 -583 420 3787 2222
6 0.028 -6 3 261 -18 -27 -566 415 3830 2270
6 0.028 0 0 254 -12 -12 -545 380 3862 2290
6 0.000 5 0 254 -18 0 -529 352 3815 2257
5 0.028 8 1 255 -24 16 -499 352 3847 2290
6 0.028 3 2 255 -21 17 -470 395 3800 2265
6 0.014 10 2 256 -22 5 -441 347 3835 2265
5 0.043 13 0 255 -14 13 -398 280 3820 2275
6 0.014 15 1 258 -10 21 -365 290 3857 2270
6 0.028 10 4 256 -8 18 -332 227 3885 2270
6 0.043 12 1 258 -14 5 -301 232 3862 2265
5 0.014 11 1 254 -3 14 -280 187 3900 2300
5 0.043 11 2 255 -15 23 -260 187 3877 2270
7 0.028 20 1 264 -17 24 -250 175 3830 2342
6 0.028 12 2 261 -20 40 -231 217 3890 2310
5 0.043 10 -3 245 -5 103 -229 160 3862 2265
5 0.043 2 -7 226 34 -47 -210 160 3915 2295
5 0.043 20 -5 251 -14 26 -198 140 3820 2237
6 0.043 4 -1 252 6 -7 -194 150 3872 2290
6 0.057 0 4 250 -15 -1 -206 140 3857 2285
5 0.043 2 1 257 -14 0 -205 97 3847 2305
6 0.043 0 -4 250 3 -5 -210 135 3852 2305
6 0.043 -6 -4 248 4 -16 -214 97 3867 2295
5 0.057 3 -3 256 1 -12 -216 67 3842 2327
5 0.043 1 2 252 5 7 -217 130 3867 2327
6 0.043 3 1 253 10 -6 -221 62 3835 2327
5 0.043 3 -1 261 1 -10 -223 15 3872 2320
5 0.057 2 -3 255 9 -7 -223 5 3852 2305
6 0.057 1 -1 252 5 33 -224 25 3872 2332
6 0.043 -2 -5 247 1 -20 -221 0 3895 2337
5 0.043 10 -3 264 -4 -45 -232 5 3895 2305
6 0.057 13 -1 267 2 -11 -226 0 3877 2315
6 0.071 24 -3 264 -8 -10 -235 0 3835 2290
5 0.043 19 3 264 -6 33 -242 -30 3925 2337
6 0.057 4 6 255 -9 -45 -253 -15 3895 2337
6 0.057 14 -3 256 -6 10 -255 -55 3895 2275
6 0.057 -1 -1 247 -6 30 -262 -55 3900 2300
5 0.057 4 0 262 -1 20 -284 -50 3867 2290
5 0.057 2 0 259 -5 29 -306 -87 3872 2320
7 0.057 -8 -1 249 -5 21 -343 -112 3895 2347
6 0.057 -10 -4 231 -1 -10 -369 -107 3895 2315
6 0.057 3 -2 258 -7 4 -393 -107 3905 2342
5 0.057 -7 -2 254 -16 15 -409 -130 3920 2320
5 0.057 -7 -2 253 -1 -34 -431 -237 3900 2285
6 0.085 -6 1 254 -8 -26 -447 -125 3895 2327
6 0.057 -4 0 248 -11 -29 -448 -222 3952 2327
6 0.057 3 -3 257 5 -27 -451 -222 3905 2327
6 0.057 1 -4 255 -6 -23 -442 -280 3895 2300
5 0.057 -5 1 251 3 -22 -430 -270 3895 2362
5 0.057 0 -2 260 4 -26 -418 -275 3920 2327
5 0.071 -2 2 256 -16 -10 -412 -285 3915 2310
6 0.043 -1 3 252 -7 9 -396 -300 3937 2305
6 0.057 -2 -1 254 15 -1 -374 -342 3895 2295
6 0.057 -6 -3 256 -1 -7 -366 -370 3910 2332
5 0.057 -2 -5 254 1 -12 -351 -390 3890 2315
5 0.085 -2 -2 254 11 -3 -326 -427 3905 2310
5 0.057 -3 3 256 -2 -6 -316 -427 3905 2327
6 0.043 2 0 255 9 3 -298 -427 3890 2320
6 0.071 3 -1 257 7 -8 -289 -427 3872 2347
5 0.043 3 2 256 -1 -8 -285 -457 3900 2310
6 0.071 0 3 256 5 -21 -279 -462 3932 2367
6 0.043 4 3 258 1 -22 -273 -472 3872 2342
6 0.071 2 3 259 -5 -1 -275 -505 3862 2357
5 0.057 7 -1 257 -4 -7 -279 -530 3895 2382
5 0.057 5 -5 254 11 0 -286 -525 3877 2367
7 0.071 5 -3 253 -9 7 -308 -515 3910 2337
6 0.057 1 3 257 -25 18 -321 -520 3867 2337
5 0.071 3 0 251 -18 19 -339 -582 3900 2332
5 0.071 2 4 253 -34 39 -336 -610 3867 2342
5 0.057 0 2 252 -37 49 -325 -557 3890 2382
7 0.071 1 4 256 -37 53 -303 -650 3872 2367
6 0.071 -2 1 254 -18 51 -269 -650 3867 2357
5 0.043 -4 2 258 -18 34 -232 -660 3872 2327
5 0.071 -4 -2 260 -34 7 -192 -682 3867 2347
5 0.071 -4 -2 259 -10 -12 -160 -677 3890 2362
5 0.057 1 4 259 -28 -8 -138 -697 3815 2327
6 0.071 1 2 248 -7 -6 -118 -660 3862 2332
6 0.057 0 0 246 -4 8 -107 -707 3852 2387
5 0.071 4 1 254 -4 29 -108 -722 3842 2372
7 0.156 -3 -1 261 8 20 -123 -712 3805 2405
6 0.071 -4 0 264 6 6 -131 -717 3867 2377
5 0.057 -4 3 257 2 -10 -130 -735 3847 2382
5 0.071 -4 5 254 10 -7 -121 -780 3885 2382
6 0.057 0 5 257 1 -11 -105 -707 3885 2405
6 0.071 -8 5 255 -5 -8 -81 -712 3842 2382
5 0.071 -9 2 254 19 -31 -54 -745 3890 2387
5 0.071 -7 5 255 11 -39 -27 -755 3842 2367
5 0.057 -9 1 239 12 -31 2 -745 3815 2410
6 0.057 -4 1 252 4 0 31 -770 3830 2400
5 0.057 -13 -6 253 24 -12 53 -755 3820 2405
6 0.071 -8 -4 261 7 -16 78 -770 3820 2440
5 0.085 -15 0 257 16 -12 96 -760 3767 2420
5 0.057 -15 0 255 3 -35 99 -802 3820 2430
6 0.057 -15 2 264 -36 -50 106 -740 3857 2405
6 0.057 -21 4 261 -18 -70 108 -697 3815 2387
6 0.071 -13 2 249 -6 -70 115 -740 3787 2387
5 0.043 -13 3 245 3 -34 124 -740 3757 2372
5 0.057 -10 1 251 -9 8 143 -760 3820 2462
6 0.043 -13 0 256 6 -14 160 -755 3815 2455
6 0.043 -10 -2 262 12 -20 171 -697 3787 2440
6 0.043 -11 3 252 15 -10 191 -735 3835 2400
5 0.043 -6 1 255 21 3 198 -672 3847 2440
5 0.043 -8 1 253 23 12 210 -697 3810 2420
6 0.071 -12 0 252 24 29 209 -682 3820 2455
6 0.043 -10 -4 249 18 -7 208 -730 3835 2477
6 0.043 -13 -1 254 23 4 199 -687 3782 2430
5 0.028 -9 1 254 25 6 192 -667 3757 2435
6 0.043 -8 2 258 22 6 182 -650 3820 2435
6 0.043 -12 -3 257 27 12 176 -645 3815 2395
5 0.043 -13 0 259 35 -26 169 -660 3810 2430
5 0.028 -2 3 276 27 -20 154 -640 3757 2425
7 0.043 -6 2 265 -22 18 142 -615 3787 2450
6 0.028 -3 -1 241 30 -42 114 -635 3805 2430
6 0.057 -4 4 244 13 -38 107 -640 3805 2410
5 0.028 14 5 272 35 41 97 -667 3810 2400
5 0.043 8 3 282 29 7 80 -572 3772 2425
6 0.043 -6 3 269 6 16 72 -587 3782 2420
5 0.028 -22 -1 255 12 -30 65 -630 3810 2467
5 0.028 -18 2 250 11 -55 54 -577 3787 2425
5 0.028 -3 6 256 7 -17 44 -552 3835 2435
6 0.028 -4 3 257 -1 9 37 -577 3805 2455
6 0.028 -7 2 261 -2 -2 27 -635 3835 2410
5 0.028 -13 5 254 8 -35 12 -610 3830 2450
6 0.014 -13 2 253 4 -32 0 -592 3782 2455
5 0.028 -8 3 256 4 -11 -10 -610 3787 2450
5 0.028 -10 1 257 7 -6 -19 -577 3805 2462
6 0.014 -11 4 253 11 -11 -34 -602 3842 2415
6 0.028 -9 3 257 6 -6 -47 -557 3830 2435
5 0.028 -10 3 257 5 -17 -69 -640 3730 2462
5 0.000 -7 2 254 5 -12 -75 -625 3725 2455
6 0.028 -10 2 257 3 3 -87 -615 3772 2472
7 0.014 -5 3 256 0 9 -94 -625 3795 2440
5 0.014 -8 3 255 -5 1 -97 -625 3815 2435
6 0.014 -5 1 258 0 8 -89 -635 3777 2420
6 0.014 -6 2 257 -3 -1 -78 -625 3825 2467
5 0.000 -1 3 260 5 -12 -65 -667 3800 2492
6 0.028 -2 5 254 -5 -12 -51 -677 3795 2462
7 0.014 -1 -1 251 2 -6 -39 -582 3777 2400
5 0.014 2 1 253 3 2 -30 -597 3777 2415
5 0.014 2 2 259 1 7 -24 -620 3782 2405
6 0.014 2 2 255 4 2 -16 -635 3767 2440
5 0.014 0 4 257 1 0 -15 -650 3772 2467
7 0.014 1 2 256 1 -3 -11 -620 3735 2472
6 0.014 4 1 248 1 4 -12 -667 3810 2507
5 0.000 0 2 251 0 12 -10 -640 3810 2487
6 0.028 3 1 255 2 12 3 -610 3772 2502
5 0.000 0 3 254 1 9 13 -667 3757 2467
7 0.028 2 2 261 0 8 22 -630 3762 2487
5 0.014 1 3 252 -10 -8 41 -682 3745 2462
5 0.014 13 -1 261 -17 6 47 -635 3752 2472
6 0.014 7 2 249 37 9 58 -667 3787 2455
5 0.028 9 7 256 -21 14 61 -702 3752 2430
5 0.014 7 0 251 -12 17 53 -610 3805 2445
6 0.028 10 -6 253 2 -23 38 -655 3767 2512
6 0.028 24 -2 270 -3 -8 17 -610 3752 2482
5 0.014 12 6 242 14 2 9 -635 3795 2477
6 0.028 20 5 256 -4 23 3 -655 3745 2487
6 0.028 10 6 252 -4 21 -8 -635 3752 2450
6 0.043 6 3 257 9 0 -20 -672 3757 2435
6 0.028 11 3 259 4 -7 -43 -625 3795 2522
6 0.043 14 0 255 4 -4 -74 -655 3777 2477
5 0.028 13 -1 257 4 2 -100 -650 3757 2482
5 0.043 13 0 251 12 14 -112 -645 3782 2497
7 0.028 13 2 263 7 16 -123 -667 3782 2440
6 0.057 10 6 261 5 4 -121 -667 3782 2455
5 0.043 13 6 260 18 -26 -118 -712 3735 2425
5 0.057 15 3 261 14 -47 -121 -707 3757 2430
6 0.043 11 3 256 12 2 -123 -682 3800 2450
7 0.057 8 2 252 11 -8 -129 -707 3725 2507
6 0.043 5 1 255 19 -14 -137 -712 3767 2482
5 0.057 8 4 256 0 -26 -150 -712 3745 2497
5 0.057 2 3 260 4 -32 -151 -712 3752 2540
6 0.043 2 3 256 0 -22 -143 -672 3767 2517
6 0.057 -2 3 250 -3 -8 -123 -730 3735 2482
5 0.043 -2 3 255 2 -4 -91 -712 3762 2492
5 0.057 -3 5 253 -3 1 -61 -740 3787 2507
6 0.057 -5 6 250 -2 11 -36 -770 3757 2497
7 0.128 -3 3 256 -22 9 -39 -775 3787 2462
6 0.057 4 -3 260 -23 -4 -71 -745 3710 2497
5 0.043 2 -6 255 -23 -3 -106 -755 3725 2550
5 0.057 9 -2 250 -13 10 -145 -687 3725 2517
5 0.057 10 -1 253 -11 14 -175 -745 3725 2535
5 0.043 13 2 253 -17 19 -205 -775 3725 2550
7 0.071 18 3 258 -21 27 -231 -797 3757 2570
6 0.057 16 3 261 -19 13 -255 -780 3735 2555
6 0.057 19 -2 257 -34 11 -274 -802 3725 2530
5 0.071 15 -3 248 -22 -14 -285 -812 3757 2507
5 0.071 18 2 256 -25 9 -284 -837 3725 2530
6 0.071 13 -1 255 -19 17 -277 -817 3677 2570
5 0.085 9 4 262 -21 2 -247 -837 3692 2597
6 0.085 4 4 251 -22 -3 -222 -885 3655 2540
6 0.071 1 4 257 -17 -31 -200 -855 3645 2530
6 0.071 4 2 262 -14 -27 -171 -890 3697 2565
6 0.071 -2 2 251 -15 -38 -157 -900 3710 2590
5 0.071 -9 -1 238 -8 -10 -149 -885 3710 2550
5 0.071 4 0 252 -11 14 -138 -922 3692 2590
5 0.071 -4 -5 243 -10 2 -133 -885 3720 2612
6 0.071 -4 -3 246 1 -5 -135 -912 3672 2607
7 0.085 4 2 260 -13 -12 -127 -927 3735 2632
5 0.071 5 2 248 -16 3 -127 -942 3692 2612
5 0.071 7 0 255 -6 6 -117 -947 3705 2642
5 0.113 2 -1 256 1 -7 -118 -967 3645 2642
6 0.071 0 -3 256 -1 -3 -114 -962 3667 2637
7 0.085 3 1 253 0 0 -109 -957 3625 2607
5 0.057 0 3 251 5 23 -94 -975 3615 2642
5 0.071 -2 1 254 10 11 -72 -962 3655 2607
6 0.085 -6 4 264 2 15 -50 -962 3630 2642
6 0.071 -6 4 256 5 -14 -26 -990 3662 2670
5 0.085 1 -1 259 23 -26 2 -990 3677 2627
5 0.071 2 7 257 3 -3 16 -980 3682 2690
6 0.071 7 4 256 0 31 22 -952 3640 2700
5 0.085 3 -2 256 5 42 27 -952 3640 2637
6 0.071 5 -5 256 6 18 0 -985 3667 2700
6 0.099 3 4 266 7 0 -35 -985 3687 2680
5 0.085 -2 3 243 -9 32 -68 -947 3645 2665
5 0.085 3 0 255 -8 33 -93 -962 3602 2665
6 0.071 1 -2 250 4 23 -112 -937 3635 2705
6 0.085 1 2 270 -16 -21 -116 -1000 3635 2715
5 0.071 -1 4 271 -12 -42 -102 -1000 3630 2700
6 0.085 51 5 344 -66 -172 -67 -962 3672 2670
5 0.085 68 22 342 -51 251 -35 -980 3607 2690
5 0.085 -58 10 188 -5 -84 -23 -927 3640 2737
5 0.071 -13 -3 259 -1 -94 19 -995 3667 2700
6 0.085 -3 4 274 8 -59 45 -967 3667 2742
7 0.071 -3 7 259 4 -23 48 -975 3635 2762
5 0.113 4 4 256 16 6 44 -975 3587 2747
5 0.085 1 4 265 4 -7 30 -947 3640 2752
6 0.085 1 4 257 22 -34 16 -952 3577 2762
5 0.071 -4 4 260 7 -72 -9 -932 3587 2795
6 0.071 -5 5 256 -25 -55 -16 -942 3597 2767
5 0.085 -3 -2 244 11 -42 -26 -922 3620 2757
6 0.085 0 -2 254 27 -16 -31 -947 3587 2742
6 0.085 -4 -1 249 30 -5 -39 -932 3615 2787
6 0.057 -1 0 261 12 -10 -42 -885 3630 2805
5 0.085 -8 1 253 18 -18 -37 -875 3655 2815
5 0.071 -7 1 254 19 1 -34 -900 3625 2825
6 0.085 -5 1 249 25 25 -27 -875 3607 2732
6 0.057 -6 2 248 19 -3 -18 -855 3587 2762
6 0.113 -1 1 262 15 -3 4 -912 3615 2805
5 0.057 -5 3 258 26 -8 9 -932 3597 2867
6 0.085 -8 4 252 8 -11 15 -875 3602 2862
6 0.071 0 6 253 9 2 6 -905 3592 2825
5 0.071 2 1 254 6 14 -7 -885 3577 2872
6 0.057 6 -2 258 7 36 -22 -850 3615 2820
6 0.071 1 1 259 4 35 -46 -850 3565 2855
6 0.071 -6 8 256 -30 12 -70 -832 3592 2850
5 0.085 5 5 263 -37 0 -88 -817 3577 2825
6 0.057 1 -3 258 -30 2 -108 -855 3587 2840
6 0.071 5 -7 250 -26 19 -116 -837 3535 2825
5 0.085 6 -2 245 -12 55 -113 -895 3582 2845
6 0.099 3 0 246 -7 112 -89 -817 3577 2815
5 0.057 2 -3 250 -4 113 -62 -885 3545 2862
6 0.085 1 6 277 -17 86 -29 -870 3587 2862
6 0.071 -1 11 302 11 -5 3 -865 3530 2887
5 0.071 -6 5 269 -6 -16 22 -832 3555 2867
6 0.071 -3 7 265 -19 -11 31 -817 3615 2845
6 0.071 -1 2 251 5 19 26 -770 3565 2815
6 0.071 5 -1 248 16 27 13 -817 3582 2855
5 0.071 1 3 251 -9 81 -13 -827 3565 2897
5 0.071 7 0 288 12 130 -38 -792 3615 2862
6 0.071 -17 3 237 12 -21 -43 -827 3502 2887
7 0.071 3 3 274 9 -40 -34 -792 3572 2912
5 0.113 -2 4 255 -10 -17 -37 -827 3550 2907
5 0.057 6 4 259 -20 4 -31 -802 3592 2862
5 0.085 -1 3 243 -11 1 -25 -765 3582 2855
6 0.057 -8 1 255 6 6 -12 -822 3545 2877
7 0.085 -1 0 261 11 -30 -8 -827 3577 2912
5 0.071 -2 1 253 13 -25 0 -760 3560 2867
5 0.071 -3 -1 246 9 -3 3 -745 3602 2867
6 0.071 1 -1 251 12 11 8 -722 3550 2867
5 0.071 -2 -1 255 12 -8 5 -745 3577 2922
6 0.071 -2 2 266 25 -10 6 -775 3577 2867
6 0.071 2 2 269 17 -30 0 -722 3582 2892
6 0.085 1 3 266 16 -34 -6 -745 3592 2862
5 0.057 -2 4 256 19 -30 -16 -712 3607 2912
7 0.199 6 4 255 2 20 -60 -735 3582 2862
5 0.071 -1 3 257 4 12 -55 -697 3540 2845
5 0.085 0 -2 266 15 -36 -44 -712 3645 2862
6 0.071 -5 -2 264 3 -76 -46 -697 3667 2845
6 0.071 -11 2 260 -7 -119 -49 -712 3630 2897
7 0.085 -7 4 269 -3 -140 -45 -697 3602 2872
5 0.071 -2 3 253 22 -114 -41 -702 3565 2877
5 0.085 7 4 247 21 -82 -34 -672 3577 2820
5 0.057 5 3 244 18 -49 -30 -692 3582 2862
6 0.085 10 0 254 11 -9 -22 -707 3602 2862
6 0.071 7 1 250 18 -1 -25 -650 3597 2867
5 0.071 0 3 253 8 10 -32 -630 3602 2850
5 0.099 4 2 257 29 29 -47 -587 3630 2840
6 0.071 5 5 260 22 24 -46 -625 3597 2855
6 0.071 3 8 257 -8 17 -47 -562 3607 2810
5 0.085 5 4 241 -8 42 -51 -635 3607 2825
5 0.071 4 -1 244 7 85 -58 -630 3550 2830
6 0.071 -1 -2 249 -5 70 -65 -645 3645 2810
6 0.071 -4 0 267 6 27 -69 -630 3607 2862
5 0.085 -5 2 267 7 -24 -65 -640 3577 2810
5 0.071 -4 -1 260 17 -36 -59 -630 3655 2835
6 0.071 -3 2 257 3 -27 -58 -640 3640 2820
6 0.085 -5 3 247 -3 -29 -56 -635 3615 2825
6 0.071 -11 5 254 -10 -30 -60 -615 3625 2795
6 0.113 -6 2 260 7 -30 -69 -582 3615 2795
5 0.057 -3 -1 256 -6 -32 -72 -620 3607 2815
6 0.085 -1 0 251 5 -1 -78 -587 3602 2742
6 0.071 1 4 252 10 20 -81 -567 3635 2777
6 0.057 -1 5 248 -3 20 -79 -587 3607 2757
5 0.085 0 10 258 -12 0 -69 -597 3645 2787
5 0.071 7 5 261 -7 3 -72 -582 3667 2757
7 0.071 8 6 256 -26 8 -64 -597 3672 2762
6 0.071 5 3 247 -14 21 -70 -620 3662 2762
5 0.071 10 0 259 3 38 -78 -602 3630 2715
5 0.085 8 -1 254 -4 54 -88 -597 3650 2747
6 0.057 4 2 253 -12 69 -105 -625 3672 2737
7 0.113 3 -1 266 -10 39 -95 -610 3677 2742
6 0.071 -2 -2 271 -15 -2 -93 -645 3710 2732
5 0.085 -2 2 256 -32 17 -87 -650 3630 2782
5 0.071 -3 -4 231 -24 -23 -96 -640 3687 2747
5 0.085 7 -4 250 -7 17 -79 -645 3687 2727
6 0.085 4 4 258 -2 24 -68 -597 3682 2695
6 0.071 -2 8 257 -8 48 -51 -640 3710 2752
5 0.071 1 4 264 -6 27 -35 -587 3705 2742
5 0.071 -6 4 264 -12 -25 -31 -602 3677 2680
6 0.085 -5 -1 260 -3 -54 -26 -577 3682 2700
6 0.085 2 1 258 -7 -42 -32 -630 3682 2695
7 0.071 3 0 244 -3 13 -35 -672 3687 2685
5 0.099 2 1 249 -1 42 -44 -645 3672 2637
5 0.085 -7 3 263 -9 15 -52 -625 3677 2632
6 0.071 -5 7 262 -16 -22 -56 -635 3710 2690
6 0.085 -6 8 260 -25 -43 -49 -635 3687 2652
7 0.071 0 5 252 -14 -33 -36 -640 3710 2660
5 0.071 3 4 253 -8 -29 -27 -615 3715 2660
5 0.085 3 3 258 -13 -14 -16 -635 3715 2660
6 0.071 0 2 254 -12 -5 -7 -645 3725 2700
6 0.085 -2 2 255 -15 -3 -6 -635 3710 2627
6 0.057 -3 0 265 2 -28 2 -587 3725 2632
5 0.085 0 1 265 0 -19 7 -597 3767 2660
6 0.085 -1 3 256 -1 -25 19 -640 3730 2632
6 0.113 2 1 256 15 -23 32 -667 3697 2585
5 0.057 2 4 264 2 -17 35 -635 3697 2575
6 0.085 -1 5 248 -1 -3 36 -602 3720 2617
6 0.085 -1 5 241 2 24 30 -597 3697 2590
6 0.057 1 0 255 4 24 30 -602 3725 2647
5 0.085 1 0 256 25 14 26 -602 3745 2602
6 0.071 -3 4 260 0 -4 21 -577 3752 2647
6 0.071 0 5 258 -5 2 15 -615 3740 2627
5 0.085 5 3 250 16 27 25 -592 3730 2632
6 0.071 -3 -2 246 15 40 24 -635 3687 2597
6 0.071 -1 -2 256 9 34 19 -667 3740 2590
5 0.071 -5 -2 255 9 11 8 -667 3740 2580
5 0.085 0 -1 261 4 1 -3 -577 3715 2575
6 0.099 -1 2 260 14 1 -16 -567 3740 2585
5 0.085 -8 2 258 10 -13 -20 -625 3772 2565
5 0.071 -5 -1 258 18 -24 -26 -650 3762 2612
5 0.071 -9 2 255 13 -38 -23 -650 3787 2617
6 0.085 -4 4 261 10 -67 -15 -630 3752 2585
7 0.057 -2 7 257 1 -61 -9 -620 3767 2590
6 0.085 5 3 256 1 -25 -1 -615 3800 2555
5 0.071 2 0 255 3 -4 -5 -645 3772 2580
6 0.071 -3 -2 254 22 -25 -7 -650 3777 2540
6 0.085 -1 -4 259 16 -28 -8 -620 3800 2507
7 0.057 -1 3 256 2 -23 -11 -640 3835 2502
5 0.085 2 3 250 6 -8 -7 -655 3800 2560
6 0.085 0 3 262 18 -10 -5 -660 3815 2497
6 0.085 -5 5 264 2 -16 0 -687 3842 2540
5 0.057 -4 1 258 7 -42 6 -635 3730 2507
6 0.085 -5 3 256 12 -40 10 -635 3730 2530
6 0.057 0 3 255 -3 -42 5 -650 3757 2512
6 0.085 4 5 260 -12 -48 4 -635 3825 2530
5 0.057 3 0 253 6 -26 1 -667 3815 2535
6 0.071 1 -2 247 21 -11 -2 -660 3825 2540
6 0.071 5 3 254 23 5 -3 -610 3800 2497
6 0.071 5 3 252 13 -7 4 -645 3810 2522
6 0.071 -2 5 251 5 1 13 -602 3782 2497
6 0.071 2 6 261 15 -2 13 -630 3787 2482
5 0.071 4 6 256 5 20 25 -620 3810 2482
5 0.170 4 4 260 -10 33 32 -645 3825 2487
5 0.085 3 -1 254 -3 32 31 -660 3767 2507
6 0.057 7 1 258 -18 43 23 -645 3820 2512
6 0.071 5 1 261 2 46 24 -660 3805 2440
5 0.071 3 3 256 -12 55 23 -650 3810 2462
7 0.071 1 -2 251 -14 64 14 -592 3767 2410
6 0.071 0 2 254 -17 74 10 -602 3820 2497
5 0.071 0 5 258 -40 50 3 -602 3825 2502
5 0.071 -7 5 274 -34 -1 3 -597 3787 2497
6 0.071 -11 1 269 -13 -36 -5 -667 3830 2472
7 0.071 -4 -3 254 -8 -26 -9 -645 3857 2477
6 0.071 1 0 240 6 22 -12 -667 3867 2472
5 0.071 3 0 246 13 73 -15 -630 3800 2450
6 0.099 -3 1 261 9 60 -4 -655 3830 2425
5 0.071 -8 3 263 -2 25 -2 -630 3795 2450
6 0.057 -6 4 259 -5 -1 0 -667 3820 2435
6 0.085 3 1 258 -4 -13 10 -645 3877 2440
6 0.057 -1 -1 255 10 -11 14 -687 3830 2455
5 0.085 2 0 250 3 9 10 -712 3820 2477
5 0.057 2 3 252 11 27 4 -722 3815 2507
6 0.057 3 0 256 1 32 1 -702 3815 2507
5 0.085 -2 4 260 -3 18 -2 -687 3805 2435
5 0.057 -2 1 259 8 -1 6 -650 3825 2440
6 0.057 2 4 257 15 -12 3 -667 3842 2440
5 0.085 7 6 262 10 -14 3 -677 3820 2405
5 0.085 0 4 250 -17 -1 -2 -722 3867 2477
6 0.085 2 2 259 -13 -19 -1 -697 3877 2430
6 0.057 1 -1 256 5 -34 1 -667 3842 2400
5 0.085 -1 -3 251 18 -18 8 -640 3830 2445
5 0.057 1 0 244 32 0 20 -655 3825 2387
6 0.085 4 3 252 6 19 35 -692 3815 2435
6 0.057 5 3 258 15 11 53 -645 3815 2440
5 0.071 0 3 259 16 2 73 -692 3852 2472
6 0.071 5 1 257 13 -15 91 -692 3825 2405
5 0.071 3 1 246 11 -26 104 -672 3842 2382
5 0.071 9 0 254 24 -26 114 -655 3815 2420
7 0.071 6 5 255 28 -18 126 -667 3825 2405
6 0.071 5 1 257 28 -27 134 -650 3810 2387
6 0.099 4 3 262 19 -28 131 -655 3805 2382
5 0.085 0 4 255 30 -32 120 -660 3825 2400
5 0.071 -7 5 255 15 -44 100 -702 3782 2395
7 0.085 -5 5 261 5 -56 72 -645 3810 2377
6 0.071 -15 7 268 -29 -103 34 -635 3805 2420
6 0.071 -6 1 257 12 -137 8 -615 3847 2362
5 0.071 -5 2 250 19 -104 -20 -635 3820 2410
5 0.071 3 5 243 -10 -25 -30 -655 3830 2395
6 0.085 0 1 236 -3 -11 -42 -645 3810 2377
7 0.057 12 1 253 6 64 -47 -597 3835 2395
5 0.085 10 1 266 18 71 -51 -667 3810 2395
5 0.057 -5 2 257 1 34 -48 -640 3857 2415
6 0.099 5 5 267 -4 32 -43 -707 3872 2362
6 0.057 5 5 253 -5 62 -35 -640 3830 2372
5 0.071 5 3 251 -12 45 -26 -620 3847 2387
5 0.071 8 -4 256 -5 58 -21 -655 3825 2430
6 0.057 1 0 264 18 41 -29 -682 3810 2400
6 0.085 1 0 267 19 12 -37 -630 3842 2420
5 0.057 -8 4 264 6 0 -45 -650 3810 2410
6 0.071 -4 -1 248 11 -28 -49 -682 3825 2395
6 0.071 -5 5 256 10 -15 -55 -697 3830 2405
6 0.071 -9 4 247 7 -9 -60 -702 3835 2327
5 0.057 1 1 259 1 -12 -67 -707 3842 2372
5 0.085 -6 0 262 -17 -22 -73 -697 3815 2347
6 0.085 -8 1 256 -13 -60 -83 -707 3842 2382
6 0.071 -2 0 251 -9 -26 -85 -745 3835 2362
6 0.057 -2 1 249 3 7 -82 -707 3805 2410
5 0.057 3 2 252 -2 22 -83 -697 3820 2357
5 0.071 0 5 252 -13 19 -68 -740 3825 2410
7 0.057 6 7 256 -13 14 -47 -760 3857 2415
6 0.057 12 7 258 -11 14 -21 -750 3810 2382
5 0.071 12 7 253 -21 31 7 -730 3847 2367
5 0.071 17 3 255 -17 32 28 -760 3835 2430
6 0.057 14 0 251 -16 15 40 -780 3820 2405
6 0.085 12 1 259 -6 2 48 -750 3852 2410
6 0.057 15 0 249 -9 27 38 -770 3735 2372
5 0.085 16 -1 253 12 51 33 -770 3752 2352
6 0.099 7 2 257 -19 44 5 -722 3825 2367
6 0.071 -2 -3 255 -7 32 -15 -780 3762 2400
5 0.071 -2 2 262 -11 17 -34 -750 3825 2342
6 0.071 -6 4 260 -30 -4 -59 -755 3772 2342
5 0.085 -9 4 255 -8 -14 -71 -745 3847 2462
6 0.071 -7 5 252 -9 -3 -65 -765 3795 2332
6 0.071 -3 5 245 -4 11 -53 -755 3795 2367
5 0.071 0 1 260 13 25 -33 -775 3740 2382
6 0.085 -2 5 263 -12 -6 -5 -785 3767 2347
6 0.057 0 4 269 -7 -37 19 -775 3795 2405
5 0.085 -6 4 264 6 -49 46 -765 3810 2347
5 0.071 -3 1 236 -16 0 58 -770 3810 2357
6 0.099 1 2 246 20 21 73 -717 3767 2357
7 0.071 -1 1 262 -2 43 66 -722 3767 2357
5 0.057 -9 5 261 -14 3 57 -707 3787 2320
5 0.085 3 4 270 -13 -39 43 -755 3752 2357
6 0.071 -8 7 263 -37 -36 31 -755 3752 2347
6 0.071 -1 6 254 -35 -24 22 -760 3745 2362
5 0.071 1 0 255 -8 -24 11 -735 3752 2372
5 0.071 1 -1 249 -20 -25 -2 -792 3787 2347
6 0.071 4 -1 254 -26 -13 -3 -822 3782 2430
6 0.071 6 -4 253 2 -1 -6 -817 3757 2405
5 0.085 -1 3 263 1 4 3 -785 3782 2347
5 0.057 -6 4 259 -13 -39 6 -730 3835 2372
5 0.199 0 1 253 -3 -14 30 -792 3772 2367
5 0.057 3 1 262 7 -40 42 -765 3745 2435
6 0.085 7 4 252 -2 -21 48 -755 3830 2405
6 0.071 4 4 245 -4 0 44 -817 3730 2377
5 0.071 9 1 248 6 16 42 -797 3752 2395
6 0.071 4 2 254 9 17 45 -765 3745 2377
6 0.071 2 2 262 13 0 46 -735 3767 2352
5 0.071 3 3 256 1 -4 37 -792 3697 2425
6 0.085 4 7 254 0 4 36 -750 3740 2400
7 0.057 5 2 251 15 34 36 -785 3757 2395
5 0.085 5 -2 256 22 30 35 -740 3767 2410
5 0.071 2 -4 257 -1 26 22 -712 3720 2430
6 0.071 1 -1 266 6 24 7 -765 3752 2395
6 0.113 -1 3 265 -4 -2 -22 -750 3710 2382
6 0.071 -6 4 249 7 4 -36 -770 3715 2415
5 0.071 -7 1 252 14 -3 -52 -785 3740 2400
6 0.085 -9 4 257 16 -22 -56 -775 3705 2387
6 0.071 -3 0 267 -1 -51 -54 -755 3745 2372
6 0.071 -4 1 263 19 -56 -50 -817 3725 2387
5 0.071 -4 5 250 -5 -50 -48 -802 3752 2367
5 0.071 4 2 255 -9 -18 -46 -822 3735 2405
6 0.071 -2 -2 257 -4 -13 -45 -817 3730 2367
6 0.071 -1 -4 261 16 -19 -46 -750 3730 2415
6 0.071 -2 -2 263 6 -31 -49 -827 3725 2382
5 0.071 0 3 258 -8 -18 -51 -807 3720 2405
5 0.085 3 3 257 13 10 -48 -802 3682 2415
6 0.085 0 1 250 17 -9 -47 -837 3730 2425
6 0.057 1 2 273 -7 -42 -39 -855 3735 2415
5 0.071 3 4 280 14 -43 -38 -802 3725 2382
5 0.057 -2 1 251 13 -38 -26 -802 3725 2400
7 0.085 6 3 256 0 -28 -29 -837 3725 2372
6 0.057 -3 6 257 -29 -37 -37 -837 3720 2425
6 0.085 2 1 252 0 -27 -44 -802 3730 2450
5 0.057 1 1 254 20 -35 -59 -807 3697 2405
5 0.071 3 2 253 10 -14 -74 -860 3720 2415
7 0.057 6 2 257 13 16 -80 -765 3710 2377
6 0.085 2 6 258 -2 2 -93 -837 3677 2395
5 0.085 1 5 255 -7 11 -99 -822 3725 2372
5 0.071 0 1 251 6 13 -105 -865 3720 2415
6 0.057 7 1 251 12 36 -108 -837 3650 2382
7 0.071 3 4 250 -21 48 -108 -817 3667 2420
5 0.071 6 2 256 -29 44 -112 -837 3682 2400
5 0.071 7 2 255 -13 61 -106 -850 3705 2400
6 0.071 9 0 265 -21 65 -105 -900 3687 2400
6 0.057 3 0 258 -34 55 -110 -855 3687 2497
7 0.071 3 -3 255 -34 48 -113 -905 3672 2415
5 0.071 1 -1 252 -13 64 -113 -880 3645 2400
5 0.071 -2 2 252 -9 56 -112 -885 3625 2410
5 0.071 -4 3 258 -11 49 -110 -905 3677 2425
6 0.099 -7 3 267 -27 -9 -107 -922 3592 2420
7 0.057 -6 3 263 -32 -15 -112 -905 3650 2372
6 0.071 -11 -3 248 -16 -43 -113 -947 3672 2420
6 0.071 -3 -1 252 -9 -19 -116 -927 3655 2420
5 0.071 -6 -3 239 -6 23 -129 -947 3587 2415
5 0.071 -1 -3 245 5 67 -137 -932 3640 2435
5 0.057 -10 2 261 12 59 -143 -957 3682 2430
7 0.057 -12 1 264 5 2 -141 -957 3667 2462
6 0.057 -10 2 256 2 -8 -136 -985 3597 2435
5 0.071 -1 3 260 -4 -31 -137 -942 3640 2410
5 0.057 9 5 272 2 17 -118 -922 3625 2410
6 0.071 -3 -1 246 -3 36 -104 -985 3602 2415
6 0.085 -3 -4 259 9 28 -84 -967 3655 2430
6 0.057 0 -1 274 -7 -2 -69 -995 3650 2420
5 0.057 -4 0 259 0 -15 -63 -1000 3615 2420
5 0.071 -3 4 248 11 15 -59 -995 3620 2410
6 0.057 0 2 245 -3 30 -54 -990 3620 2440
7 0.043 -1 2 259 5 24 -50 -995 3582 2445
5 0.057 -6 -3 265 8 17 -44 -990 3582 2435
5 0.057 -8 0 268 17 -27 -36 -985 3597 2430
6 0.057 -16 4 239 9 -48 -26 -1037 3620 2405
6 0.057 6 0 262 18 -1 -13 -990 3582 2425
5 0.057 -3 6 250 -7 37 -13 -975 3602 2405
5 0.057 -2 3 266 -1 7 -24 -1010 3592 2455
6 0.085 -3 2 265 -5 -31 -27 -1015 3535 2445
6 0.057 -9 2 254 2 -30 -27 -1000 3592 2455
6 0.057 -2 0 254 2 -16 -32 -1015 3597 2450
6 0.043 -2 -2 251 22 -9 -41 -967 3535 2455
5 0.057 -3 1 250 15 13 -38 -962 3555 2440
6 0.057 -1 -1 261 4 2 -40 -1020 3577 2415
6 0.057 -1 2 265 13 -5 -32 -1037 3577 2400
5 0.043 -2 0 265 22 -51 -20 -1047 3597 2435
5 0.043 -5 -1 253 14 -40 -14 -1057 3560 2440
5 0.057 -1 0 256 27 -35 -9 -1000 3597 2387
6 0.057 3 -2 254 31 -19 2 -990 3602 2405
6 0.057 0 2 252 15 -20 5 -985 3607 2410
5 0.057 -1 4 256 19 -18 9 -1037 3482 2450
5 0.057 -3 4 255 22 -24 6 -1015 3535 2450
7 0.057 -6 4 251 14 -31 3 -1025 3602 2425
6 0.057 2 3 252 15 -11 -8 -1020 3577 2415
5 0.028 -2 -1 251 7 -7 -18 -1000 3615 2435
5 0.057 -4 2 252 -5 2 -32 -1000 3587 2455
6 0.057 2 2 251 0 -2 -40 -985 3597 2445
7 0.043 1 4 261 0 3 -56 -1005 3620 2467
5 0.043 -3 7 257 9 -1 -62 -1005 3640 2405
5 0.057 1 3 252 -9 -10 -70 -1037 3587 2400
6 0.043 2 3 255 -19 11 -83 -1062 3555 2450
6 0.057 -5 3 256 -37 9 -100 -1025 3545 2430
6 0.113 -9 -1 256 -38 -14 -121 -1047 3572 2445
6 0.057 -9 -4 247 -18 -23 -124 -1052 3540 2467
6 0.028 -7 -4 250 -2 -14 -125 -1052 3535 2440
5 0.043 -3 -2 253 -19 19 -115 -1062 3545 2445
6 0.057 3 1 263 -11 -9 -101 -1052 3577 2420
5 0.043 -8 3 253 -9 -8 -80 -1025 3517 2445
5 0.028 -4 2 260 -10 -17 -52 -1062 3482 2507
6 0.057 -1 2 258 -9 -27 -28 -1072 3507 2445
6 0.028 1 3 256 7 -14 -10 -1037 3550 2445
5 0.043 2 4 255 6 -9 11 -1025 3577 2440
5 0.043 3 5 251 0 0 24 -1037 3550 2430
6 0.043 -1 2 251 7 -5 27 -1015 3517 2435
6 0.043 0 1 251 18 14 28 -1047 3512 2492
5 0.057 2 0 254 9 2 20 -1032 3560 2455
6 0.028 4 1 255 8 1 16 -1025 3517 2477
6 0.057 5 1 255 12 2 9 -995 3560 2450
5 0.028 5 1 255 11 8 5 -1052 3545 2455
6 0.057 4 3 251 7 17 1 -1062 3577 2507
5 0.028 2 2 254 13 23 4 -995 3535 2492
5 0.043 4 0 253 14 28 19 -1005 3540 2455
7 0.043 2 2 259 10 28 27 -1037 3555 2415
5 0.043 3 4 258 5 20 33 -1072 3507 2462
5 0.043 3 3 261 1 2 43 -1095 3545 2477
6 0.043 0 3 262 4 10 53 -1052 3497 2467
5 0.057 0 7 249 -5 12 65 -1047 3507 2492
6 0.057 4 5 253 -5 25 75 -1057 3507 2482
6 0.043 4 2 255 -1 28 86 -1037 3550 2420
6 0.028 2 2 253 -10 24 87 -1047 3602 2502
5 0.057 -2 3 254 -6 11 88 -1020 3530 2455
5 0.043 2 1 263 -10 7 92 -1077 3507 2462
7 0.043 -1 4 263 -20 -8 81 -1000 3502 2507
6 0.043 -2 2 256 -9 -7 68 -1015 3550 2455
5 0.057 -5 2 250 -14 0 52 -962 3565 2467
5 0.043 -6 1 251 -16 15 28 -985 3572 2507
6 0.043 -1 2 253 -15 26 15 -952 3517 2472
6 0.043 -2 2 260 -5 17 1 -962 3502 2487
6 0.043 -4 0 260 -1 11 -11 -952 3502 2472
5 0.057 0 0 254 -14 4 -13 -962 3560 2497
6 0.043 1 1 252 -3 21 -17 -980 3492 2462
5 0.043 4 1 252 0 25 -14 -990 3525 2522
5 0.028 1 2 251 -9 28 -5 -967 3492 2507
7 0.057 6 1 262 -8 19 -3 -967 3492 2487
5 0.028 3 2 260 -4 14 1 -967 3497 2467
5 0.057 -3 5 252 -16 18 3 -1037 3487 2435
6 0.028 0 2 255 -6 5 3 -967 3535 2467
5 0.057 -2 -1 253 -1 0 3 -1000 3502 2450
6 0.028 1 2 259 -3 5 3 -985 3525 2435
6 0.043 1 1 256 -3 29 3 -967 3540 2482
5 0.043 -3 1 254 5 28 0 -952 3530 2440
5 0.043 -3 6 259 1 19 -2 -962 3530 2487
6 0.057 -7 3 264 7 -6 -2 -995 3512 2467
6 0.043 -12 5 253 -8 -6 -5 -967 3502 2507
5 0.028 -11 1 248 -3 8 -15 -1032 3450 2502
6 0.057 -6 2 258 9 5 -20 -962 3535 2482
6 0.028 -5 -2 255 1 -6 -24 -985 3517 2445
5 0.028 -9 3 253 2 -18 -27 -1000 3507 2492
5 0.057 1 2 262 -4 -14 -36 -995 3497 2462
6 0.028 -6 4 252 -13 -10 -48 -985 3512 2507
6 0.043 -3 4 254 -5 -4 -63 -980 3577 2512
5 0.028 -3 4 252 -7 1 -75 -985 3530 2487
5 0.043 -4 1 256 -5 -3 -91 -1015 3587 2487
6 0.043 -2 2 259 -6 -8 -99 -1005 3540 2455
6 0.043 -6 3 249 -4 -10 -113 -967 3545 2467
5 0.028 0 3 254 -1 17 -112 -1015 3545 2455
5 0.043 2 0 259 -7 26 -108 -1005 3555 2502
5 0.028 0 1 251 -8 12 -97 -995 3512 2445
6 0.043 -2 1 256 -6 10 -78 -995 3530 2487
6 0.028 0 2 260 -7 -2 -57 -1000 3560 2507
5 0.028 0 1 257 -9 -11 -39 -1000 3525 2477
6 0.057 0 2 257 -2 -13 -24 -985 3555 2502
6 0.028 0 4 254 -6 -17 -13 -1005 3545 2477
6 0.028 1 4 250 -5 -7 -6 -990 3572 2517
6 0.028 1 0 253 -10 1 0 -1025 3587 2467
6 0.043 1 0 256 -3 -2 1 -1010 3512 2462
6 0.028 -4 0 257 -4 4 -1 -1032 3560 2462
5 0.057 -1 1 255 1 11 8 -1000 3492 2467
6 0.028 0 3 256 3 5 8 -980 3517 2440
5 0.028 -4 4 255 -1 7 12 -1000 3497 2482
5 0.043 -6 3 257 6 -5 14 -995 3502 2450
6 0.028 -4 1 261 -3 -6 15 -980 3512 2487
6 0.028 -1 3 258 -2 -13 25 -1020 3492 2507
5 0.028 -4 2 252 -5 2 36 -942 3540 2445
6 0.028 -3 -1 259 1 -3 42 -1010 3535 2482
7 0.028 -3 3 251 -6 0 52 -980 3540 2462
5 0.028 -2 0 257 2 -4 48 -942 3525 2445
6 0.028 -3 0 259 -4 -13 49 -985 3512 2477
6 0.028 -4 0 260 2 -24 45 -985 3525 2425
5 0.043 -4 3 254 -4 -24 34 -1015 3512 2435
6 0.028 0 2 257 1 -14 32 -967 3540 2467
6 0.028 -4 -1 250 5 -4 29 -995 3555 2450
6 0.028 -4 1 254 -1 -12 24 -957 3517 2455
5 0.028 -5 2 252 -2 -17 20 -980 3502 2487
5 0.028 1 2 259 1 -5 31 -932 3530 2517
7 0.028 0 3 256 -8 -1 39 -952 3525 2472
5 0.028 -3 3 250 -3 -11 46 -937 3545 2482
5 0.014 0 3 254 -4 -8 54 -985 3487 2450
6 0.028 0 2 253 -3 -15 60 -975 3545 2462
5 0.028 -1 1 248 0 1 63 -975 3512 2477
5 0.028 1 0 257 3 3 68 -967 3530 2487
7 0.028 -2 1 257 -3 2 75 -947 3555 2455
6 0.043 -1 1 254 -2 -16 96 -932 3540 2497
5 0.028 0 4 258 -2 -9 101 -900 3545 2455
5 0.043 -1 4 253 -4 -8 106 -905 3525 2455
6 0.014 2 1 257 -4 -3 105 -927 3560 2435
5 0.028 4 -1 260 2 -6 102 -947 3607 2415
5 0.028 4 -1 260 8 0 98 -947 3582 2445
6 0.028 0 -3 253 4 -6 97 -895 3582 2405
5 0.014 -1 3 256 1 -6 83 -912 3545 2435
6 0.028 -2 1 257 -2 13 85 -895 3530 2467
6 0.028 -5 -1 259 6 -2 79 -922 3565 2487
6 0.014 -8 0 260 0 -7 80 -895 3540 2440
5 0.014 -5 1 259 6 -2 85 -880 3572 2440
6 0.028 -4 1 256 1 -4 94 -870 3577 2467
6 0.014 -3 1 255 1 1 90 -870 3572 2440
5 0.014 1 3 258 0 0 86 -895 3545 2425
6 0.028 0 2 256 3 2 79 -870 3550 2450
5 0.014 -2 0 252 3 8 71 -890 3565 2410
6 0.014 -3 0 254 6 6 57 -880 3550 2450
5 0.014 -1 0 255 9 11 41 -895 3607 2467
5 0.028 -4 2 255 8 17 34 -842 3555 2477
6 0.000 -7 1 257 5 8 28 -837 3587 2450
5 0.028 -7 1 257 5 6 16 -895 3602 2430
6 0.014 -10 2 255 -2 -2 9 -865 3607 2440
6 0.014 -10 1 257 11 -9 12 -860 3607 2405
6 0.000 -13 1 258 4 -12 29 -850 3577 2395
5 0.028 -10 1 257 9 -20 63 -860 3587 2462
6 0.014 -6 2 256 0 -8 86 -850 3572 2462
5 0.000 -4 2 251 5 2 111 -875 3565 2450
5 0.000 -4 1 254 9 3 122 -822 3572 2497
7 0.014 -2 0 257 2 -1 128 -807 3607 2435
5 0.000 -2 -2 257 3 0 131 -880 3572 2400
6 0.014 1 0 255 5 -3 118 -827 3582 2440
6 0.000 1 0 256 1 -6 105 -860 3540 2445
5 0.014 -2 0 256 4 2 95 -850 3615 2455
7 0.000 1 1 258 1 -3 82 -785 3572 2440
5 0.000 -1 2 256 3 -5 74 -807 3587 2435
5 0.014 1 2 254 1 -3 67 -780 3607 2445
6 0.000 0 1 255 6 -4 69 -850 3592 2425
5 0.000 0 1 254 7 -1 76 -822 3592 2435
6 0.014 -2 3 257 7 -7 87 -842 3560 2472
5 0.000 6 0 261 8 11 99 -822 3577 2472
6 0.000 -10 5 244 -15 24 99 -780 3545 2472
6 0.014 -7 -2 255 13 26 96 -812 3592 2445
5 0.000 -11 4 261 -4 9 84 -780 3607 2455
5 -0.014 -11 4 258 -4 -4 67 -770 3572 2450
7 0.000 -7 4 260 4 -8 46 -775 3577 2445
5 0.014 -4 3 257 -5 -4 27 -775 3545 2435
5 0.000 2 -2 257 6 -10 9 -765 3587 2445
6 0.000 5 0 257 1 -1 -10 -707 3587 2430
5 0.000 3 0 253 7 9 -12 -780 3555 2420
7 0.000 -1 2 258 8 11 -12 -792 3582 2430
6 0.000 -3 -1 260 4 -4 3 -780 3540 2467
5 0.000 -2 1 259 5 -1 19 -770 3602 2450
6 0.000 -2 2 253 -5 -1 30 -760 3577 2420
5 0.000 -2 0 255 3 8 30 -812 3592 2477
5 0.000 -3 1 249 -1 16 23 -760 3555 2512
6 0.000 -4 0 256 -1 13 18 -765 3572 2455
5 0.000 -4 2 260 2 3 9 -750 3582 2472
6 0.000 -2 1 258 -2 5 3 -785 3560 2377
5 -0.014 -2 1 256 4 10 -8 -730 3592 2430
5 -0.014 -4 1 250 3 12 -16 -770 3640 2410
7 0.000 -4 -1 254 -2 10 -24 -750 3615 2400
6 0.000 -4 0 259 -2 4 -23 -750 3582 2445
5 0.000 -1 3 260 4 -6 -31 -760 3525 2382
6 -0.014 4 0 257 0 -2 -36 -760 3565 2440
6 0.000 3 4 257 -2 9 -39 -797 3565 2425
6 0.000 2 1 250 1 10 -48 -792 3577 2405
6 -0.028 4 1 258 2 5 -46 -775 3587 2430
5 0.000 1 1 258 -1 -1 -54 -740 3572 2430
5 0.000 2 1 257 -2 -4 -59 -745 3572 2435
6 0.000 3 -1 254 1 11 -47 -750 3530 2455
5 -0.014 -1 5 252 2 7 -43 -775 3525 2450
5 0.000 1 1 256 1 5 -41 -775 3592 2455
6 0.000 3 0 258 1 -2 -35 -770 3540 2492
5 0.000 2 1 256 -2 0 -30 -785 3530 2455
6 -0.014 4 0 256 -2 3 -27 -802 3577 2467
5 0.000 3 0 254 -7 6 -29 -760 3587 2440
5 0.000 5 3 257 0 10 -19 -775 3560 2400
6 0.000 1 1 251 2 7 -11 -817 3572 2415
5 -0.014 4 0 257 2 3 -14 -792 3587 2462
6 0.000 2 2 254 -2 4 -8 -822 3582 2425
5 -0.014 2 1 253 0 1 -8 -797 3560 2425
6 0.000 2 0 256 1 2 -7 -765 3607 2492
6 0.000 1 0 257 2 0 -3 -797 3582 2497
5 0.000 -1 -1 255 2 2 -4 -797 3535 2455
6 0.000 -1 -1 256 2 -2 -7 -832 3565 2455
5 0.000 0 1 255 2 -5 -5 -827 3517 2507
5 0.000 1 1 255 0 -3 -4 -837 3545 2435
6 0.000 2 2 256 4 -1 -2 -780 3587 2472
5 0.000 4 2 259 1 0 0 -812 3550 2467
6 0.000 3 -1 255 3 0 4 -770 3565 2450
5 -0.028 1 2 254 3 0 2 -802 3620 2497
6 0.000 0 0 255 3 0 4 -812 3620 2467
5 0.000 1 2 254 -4 2 7 -832 3592 2517
6 0.000 4 0 257 7 -1 13 -827 3572 2487
5 0.000 1 1 255 6 -5 15 -812 3615 2440
6 0.000 4 2 252 4 2 17 -785 3597 2467
5 0.000 5 1 250 0 4 20 -785 3540 2445
6 0.000 3 3 255 1 3 17 -827 3540 2450
5 0.000 0 2 256 1 1 11 -775 3545 2445
5 0.000 1 2 255 2 4 8 -807 3602 2467
6 0.000 3 3 254 2 5 0 -797 3587 2472
6 0.000 1 1 256 1 4 -6 -827 3507 2430
6 0.000 1 -1 254 -1 3 -8 -812 3577 2497
5 0.000 1 3 256 0 5 -6 -837 3540 2492
5 0.000 0 2 256 0 -1 -6 -792 3577 2435
6 0.000 0 1 255 -1 2 -7 -775 3577 2445
5 0.000 1 1 254 -1 0 -2 -775 3550 2435
6 0.000 0 3 257 2 3 -2 -865 3565 2435
5 0.000 0 3 256 5 6 0 -865 3597 2405
6 0.000 -1 1 256 3 2 1 -870 3577 2472
5 0.000 -1 1 256 4 1 -2 -822 3565 2467
6 0.000 -1 2 254 0 1 -1 -797 3535 2487
6 0.000 0 1 254 0 0 -1 -770 3602 2477
5 0.000 3 0 256 0 1 0 -785 3545 2477
6 0.000 0 0 255 1 2 5 -775 3560 2477
5 0.000 1 2 253 4 2 2 -802 3555 2440
6 0.000 1 2 257 2 -1 3 -792 3565 2445
6 0.000 2 1 256 1 0 5 -780 3565 2450
6 0.000 1 3 257 2 1 3 -755 3545 2530
5 0.000 0 1 255 0 3 2 -792 3565 2472
6 0.000 3 -1 256 4 2 -2 -870 3620 2455
5 0.000 1 0 255 6 2 -1 -875 3597 2482
6 0.000 1 3 256 -1 -1 -3 -870 3602 2472
6 0.000 1 1 255 -1 5 1 -812 3602 2467
6 0.000 0 3 256 5 1 1 -802 3602 2487
5 0.000 3 2 257 2 3 3 -750 3597 2522
6 0.000 0 2 255 1 2 5 -755 3597 2455
5 0.000 0 4 256 0 7 -3 -802 3615 2487
7 0.000 0 2 254 3 4 1 -775 3620 2445
5 0.000 0 1 255 0 3 -2 -797 3587 2445
6 0.000 0 2 255 -1 4 1 -792 3602 2455
5 0.000 2 -1 258 -1 3 0 -780 3607 2467
5 0.000 0 2 256 1 0 0 -837 3565 2450
5 0.000 0 -1 256 5 5 2 -817 3607 2440
5 0.000 -1 0 254 0 1 3 -827 3550 2477
6 0.000 1 0 254 4 -3 0 -797 3550 2440
5 0.000 0 1 254 0 0 4 -807 3587 2435
6 0.000 3 0 256 2 5 1 -797 3560 2467
5 0.000 0 0 254 5 1 1 -780 3560 2482
7 0.000 1 0 261 2 2 1 -817 3577 2467
5 0.000 0 2 257 3 1 2 -832 3535 2440
6 0.000 -1 1 256 2 2 2 -770 3535 2420
5 0.000 0 3 255 3 0 0 -812 3572 2430
6 0.000 -1 2 254 5 3 2 -780 3582 2462
6 0.000 0 0 257 4 0 0 -802 3597 2492
6 0.000 1 1 255 0 5 -1 -817 3545 2440
5 0.000 2 1 254 0 1 0 -817 3560 2487
6 0.000 2 2 258 1 0 4 -822 3517 2507
5 0.000 0 2 254 0 6 -1 -812 3540 2462
6 0.000 0 1 257 0 0 -1 -812 3545 2455
5 0.000 1 0 254 3 1 -3 -755 3545 2420
6 0.000 -1 1 253 2 1 0 -770 3555 2467
5 0.000 2 -1 256 4 2 -1 -785 3572 2487
6 0.000 2 -2 257 7 1 -3 -802 3587 2467
5 0.000 2 -1 254 -1 0 -1 -812 3565 2462
6 0.000 2 1 256 2 3 0 -807 3530 2445
6 0.000 2 0 255 1 -2 -1 -792 3550 2455
5 0.000 2 0 253 4 0 0 -780 3577 2455
6 0.000 0 3 255 2 1 -2 -802 3602 2445
5 0.000 1 1 256 3 0 2 -817 3597 2455
7 0.000 1 1 258 3 0 1 -792 3545 2462
5 0.000 0 0 255 1 0 0 -770 3577 2472
6 0.000 1 1 255 -1 2 0 -722 3560 2502
5 0.000 0 1 254 1 3 -1 -812 3592 2440
6 0.000 1 3 258 2 1 2 -817 3525 2440
5 0.000 -1 0 256 2 0 4 -827 3540 2445
7 0.000 2 0 254 4 1 -2 -802 3555 2482
5 0.000 0 0 259 2 -1 1 -780 3565 2472
6 0.000 2 2 258 4 0 4 -785 3572 2462
5 0.000 1 1 255 1 2 1 -812 3572 2377
6 0.000 1 2 254 2 3 0 -765 3565 2497
6 0.000 1 4 255 -2 2 -2 -785 3550 2450
6 0.000 1 1 256 4 -1 2 -792 3572 2497
5 0.000 0 3 255 3 4 -1 -785 3602 2405
6 0.000 0 1 259 1 3 0 -837 3577 2387
5 0.000 0 0 257 2 -3 -2 -792 3565 2430
5 0.000 1 -1 257 2 1 -4 -775 3587 2425
6 0.000 0 3 255 2 1 -3 -785 3565 2430
5 0.000 1 1 254 0 3 1 -765 3572 2455
6 0.000 -1 1 256 0 -3 0 -807 3592 2435
5 0.000 0 0 255 -1 -1 -2 -775 3587 2467
6 0.000 -3 2 256 3 4 -1 -760 3540 2492
6 0.000 2 2 255 2 5 2 -802 3572 2430
6 0.000 1 3 256 1 1 4 -792 3592 2445
5 0.000 0 -1 256 2 1 2 -792 3555 2435
6 0.000 0 0 256 1 -2 -2 -817 3572 2435
5 0.000 0 1 255 1 -4 -2 -807 3577 2445
6 0.000 1 2 255 1 1 4 -760 3560 2492
6 0.000 0 1 256 3 2 -2 -802 3565 2450
5 0.000 1 0 255 2 -2 -1 -785 3592 2430
6 0.000 0 0 257 0 1 2 -802 3550 2440
5 0.000 -2 1 258 1 1 4 -822 3607 2450
6 0.000 0 -1 256 2 -1 0 -785 3582 2482
5 0.000 -1 0 256 3 2 2 -792 3577 2435
6 0.000 1 1 256 3 2 5 -785 3597 2482
5 0.000 2 3 257 4 2 -1 -832 3550 2435
6 0.000 1 0 257 -4 2 3 -802 3535 2455
5 0.000 1 0 258 1 -2 4 -785 3545 2502
7 0.000 3 0 256 -2 0 0 -855 3540 2455
5 0.000 1 2 255 2 2 2 -860 3550 2450
6 0.000 -1 2 256 0 2 -2 -855 3555 2467
6 0.000 1 3 256 2 2 -2 -792 3615 2440
5 0.000 0 2 258 5 4 0 -817 3577 2477
7 0.000 2 1 255 3 3 -4 -802 3587 2405
5 0.000 1 1 254 4 -5 4 -792 3545 2462
6 0.000 -1 2 254 2 -1 0 -792 3565 2420
5 0.000 1 2 254 0 1 -1 -812 3572 2517
6 0.000 -1 0 253 5 4 -2 -802 3540 2410
5 0.000 1 2 257 3 -2 0 -780 3607 2462
7 0.000 1 2 254 -1 -1 -2 -770 3597 2487
6 0.000 1 0 255 0 4 -1 -780 3565 2405
5 0.000 1 0 258 0 2 3 -860 3592 2477
6 0.000 1 1 256 2 1 1 -780 3572 2487
6 0.000 0 -1 257 5 -1 1 -822 3577 2455
5 0.000 0 -1 254 2 3 0 -822 3560 2487
6 0.000 -1 2 253 5 4 3 -817 3550 2435
5 0.000 0 0 257 4 0 2 -802 3560 2477
6 0.000 1 0 256 -1 2 2 -817 3572 2435
6 0.000 1 1 252 6 3 4 -817 3582 2502
6 0.000 0 2 256 -3 -3 1 -807 3545 2455
5 0.000 1 1 255 2 -1 0 -817 3525 2477
6 0.000 2 2 255 2 -1 0 -817 3530 2477
5 0.000 1 0 255 3 1 0 -812 3555 2482
6 0.000 2 0 257 0 2 -1 -802 3565 2445
6 0.000 -1 0 255 0 6 2 -822 3582 2472
5 0.000 -1 2 255 1 -3 4 -832 3577 2440
6 0.000 0 1 255 -1 -3 2 -797 3560 2497
5 0.000 0 0 257 1 0 1 -807 3560 2430
6 0.000 2 2 252 -1 -2 0 -750 3535 2440
6 0.000 1 0 256 -1 3 0 -765 3555 2482
6 0.000 1 -1 255 3 4 1 -785 3555 2435
5 0.000 3 0 256 5 4 -1 -842 3555 2440
6 0.000 1 1 256 2 4 -5 -765 3530 2455
5 0.000 1 1 255 -2 1 1 -780 3530 2430
5 0.000 1 2 255 0 1 0 -775 3545 2467
5 0.000 1 0 254 1 -1 4 -765 3540 2482
5 0.000 2 0 256 -1 1 -1 -817 3555 2467
6 0.000 1 3 258 4 3 1 -802 3550 2462
5 0.000 2 2 258 4 -2 -1 -812 3530 2425
6 0.000 0 4 254 -3 1 4 -807 3577 2455
5 0.000 2 1 256 0 -5 3 -797 3550 2472
6 0.000 1 0 253 -1 -1 3 -837 3565 2477
5 0.000 0 0 254 1 2 0 -780 3560 2455
6 0.000 -2 1 256 2 1 4 -807 3577 2502
5 0.000 3 2 256 1 3 2 -807 3512 2477
7 0.000 -1 2 256 3 2 1 -745 3592 2450
5 0.000 0 1 256 2 0 -3 -797 3550 2487
6 0.000 1 1 256 -1 1 3 -770 3572 2450
5 0.000 -1 1 253 5 4 2 -832 3555 2487
6 0.000 1 0 252 0 4 1 -792 3560 2450
6 0.000 1 1 257 1 1 -1 -827 3517 2425
5 0.000 2 3 253 6 3 -1 -827 3550 2445
6 0.000 0 2 256 4 0 1 -807 3577 2467
5 0.000 0 1 255 3 -1 1 -802 3565 2487
6 0.000 1 3 255 2 -1 2 -827 3550 2467
5 0.000 -1 1 256 3 -1 0 -812 3592 2425
7 0.000 0 3 254 3 2 -2 -812 3597 2450
5 0.000 1 0 256 2 1 3 -797 3572 2487
6 0.000 1 1 258 3 0 0 -817 3540 2410
5 0.000 -1 0 257 -1 5 -1 -812 3582 2487
6 0.000 2 1 256 2 2 -1 -822 3545 2487
6 0.000 1 1 259 3 -1 -1 -842 3565 2512
6 0.000 1 2 256 1 1 4 -865 3582 2522
5 0.000 1 1 257 2 1 2 -785 3540 2450
6 0.000 0 0 256 2 2 0 -785 3550 2445
5 0.000 1 2 254 5 -2 1 -807 3550 2445
6 0.000 2 1 255 1 2 -1 -807 3565 2455
5 0.000 2 1 255 2 3 1 -792 3592 2497
6 0.000 0 3 255 0 -4 4 -817 3597 2502
5 0.000 2 0 257 1 -2 2 -770 3662 2435
5 0.000 -1 1 255 2 -5 0 -822 3572 2420
6 0.000 0 0 256 3 -2 1 -780 3597 2450
6 0.000 1 2 257 -1 -1 0 -770 3565 2440
6 0.000 -1 1 254 4 4 0 -822 3582 2462
5 0.000 2 2 256 -2 -1 -1 -780 3572 2467
6 0.000 0 0 258 2 2 -3 -875 3620 2487
5 0.000 1 0 255 3 0 1 -817 3555 2445
7 0.000 1 -1 258 -2 2 4 -817 3577 2462
5 0.000 0 0 256 1 1 0 -797 3565 2517
6 0.000 1 1 253 1 2 0 -807 3555 2455
5 0.000 0 1 255 -1 1 -3 -807 3582 2487
5 0.000 -1 4 254 3 1 2 -780 3565 2462
6 0.000 0 0 254 0 2 1 -822 3555 2492
5 0.000 -1 0 257 5 0 -2 -842 3535 2450
6 0.000 2 1 255 1 0 -4 -792 3592 2497
5 0.000 1 1 256 0 1 -1 -785 3565 2512
6 0.000 -1 1 255 3 1 1 -760 3597 2507
5 0.000 2 3 254 0 2 0 -707 3565 2497
7 0.000 -2 3 255 3 1 -4 -780 3555 2487
5 0.000 1 -1 258 3 4 1 -770 3545 2492
6 0.000 1 0 259 2 1 -1 -797 3560 2455
5 0.000 0 2 255 2 0 1 -792 3582 2482
6 0.000 0 1 253 1 2 0 -760 3577 2462
6 0.000 -1 3 257 3 4 -2 -822 3565 2445
6 0.000 0 1 256 2 9 0 -817 3550 2482
5 0.000 -1 2 253 1 -2 5 -750 3592 2517
6 0.000 2 0 253 5 1 3 -797 3577 2482
5 0.000 0 3 256 3 4 2 -865 3555 2445
6 0.000 1 2 258 -1 1 -1 -837 3530 2502
7 0.000 1 1 254 -1 -1 0 -822 3572 2502
5 0.000 0 -1 256 4 0 -1 -880 3577 2487
6 0.000 0 1 257 2 4 7 -827 3582 2462
5 0.000 1 1 256 2 1 4 -822 3602 2492
6 0.000 1 0 255 2 0 0 -827 3597 2467
6 0.000 1 -1 255 3 1 -2 -832 3587 2382
6 0.000 0 2 257 3 4 0 -780 3555 2435
5 0.000 1 0 253 3 1 -2 -802 3587 2472
6 0.000 0 1 257 5 2 0 -770 3582 2472
5 0.000 0 0 257 2 1 2 -822 3550 2415
6 0.000 1 1 256 2 3 2 -812 3602 2450
5 0.000 1 3 255 0 -1 1 -792 3572 2462
6 0.000 0 0 257 6 4 4 -797 3555 2435
5 0.000 1 1 256 4 3 1 -792 3615 2492
6 0.000 2 1 256 3 0 -1 -822 3550 2517
5 0.000 0 1 257 0 -2 0 -770 3577 2445
7 0.000 0 1 254 2 1 0 -807 3530 2497
5 0.000 0 2 256 3 -2 2 -817 3582 2410
6 0.000 0 -1 254 0 -1 3 -785 3582 2472
6 0.000 1 -1 254 3 3 -1 -832 3555 2450
6 0.000 1 1 258 1 -3 1 -780 3555 2445
6 0.000 1 1 255 1 0 0 -832 3540 2477
5 0.000 2 1 255 2 1 3 -765 3587 2487
6 0.000 0 1 255 3 3 0 -750 3540 2487
5 0.000 0 2 255 5 5 3 -770 3582 2502
6 0.000 0 1 256 2 2 -1 -832 3592 2450
5 0.000 1 0 256 4 2 0 -802 3592 2462
6 0.000 1 1 257 3 0 -1 -797 3565 2507
5 0.000 0 0 257 -1 1 2 -792 3620 2462
5 0.000 0 0 255 0 -1 1 -775 3615 2497
6 0.000 0 1 253 2 5 -2 -807 3577 2472
6 0.000 0 1 255 3 0 -4 -797 3545 2455
6 0.000 0 0 258 1 1 0 -802 3607 2517
5 0.000 0 0 257 2 2 -2 -797 3587 2517
6 0.000 0 2 255 -1 1 -1 -807 3540 2450
5 0.000 0 1 255 0 1 2 -785 3582 2467
7 0.000 1 4 258 0 1 -4 -797 3587 2462
5 0.000 1 1 255 1 3 -1 -797 3565 2467
6 0.000 2 1 259 3 2 0 -807 3592 2482
5 0.000 1 1 257 -2 2 3 -802 3560 2502
6 0.000 0 2 257 1 1 3 -785 3597 2550
5 0.000 2 0 255 4 2 -2 -865 3592 2472
7 0.000 3 -1 258 0 1 2 -827 3592 2455
5 0.000 -1 0 256 -1 0 -2 -817 3550 2477
5 0.000 3 1 255 1 2 0 -797 3582 2472
6 0.000 0 1 259 1 -2 2 -822 3572 2472
5 0.000 1 0 255 1 2 3 -797 3540 2420
7 0.000 3 -1 258 3 1 1 -812 3615 2512
5 0.000 -1 0 254 1 -1 4 -797 3597 2467
6 0.000 1 1 256 3 -2 2 -807 3615 2467
5 0.000 0 3 259 1 -2 -4 -817 3565 2497
6 0.000 1 2 252 1 -4 -1 -797 3630 2455
6 0.000 2 1 256 2 1 1 -802 3615 2472
6 0.000 0 1 257 3 4 2 -807 3565 2477
5 0.000 3 -1 255 7 4 6 -780 3582 2450
6 0.000 2 -1 256 2 -1 3 -812 3525 2425
5 0.000 0 1 256 3 3 0 -822 3560 2450
6 0.000 -1 3 255 0 0 0 -812 3602 2550
6 0.000 -1 0 255 3 0 0 -807 3587 2512
5 0.000 2 1 253 3 -1 3 -765 3577 2445
6 0.000 0 1 257 -1 0 1 -780 3525 2455
5 0.000 1 0 253 5 0 1 -780 3530 2482
6 0.000 1 0 255 -4 -1 -1 -802 3572 2450
6 0.000 1 0 259 2 3 0 -785 3592 2455
6 0.000 2 -1 255 0 2 1 -817 3572 2430
5 0.000 1 1 256 1 4 4 -775 3530 2477
6 0.000 1 0 257 -1 -1 0 -780 3540 2462
5 0.000 1 0 257 2 -3 2 -822 3560 2450
6 0.000 1 0 256 -2 4 -2 -832 3560 2445
5 0.000 -2 1 255 1 2 3 -780 3592 2450
6 0.000 0 0 257 -1 2 4 -807 3555 2462
5 0.000 0 1 256 -1 5 1 -812 3555 2435
6 0.000 2 1 256 2 1 2 -785 3565 2440
5 0.000 0 0 256 -2 3 1 -822 3530 2455
5 0.000 1 2 254 6 1 3 -850 3577 2467
5 0.000 1 -2 254 5 -2 -1 -802 3582 2382
5 0.000 -1 1 256 0 1 -1 -837 3560 2405
6 0.000 1 0 256 1 -1 -3 -817 3540 2415
5 0.000 0 1 258 3 3 0 -797 3550 2462
7 0.000 1 2 255 1 5 1 -797 3555 2467
5 0.000 -1 2 255 1 -2 -1 -792 3565 2482
6 0.000 0 1 256 1 -3 2 -817 3577 2467
5 0.000 1 2 255 -3 0 -1 -797 3582 2445
6 0.000 0 1 255 -1 4 4 -807 3550 2467
5 0.000 2 1 255 0 0 3 -807 3577 2462
5 0.000 0 0 256 -3 2 1 -807 3550 2450
6 0.000 0 0 254 1 -1 0 -812 3615 2482
5 0.000 2 1 254 4 1 1 -797 3545 2472
6 0.000 0 2 256 6 0 -1 -850 3587 2472
5 0.000 1 1 254 2 -1 0 -817 3582 2502
7 0.000 2 0 259 -2 2 3 -780 3587 2425
5 0.000 1 1 255 1 3 -1 -775 3540 2430
6 0.000 -1 2 256 1 2 0 -850 3560 2462
5 0.000 2 1 256 6 3 3 -785 3535 2472
6 0.000 1 0 259 1 2 1 -780 3560 2425
5 0.000 0 2 255 3 -4 0 -770 3577 2445
6 0.000 1 2 255 4 5 3 -755 3572 2415
5 0.000 2 0 256 2 3 1 -792 3525 2467
6 0.000 1 1 255 3 1 2 -760 3565 2477
5 0.000 1 1 259 2 4 2 -750 3540 2450
6 0.000 1 2 256 5 2 -4 -770 3565 2482
5 0.000 0 2 258 0 1 -2 -750 3565 2502
6 0.000 0 2 256 5 -3 1 -770 3565 2482
5 0.000 0 4 258 -3 3 0 -770 3530 2420
6 0.000 1 0 256 3 0 4 -755 3560 2430
5 0.000 -1 1 255 2 -4 2 -785 3577 2440
7 0.000 3 0 254 1 2 -4 -775 3577 2472
5 0.000 1 0 257 1 -2 -1 -822 3555 2477
5 0.000 0 1 255 1 -1 -4 -832 3597 2487
6 0.000 1 0 257 5 3 0 -827 3550 2425
5 0.000 1 1 256 3 0 -1 -780 3607 2517
6 0.000 2 0 256 4 -1 0 -827 3572 2430
5 0.000 2 0 255 1 2 -2 -832 3650 2450
6 0.000 2 0 255 1 2 1 -870 3525 2497
5 0.000 0 1 255 4 -3 -1 -865 3540 2482
6 0.000 -1 2 254 -1 3 2 -827 3550 2497
5 0.000 0 -1 259 1 -1 3 -827 3565 2462
7 0.000 0 3 253 2 1 2 -817 3545 2425
5 0.000 0 3 256 2 0 -4 -817 3587 2462
5 0.000 0 1 254 1 -2 3 -832 3560 2435
6 0.000 1 1 255 0 1 1 -822 3530 2450
5 0.000 2 0 254 1 5 2 -827 3620 2445
7 0.000 1 0 255 4 2 1 -785 3560 2472
5 0.000 -1 1 257 2 1 2 -740 3607 2462
6 0.000 1 1 253 0 4 -1 -780 3555 2435
5 0.000 1 2 255 2 1 3 -797 3602 2467
6 0.000 3 0 257 2 0 2 -822 3555 2445
5 0.000 1 0 256 4 -5 1 -785 3587 2405
6 0.000 1 0 257 2 1 0 -755 3607 2435
5 0.000 2 1 257 3 5 0 -827 3615 2410
6 0.000 0 2 254 2 0 -1 -802 3597 2415
5 0.000 1 0 256 4 -3 0 -775 3620 2435
5 0.000 0 0 256 3 0 1 -785 3582 2445
5 0.000 1 -1 254 4 0 -1 -802 3572 2425
5 0.000 1 1 255 2 1 0 -802 3597 2435
6 0.000 1 -1 258 2 2 1 -817 3582 2455
5 0.000 0 2 254 2 1 3 -812 3550 2450
7 0.000 1 2 258 2 2 1 -822 3592 2430
5 0.000 1 1 256 0 6 0 -827 3560 2440
6 0.000 2 -3 256 1 1 -2 -817 3597 2462
5 0.000 1 1 257 0 1 2 -792 3530 2467
6 0.000 -2 0 258 4 1 1 -807 3550 2445
5 0.000 0 1 255 -1 2 0 -827 3502 2455
6 0.000 0 1 253 3 2 1 -792 3597 2467
5 0.000 1 0 254 3 2 3 -740 3625 2445
6 0.000 3 0 254 6 0 3 -770 3582 2512
5 0.000 0 1 257 2 1 2 -775 3582 2400
6 0.000 1 4 254 2 -1 -3 -770 3625 2440
6 0.000 -1 1 254 -1 0 -2 -780 3555 2435
5 0.000 0 2 254 -1 -3 1 -780 3592 2450
6 0.000 0 1 259 1 -3 -1 -780 3577 2425
5 0.000 1 1 255 1 -1 3 -807 3577 2440
6 0.000 0 0 257 4 3 1 -802 3597 2440
5 0.000 1 1 255 3 1 0 -802 3535 2482
6 0.000 1 2 255 1 0 -2 -822 3535 2492
5 0.000 2 1 258 3 -1 2 -765 3555 2502
6 0.000 1 0 258 2 -1 2 -802 3635 2462
5 0.000 -1 0 258 2 3 1 -797 3620 2400
6 0.000 1 -1 254 0 5 3 -807 3560 2477
5 0.000 0 3 254 0 1 3 -775 3512 2467
6 0.000 1 1 255 0 2 1 -780 3565 2492
5 0.000 1 1 256 3 -1 -1 -822 3582 2450
6 0.000 -1 2 255 0 0 2 -812 3560 2420
5 0.000 1 0 256 4 -1 0 -827 3565 2425
6 0.000 0 3 255 2 1 1 -792 3587 2467
5 0.000 2 2 255 1 3 0 -745 3560 2440
5 0.000 0 2 257 2 0 2 -780 3587 2507
5 0.000 1 1 258 -1 3 2 -775 3530 2462
5 0.000 2 0 256 1 -2 2 -765 3597 2507
7 0.000 1 0 255 1 -2 -1 -775 3560 2502
5 0.000 -1 2 257 0 -2 3 -785 3550 2445
6 0.000 1 1 255 1 0 4 -802 3572 2502
5 0.000 1 1 256 2 2 2 -760 3592 2472
6 0.000 1 2 257 2 1 3 -802 3592 2435
5 0.000 0 1 255 5 4 2 -807 3592 2467
7 0.000 0 1 257 0 3 -3 -807 3572 2472
5 0.000 2 3 256 4 3 1 -770 3577 2482
6 0.000 0 2 254 4 1 1 -802 3560 2462
5 0.000 1 -1 257 1 2 -2 -812 3535 2497
6 0.000 1 1 257 5 1 2 -802 3565 2492
6 0.000 0 1 255 -1 -1 -1 -792 3560 2440
6 0.000 -1 2 257 4 2 -1 -855 3530 2410
5 0.000 2 -1 258 3 0 2 -832 3540 2467
5 0.000 0 3 256 -2 -2 1 -807 3577 2440
6 0.000 1 0 255 2 1 1 -797 3502 2477
5 0.000 0 3 256 5 1 3 -812 3550 2445
6 0.000 -1 3 255 3 4 0 -780 3582 2477
5 0.000 1 2 260 3 1 1 -722 3572 2455
6 0.000 0 3 254 3 2 1 -755 3555 2440
5 0.000 2 1 254 0 0 1 -660 3607 2430
6 0.000 0 1 256 2 -1 2 -822 3545 2440
6 0.000 1 1 256 3 0 -2 -837 3565 2482
6 0.000 2 0 255 1 3 2 -822 3560 2445
5 0.000 0 0 255 5 2 0 -807 3602 2472
6 0.000 -1 2 259 2 1 -2 -865 3582 2430
5 0.000 0 2 255 3 2 2 -870 3560 2472
7 0.000 1 0 256 -2 -1 -1 -837 3572 2435
5 0.000 0 -1 256 -1 0 3 -807 3560 2455
6 0.000 1 0 253 2 -3 1 -817 3572 2455
5 0.000 -1 3 259 3 -2 3 -802 3577 2440
5 0.000 1 2 256 1 3 1 -797 3555 2477
5 0.000 0 2 255 1 1 -1 -775 3592 2420
5 0.000 0 1 256 4 2 1 -792 3565 2440
6 0.000 1 0 259 1 1 3 -780 3625 2472
5 0.000 2 -2 254 0 2 0 -707 3560 2517
6 0.000 1 2 253 1 0 2 -792 3572 2415
5 0.000 -1 1 258 3 2 -1 -802 3560 2455
7 0.000 1 1 255 7 1 1 -745 3625 2450
5 0.000 1 0 254 4 3 0 -802 3587 2440
6 0.000 0 1 254 2 1 3 -837 3560 2467
5 0.000 0 2 255 0 2 1 -807 3530 2455
6 0.000 1 0 256 3 3 -2 -822 3572 2472
6 0.000 0 0 257 2 -2 -4 -860 3592 2472
6 0.000 3 1 252 5 2 -1 -792 3615 2487
5 0.000 -1 2 255 -1 0 -3 -792 3620 2435
6 0.000 0 0 257 3 2 3 -822 3530 2462
5 0.000 2 -1 253 4 -1 -1 -827 3572 2472
5 0.000 2 1 257 2 3 1 -812 3597 2435
6 0.000 2 2 258 4 0 1 -792 3517 2477
5 0.000 1 2 256 4 -1 0 -802 3517 2487
6 0.000 3 1 255 -1 7 0 -792 3565 2462
5 0.000 1 2 255 -1 -1 0 -822 3565 2467
6 0.000 0 4 256 3 -1 5 -812 3587 2482
6 0.000 3 -1 255 1 -3 1 -785 3587 2430
6 0.000 1 0 256 4 -1 1 -832 3640 2430
5 0.000 0 2 255 2 2 1 -817 3597 2455
6 0.000 1 -1 255 -1 0 2 -855 3565 2455
5 0.000 1 1 255 2 0 2 -802 3560 2472
6 0.000 -1 1 256 4 1 1 -802 3517 2472
5 0.000 1 0 257 0 4 1 -807 3560 2462
6 0.000 3 1 257 1 0 2 -797 3555 2455
5 0.000 1 2 256 0 4 3 -802 3565 2462
6 0.000 2 -2 256 3 0 0 -785 3602 2462
5 0.000 1 0 256 -2 2 -2 -817 3572 2435
7 0.000 1 -1 256 2 0 0 -812 3540 2445
6 0.000 1 2 254 4 3 2 -807 3560 2450
5 0.000 1 0 253 -1 1 0 -802 3550 2415
6 0.000 0 2 256 2 0 -3 -807 3587 2507
6 0.000 2 2 255 4 -1 0 -807 3550 2435
6 0.000 2 2 256 3 4 0 -797 3535 2482
5 0.000 3 -1 255 3 -2 1 -785 3535 2487
5 0.000 1 2 257 2 -2 0 -842 3517 2502
6 0.000 2 2 254 4 -3 0 -775 3545 2420
5 0.000 0 1 256 2 -1 -3 -842 3545 2425
6 0.000 -1 2 258 2 0 2 -755 3525 2455
5 0.000 1 -1 256 2 1 -1 -827 3560 2472
6 0.000 0 2 255 1 0 2 -817 3530 2492
5 0.000 1 -2 255 4 1 -1 -837 3550 2522
6 0.000 0 2 253 1 -3 1 -770 3582 2462
5 0.000 0 1 255 3 1 0 -822 3535 2477
6 0.000 3 0 254 5 3 -2 -842 3540 2502
5 0.000 0 0 255 3 1 1 -817 3560 2455
5 0.000 1 3 254 1 -3 3 -792 3545 2497
6 0.000 -2 3 256 3 -4 -3 -812 3602 2450
6 0.000 1 0 257 0 1 1 -807 3587 2450
6 0.000 2 3 257 2 3 1 -775 3615 2472
5 0.000 1 0 254 3 1 1 -822 3607 2467
1 0.000 1 0 254 3 1 1 -822 3607 2467
5 0.000 1 1 255 3 0 2 -797 3577 2477
6 0.000 1 1 258 2 3 2 -807 3555 2462
