7 0.014 2 -3 258 -2 2 -5 2997 342 1457
5 0.000 1 -2 257 1 2 3 3035 317 1385
6 0.000 1 -1 259 3 -2 3 3022 322 1412
6 0.000 2 -3 255 1 -1 0 3080 375 1452
5 0.000 0 0 256 1 -1 7 3022 342 1437
6 0.000 0 -2 253 2 -4 7 3007 370 1490
5 0.000 1 -2 256 3 -2 2 3035 317 1402
6 0.000 2 -1 260 0 1 2 3060 310 1447
6 0.000 3 -1 257 1 -1 5 3012 337 1457
6 0.000 2 -1 255 3 1 2 3045 305 1402
5 0.000 1 -1 258 2 3 -3 3065 337 1397
6 0.000 2 0 260 4 1 1 3050 267 1390
5 0.000 1 0 258 3 1 2 3022 357 1447
6 0.000 0 0 258 3 -1 -1 3090 337 1417
5 0.000 3 -4 257 1 -2 0 3035 407 1422
6 0.000 0 1 258 0 1 -1 3012 357 1422
5 0.000 1 -1 256 0 1 0 3002 385 1412
6 0.000 3 0 256 -2 0 3 3002 370 1412
5 0.000 0 -1 256 1 1 5 3022 327 1432
7 0.000 1 -2 255 0 3 3 3002 352 1412
5 0.000 1 -2 257 2 0 2 3002 342 1470
6 0.000 1 -2 253 -2 4 9 2997 317 1402
5 0.000 0 -1 256 0 -2 5 3045 342 1432
6 0.000 1 -1 258 4 1 3 3055 370 1475
5 0.000 2 -1 257 -2 -4 4 3060 337 1500
6 0.000 1 0 256 2 -1 -2 2997 337 1390
5 0.000 1 -1 258 1 -1 4 3065 285 1385
6 0.000 1 -3 258 1 1 -2 3050 357 1350
5 0.000 1 -3 255 1 1 7 3045 342 1417
5 0.000 1 -2 258 -2 -2 2 3017 322 1355
7 0.000 0 -1 258 4 -3 -4 3017 347 1407
5 0.000 -1 0 258 0 0 -7 3040 317 1422
6 0.000 2 -1 255 0 -2 -10 3035 337 1447
5 0.000 1 -2 260 0 -4 -7 3002 327 1422
6 0.000 0 -2 257 -3 -1 -12 3040 337 1470
6 0.000 3 -3 257 4 -3 -10 3045 310 1442
5 0.000 1 -2 258 1 1 -11 3007 337 1390
6 0.000 2 -1 257 3 -3 -8 3035 337 1407
5 0.000 2 -1 258 -6 -1 -5 3027 385 1452
6 0.000 3 -3 258 -4 -4 0 3012 370 1480
5 0.000 2 1 255 0 3 6 3055 342 1437
6 0.000 2 -2 257 -2 -5 9 3050 300 1457
5 0.000 1 -2 260 1 -3 15 3007 305 1465
5 0.000 3 0 254 1 1 23 3040 365 1427
5 0.000 2 -2 251 -2 17 30 3022 390 1432
5 0.000 1 -3 257 -3 27 40 3007 365 1485
7 0.000 -15 -6 255 25 -54 18 3055 322 1427
5 0.000 4 9 288 19 -54 -4 3002 385 1390
5 0.000 8 -8 258 -1 -60 -52 3027 400 1422
6 0.000 8 -6 255 -25 -51 -133 3017 385 1427
6 0.014 27 -21 259 20 -34 -182 3027 347 1465
6 0.000 10 -8 258 -3 -27 -213 2997 385 1442
5 0.000 -2 -3 261 28 -83 -250 2997 385 1442
6 0.014 -17 2 280 8 -169 -291 3055 342 1345
6 0.014 -39 -7 268 16 -197 -307 3055 357 1402
6 0.014 -43 -9 260 15 -203 -295 3065 417 1390
6 -0.014 -38 -7 254 32 -205 -262 3002 412 1427
5 0.000 -31 -5 259 50 -213 -208 3060 437 1385
5 -0.014 -25 4 253 52 -232 -131 3055 437 1360
5 0.000 -22 4 258 61 -260 -35 3045 485 1385
6 -0.014 2 1 279 75 -321 59 3050 497 1370
6 -0.014 12 6 277 122 -407 136 3090 447 1360
5 0.000 0 -5 268 150 -474 218 3060 475 1330
5 0.000 -10 -5 272 189 -506 283 3097 512 1292
6 0.000 0 -4 263 243 -585 320 3107 507 1307
6 0.000 1 -5 258 275 -642 347 3142 470 1255
5 0.014 2 3 262 307 -712 328 3122 442 1240
5 0.000 11 -2 267 309 -772 318 3180 407 1182
5 0.000 13 8 267 290 -818 285 3165 412 1172
6 0.000 12 11 262 233 -850 268 3165 370 1157
6 0.000 15 10 256 174 -866 246 3160 417 1090
5 0.000 29 16 255 92 -847 230 3262 417 1080
6 0.000 30 16 249 8 -840 207 3290 412 1007
6 0.000 30 19 256 -86 -820 173 3262 400 1017
6 -0.014 27 16 257 -159 -847 129 3300 442 970
5 0.000 32 11 263 -229 -891 99 3290 370 897
5 0.000 34 3 263 -296 -969 72 3337 370 820
6 0.000 40 -2 270 -341 -1040 74 3362 342 850
6 0.000 46 -8 263 -391 -1106 93 3362 352 782
6 0.000 42 0 259 -438 -1138 103 3382 365 752
5 0.014 43 0 253 -498 -1199 141 3367 365 690
5 0.000 35 0 233 -585 -1179 162 3425 380 675
6 0.000 53 6 256 -639 -1219 159 3420 352 652
6 0.000 40 11 261 -727 -1244 158 3455 322 565
6 0.000 29 11 267 -736 -1224 151 3455 357 507
5 0.000 46 3 249 -756 -1263 143 3472 332 472
5 0.000 35 5 241 -808 -1309 154 3525 305 367
5 0.000 49 3 260 -813 -1312 155 3540 295 320
6 0.000 48 -4 253 -849 -1418 194 3545 267 227
6 0.014 53 -12 257 -817 -1458 201 3575 327 285
6 0.000 36 -18 219 -771 -1607 184 3550 267 202
5 0.000 74 -15 288 -749 -1562 196 3592 280 145
5 0.000 79 -28 261 -763 -1684 168 3545 232 102
5 0.000 60 -30 205 -787 -1644 155 3545 232 -60
5 0.000 78 -31 171 -755 -1586 104 3612 262 -55
5 0.000 87 -23 233 -685 -1617 109 3607 167 -165
6 0.000 99 -38 231 -660 -1644 91 3632 215 -285
6 0.000 100 -26 231 -678 -1614 72 3602 185 -315
7 0.000 81 -22 216 -655 -1609 74 3690 167 -387
6 0.000 97 -41 187 -501 -1536 41 3627 227 -565
6 0.000 111 -40 199 -478 -1487 26 3680 200 -617
7 -0.014 126 -112 173 99 -906 -258 3690 185 -637
6 -0.014 115 -91 37 220 -1144 -213 3670 195 -705
6 0.000 104 -63 148 377 -923 -317 3622 247 -757
6 0.000 87 -25 179 451 -926 -376 3670 247 -752
5 0.000 149 -39 233 515 -879 -340 3655 285 -872
5 -0.014 162 -8 242 439 -948 -251 3675 310 -882
5 0.000 164 -16 251 377 -1014 -164 3637 337 -872
5 0.000 155 -18 227 323 -1054 -115 3660 327 -1012
5 0.014 114 -17 191 193 -1176 -133 3670 300 -1042
5 0.000 230 -68 264 301 -1049 -238 3637 370 -1132
5 0.000 145 -35 181 174 -1021 -228 3655 352 -1137
5 0.000 151 -40 162 132 -966 -280 3582 352 -1235
5 0.000 155 -41 169 116 -910 -296 3592 385 -1267
5 0.000 157 -41 188 138 -927 -304 3632 412 -1282
5 0.014 161 -38 198 131 -938 -293 3607 417 -1322
5 0.000 157 -32 190 132 -928 -285 3607 407 -1402
5 0.000 163 -29 196 153 -937 -262 3570 437 -1422
6 0.000 164 -21 196 162 -926 -250 3560 507 -1412
6 0.000 159 -12 187 164 -921 -233 3560 470 -1465
6 0.000 162 -17 185 175 -919 -228 3570 527 -1557
6 0.000 165 -20 184 176 -913 -228 3535 532 -1625
6 0.000 167 -22 185 183 -907 -230 3540 522 -1645
6 0.000 175 -26 179 173 -902 -233 3535 565 -1667
6 0.000 178 -22 182 146 -898 -232 3487 497 -1667
6 0.000 180 -19 180 142 -896 -238 3455 532 -1722
5 0.000 178 -17 173 131 -889 -241 3450 575 -1790
6 0.000 179 -19 171 147 -886 -236 3497 555 -1837
5 0.000 182 -13 172 150 -895 -226 3430 607 -1875
5 0.000 181 -13 173 152 -902 -226 3445 607 -1847
5 0.000 182 -14 172 149 -920 -242 3455 587 -1900
5 0.000 182 -9 171 146 -935 -248 3487 555 -1942
5 0.000 183 -8 170 134 -947 -253 3367 607 -2062
5 0.000 185 -6 166 140 -957 -247 3337 650 -2122
5 0.000 189 -4 160 160 -947 -229 3347 635 -2107
6 0.000 190 -4 162 186 -925 -208 3300 617 -2190
6 0.000 190 -7 159 214 -920 -191 3300 655 -2232
7 0.000 192 -9 158 247 -930 -176 3272 650 -2232
6 0.000 213 -11 147 258 -938 -103 3237 677 -2290
6 0.000 197 -4 151 228 -940 -54 3205 692 -2320
5 0.000 202 -5 151 252 -911 -80 3210 655 -2357
5 0.000 207 -13 145 283 -811 -139 3252 687 -2387
6 0.000 205 -3 141 265 -775 -136 3180 697 -2435
5 0.000 211 0 151 256 -787 -132 3200 697 -2445
5 0.000 201 3 153 243 -835 -135 3142 677 -2477
6 0.000 195 3 151 245 -881 -149 3107 692 -2565
6 0.000 194 3 148 256 -906 -173 3160 665 -2560
7 0.000 200 10 145 259 -899 -174 3070 687 -2637
6 0.000 211 16 140 238 -883 -171 3050 670 -2690
6 0.000 220 18 139 223 -798 -111 3045 712 -2690
5 0.000 314 26 29 24 -670 156 2970 682 -2700
5 0.000 225 -19 101 59 -616 59 3007 682 -2737
6 0.000 206 -2 117 4 -626 35 2950 660 -2795
6 0.014 222 5 138 22 -612 34 2960 645 -2762
6 0.000 208 11 131 15 -602 27 2945 677 -2835
5 0.000 221 4 118 35 -578 45 2915 702 -2815
5 0.000 221 5 110 56 -545 57 2920 660 -2820
6 0.000 220 5 120 90 -516 66 2882 677 -2850
6 0.000 220 9 118 99 -517 64 2925 670 -2872
5 0.000 216 5 127 88 -507 61 2825 692 -2940
5 0.014 219 3 128 79 -523 60 2830 677 -2970
5 0.000 214 0 127 69 -551 51 2820 712 -2975
6 0.000 217 4 118 57 -563 48 2835 645 -3002
6 0.000 222 3 118 45 -564 45 2782 692 -3012
5 0.000 224 5 113 44 -557 38 2772 682 -3052
5 0.014 225 5 116 29 -540 30 2732 650 -3047
6 0.000 226 3 105 19 -521 25 2715 660 -3042
6 0.000 227 4 110 8 -508 20 2732 670 -3060
6 0.000 224 3 109 -3 -493 18 2685 622 -3132
5 0.000 224 3 113 -7 -483 14 2670 602 -3147
6 0.000 224 6 110 -14 -487 11 2670 627 -3162
6 0.000 222 6 115 -22 -492 4 2622 592 -3210
5 0.000 223 5 118 -26 -515 6 2600 670 -3137
6 0.000 222 3 116 -21 -556 9 2637 612 -3195
6 0.000 221 3 114 -12 -597 18 2560 640 -3182
6 0.000 220 6 111 15 -642 28 2585 670 -3262
6 0.000 223 5 113 16 -663 33 2590 677 -3267
5 0.014 223 8 111 3 -681 42 2537 635 -3335
6 0.000 226 10 109 12 -691 23 2532 650 -3345
6 0.000 226 12 105 -4 -702 19 2512 660 -3307
6 0.000 227 9 102 -14 -726 18 2455 622 -3355
5 0.000 228 7 96 -27 -747 17 2440 612 -3345
5 -0.014 227 5 97 -30 -768 12 2422 602 -3365
5 0.000 230 6 97 -36 -789 16 2335 640 -3370
6 0.000 228 5 98 -48 -809 8 2340 670 -3380
5 0.000 229 4 96 -63 -826 4 2325 665 -3460
5 0.000 230 3 83 -68 -891 8 2240 645 -3505
6 0.000 232 2 85 -52 -912 17 2225 602 -3495
6 0.000 235 3 80 -48 -918 17 2200 655 -3547
6 0.000 236 3 78 -57 -917 14 2142 650 -3610
5 0.000 239 7 71 -66 -914 10 2142 640 -3610
5 0.000 239 5 68 -75 -911 7 2085 677 -3645
5 0.000 238 5 68 -84 -928 10 2002 660 -3692
6 0.000 236 0 64 -89 -941 10 1965 677 -3692
6 0.000 239 -1 58 -83 -958 12 1980 687 -3677
5 0.000 242 1 59 -86 -958 12 1927 660 -3682
5 0.000 240 3 53 -81 -955 17 1917 655 -3750
6 0.000 243 4 48 -81 -941 17 1850 650 -3822
6 0.000 243 5 44 -67 -924 17 1812 682 -3827
5 0.000 243 2 43 -59 -914 17 1797 692 -3812
5 0.000 245 2 43 -58 -918 21 1700 687 -3932
6 0.000 246 2 41 -57 -899 22 1642 627 -3932
6 0.000 247 3 40 -66 -874 24 1662 635 -3927
6 0.000 246 4 41 -85 -852 18 1615 712 -3932
5 0.000 246 7 34 -91 -840 17 1600 735 -3952
5 0.000 247 6 28 -99 -827 16 1542 682 -3972
6 0.000 246 6 29 -100 -832 14 1505 687 -3990
6 0.000 246 5 25 -106 -831 14 1480 677 -3942
6 0.000 242 5 23 -117 -828 15 1412 692 -3990
5 0.000 245 5 16 -139 -841 13 1380 702 -4062
6 0.000 244 9 12 -183 -849 15 1292 687 -4057
6 0.000 246 9 11 -224 -857 12 1282 682 -4057
6 0.000 244 11 12 -266 -873 13 1277 677 -4057
6 0.000 244 8 15 -303 -891 15 1260 702 -4097
5 0.000 245 6 17 -340 -894 17 1172 682 -4082
5 0.000 242 5 11 -352 -912 21 1150 702 -4125
6 -0.014 245 4 2 -343 -914 24 1100 772 -4145
6 0.000 247 3 0 -327 -890 26 1067 765 -4175
5 0.000 258 0 -9 -290 -823 63 1015 735 -4170
5 -0.014 296 -67 -30 -147 -130 -17 967 765 -4175
5 0.000 207 -13 -38 30 88 -31 1000 772 -4165
5 -0.028 218 16 -3 122 231 49 1015 782 -4145
6 0.000 235 20 41 146 53 12 962 755 -4185
6 0.000 245 1 21 140 -63 0 985 745 -4150
5 0.000 235 12 27 88 -54 8 967 745 -4185
6 -0.014 250 5 10 54 -10 -6 957 755 -4180
6 0.000 250 5 -1 32 30 4 980 730 -4150
5 0.000 248 6 2 15 8 7 957 707 -4165
6 -0.028 246 2 -2 24 -12 4 990 735 -4160
6 0.000 249 4 0 10 24 1 1037 730 -4160
6 0.000 250 4 5 3 20 2 995 755 -4180
5 0.000 248 5 7 -6 20 2 947 717 -4185
6 0.000 248 2 11 0 7 -4 990 792 -4165
5 -0.014 246 3 13 -1 -13 4 1000 740 -4207
6 0.000 247 1 13 6 -27 0 1000 702 -4150
6 0.000 249 3 6 6 -31 1 990 750 -4175
5 0.000 248 2 4 8 -28 -2 985 725 -4165
6 0.000 248 1 7 21 -22 0 942 765 -4222
5 0.000 249 5 9 39 -5 -1 980 712 -4180
5 0.000 248 3 5 53 11 2 975 750 -4170
6 0.000 246 3 5 64 18 2 952 682 -4217
5 0.000 248 3 5 69 4 3 927 692 -4260
6 0.000 247 3 5 72 -3 2 985 687 -4217
5 0.000 249 4 5 67 -6 -1 957 697 -4192
6 0.000 248 3 6 71 -7 1 980 717 -4232
6 0.000 247 2 8 74 -4 4 1000 697 -4180
6 0.000 247 3 6 84 3 2 1020 735 -4180
5 0.000 247 3 9 94 1 3 1015 677 -4237
6 0.000 248 3 8 95 8 1 990 687 -4192
5 0.000 248 3 8 91 17 0 1005 697 -4222
7 0.000 247 4 6 85 8 4 1000 677 -4212
5 0.000 247 6 7 66 0 2 1000 702 -4207
6 0.000 247 5 5 48 1 2 1000 725 -4180
5 0.000 248 4 1 30 3 0 990 725 -4160
5 0.000 250 5 2 9 14 -1 980 702 -4170
6 0.000 246 4 5 -6 20 0 1005 702 -4192
6 0.000 249 4 6 2 21 1 990 707 -4197
6 0.000 248 5 10 3 14 7 967 677 -4165
5 0.000 247 3 15 -1 6 1 952 687 -4192
6 0.000 249 3 10 -8 -4 -3 967 692 -4160
5 0.000 249 3 7 -1 -3 3 980 670 -4197
7 0.000 247 4 6 -1 3 1 995 697 -4180
5 0.000 249 3 4 0 9 0 952 677 -4217
6 0.000 248 3 5 3 15 2 980 660 -4192
5 0.000 248 4 8 -2 9 -1 962 677 -4202
6 0.000 249 3 8 0 -1 5 957 665 -4207
5 0.000 247 4 8 0 -1 1 1020 682 -4217
6 0.000 248 4 8 0 4 1 1042 682 -4207
5 0.000 249 3 8 0 5 -3 957 707 -4247
6 0.000 247 3 6 0 15 1 942 687 -4207
5 0.000 248 4 8 -2 17 5 942 717 -4170
6 0.000 247 4 7 3 13 4 1020 677 -4237
6 0.000 249 4 7 -2 9 4 990 670 -4197
6 0.000 246 4 10 3 4 4 1000 692 -4202
5 0.000 249 3 7 1 -2 0 1047 682 -4197
6 0.000 249 2 11 1 2 3 967 712 -4130
5 0.000 248 2 7 -3 -1 2 1005 712 -4180
6 0.000 250 3 7 1 7 0 1000 660 -4175
5 0.000 249 4 8 1 2 1 1010 682 -4185
5 0.000 247 4 8 10 -1 5 985 687 -4170
6 0.000 247 5 12 5 -9 -1 1000 687 -4197
5 0.000 248 2 8 -4 -9 1 1000 692 -4165
6 0.000 249 4 6 -1 -3 4 1042 712 -4140
0 0.000 249 4 6 -1 -3 4 1042 712 -4140
6 0.000 248 2 6 1 6 1 980 665 -4180
5 0.000 247 3 9 -7 14 -2 1015 670 -4222
6 0.000 249 3 12 4 4 5 1010 712 -4197
7 0.000 247 3 7 -1 -8 4 995 707 -4175
5 0.000 247 4 6 3 -3 0 985 697 -4197
6 0.000 246 3 1 0 2 3 1005 687 -4212
5 0.000 247 4 3 -2 5 -2 1000 645 -4165
6 0.000 247 4 9 1 8 5 1010 707 -4217
5 0.000 249 3 7 4 6 4 1000 670 -4160
7 0.000 246 3 10 -2 1 1 1000 682 -4192
5 0.000 248 3 9 -3 -4 0 975 730 -4232
6 0.000 247 3 7 -4 -2 4 985 677 -4197
6 0.000 248 3 9 0 1 0 980 707 -4192
5 0.000 248 2 8 0 3 2 1000 697 -4207
5 0.000 250 4 6 -1 4 1 995 740 -4175
5 0.000 247 4 9 -2 1 -1 1000 707 -4207
6 0.000 248 4 6 2 -2 -2 995 707 -4165
5 0.000 248 4 6 1 -3 5 980 692 -4212
6 0.000 247 3 9 -1 3 2 995 660 -4207
5 0.000 249 3 7 0 1 1 975 725 -4217
6 0.000 249 2 7 0 2 3 980 697 -4175
5 0.000 248 4 6 1 6 1 1015 677 -4165
6 0.000 249 3 9 -1 6 2 990 682 -4192
5 0.000 247 3 7 -3 1 2 962 702 -4145
6 0.000 246 3 7 -6 -2 1 967 697 -4160
6 0.000 247 4 8 -2 -1 3 980 692 -4150
6 0.000 250 3 7 -1 1 2 957 717 -4175
5 0.000 248 4 7 -2 5 3 975 712 -4180
6 0.000 248 3 6 -3 3 3 962 677 -4155
5 0.000 248 3 8 0 -1 4 942 670 -4217
6 0.000 247 3 7 -1 -5 0 975 692 -4222
5 0.000 248 4 9 1 1 3 967 682 -4202
6 0.000 248 4 8 0 -2 3 962 677 -4232
5 0.000 248 3 6 -1 4 -1 990 682 -4227
6 0.000 249 5 6 -2 7 4 1000 655 -4170
5 0.000 248 3 6 -2 3 1 1032 677 -4175
2 0.000 248 3 6 -2 3 1 1032 677 -4175
5 0.000 247 3 8 -1 4 0 990 682 -4212
6 0.000 247 4 7 -3 -1 0 1020 655 -4170
5 0.000 249 3 9 -3 0 2 1025 627 -4150
6 0.000 248 2 8 2 -1 2 995 665 -4202
5 0.000 249 3 6 1 2 1 1005 665 -4192
7 0.000 249 3 10 -3 5 2 1015 660 -4170
5 0.000 247 3 5 2 0 -1 1000 687 -4180
6 0.000 248 3 8 5 -3 0 952 670 -4197
5 0.000 249 4 8 -1 3 2 1032 677 -4217
6 0.000 249 4 6 -1 -3 4 1000 692 -4232
6 0.000 247 4 7 -1 -1 4 995 725 -4207
5 0.000 247 2 7 1 4 -1 1020 702 -4197
6 0.000 248 6 7 0 4 -2 985 735 -4197
5 0.000 249 4 8 0 0 5 1025 660 -4192
6 0.000 247 4 8 1 3 -2 1020 682 -4180
5 0.000 247 4 6 -2 -1 3 1020 702 -4135
6 0.000 248 4 4 -2 -2 2 937 697 -4197
5 0.000 250 3 9 -2 1 -1 1000 670 -4150
6 0.000 249 2 10 0 2 3 985 645 -4207
5 0.000 246 4 8 -2 2 0 1037 692 -4270
6 0.000 247 5 8 0 2 0 1000 707 -4227
6 0.000 249 3 7 0 0 2 1010 677 -4242
6 0.000 251 2 9 -1 -1 1 985 677 -4192
5 0.000 248 3 9 0 1 2 1010 660 -4165
6 0.000 250 4 9 -1 0 1 947 627 -4207
5 0.000 248 3 9 2 0 1 990 712 -4165
7 0.000 250 4 7 -1 -1 3 1010 650 -4275
5 0.000 246 3 9 -1 2 2 1005 645 -4222
6 0.000 248 3 9 -2 3 0 1005 682 -4192
5 0.000 247 3 7 1 -1 3 1000 635 -4160
6 0.000 247 4 8 0 2 4 1000 677 -4160
5 0.000 248 4 6 -4 -2 -1 995 650 -4140
6 0.000 248 2 8 0 -1 1 1020 665 -4207
6 0.000 250 4 8 -2 2 1 985 677 -4207
5 0.000 249 4 7 -2 0 -1 985 687 -4192
6 0.000 248 4 9 -3 -2 3 1000 677 -4222
5 0.000 248 2 8 -1 -4 2 1005 682 -4202
7 0.000 251 2 8 0 1 2 995 687 -4212
5 0.000 246 4 6 2 1 -2 1010 697 -4192
6 0.000 248 5 8 3 -1 1 995 697 -4260
5 0.000 248 4 7 -2 2 1 1032 697 -4227
6 0.000 249 3 7 -1 3 -1 995 697 -4197
5 0.000 247 5 8 7 1 1 1020 660 -4165
6 0.000 249 4 9 -3 1 1 962 677 -4202
5 0.000 248 4 6 -1 3 1 962 730 -4175
6 0.000 248 4 8 -2 -2 3 962 712 -4222
5 0.000 249 4 7 1 0 3 947 692 -4160
6 0.000 249 3 7 4 -1 2 985 677 -4192
5 0.000 246 4 8 -1 2 1 1010 670 -4165
6 0.000 248 3 5 2 3 2 980 712 -4180
5 0.000 248 3 7 2 -1 2 1000 702 -4197
6 0.000 247 4 7 -2 2 3 990 707 -4165
5 0.000 247 2 8 -1 2 0 1000 712 -4180
7 0.000 250 3 13 -1 0 1 995 702 -4202
5 0.000 248 4 5 0 -1 1 967 677 -4180
6 0.000 249 4 7 -1 -2 2 942 740 -4185
5 0.000 247 5 9 -1 0 -2 962 730 -4237
6 0.000 246 3 6 -4 0 3 1020 670 -4155
5 0.000 248 3 6 -3 2 2 975 692 -4185
7 0.000 247 3 7 -4 1 2 1000 682 -4107
5 0.000 248 4 6 -1 2 0 985 677 -4180
6 0.000 247 3 8 0 3 1 962 687 -4202
5 0.000 247 3 9 -1 1 1 967 735 -4212
6 0.000 249 5 6 1 -1 -1 1032 682 -4217
6 0.000 248 4 6 -1 2 1 985 687 -4155
6 0.000 248 2 7 1 3 -3 1062 677 -4135
5 0.000 249 4 6 -2 3 0 985 692 -4212
6 0.000 248 4 6 -1 1 -1 995 697 -4192
5 0.000 249 3 5 0 4 -1 975 687 -4202
6 0.000 248 3 7 1 4 2 1000 665 -4192
5 0.000 248 4 6 -2 0 3 980 697 -4185
6 0.000 248 4 8 -1 1 2 1020 740 -4207
5 0.000 248 3 10 -1 -1 0 980 697 -4207
5 0.000 247 3 6 -3 0 2 1025 682 -4207
6 0.000 249 5 8 0 1 0 985 677 -4185
5 0.000 247 5 7 -1 2 1 967 645 -4222
6 0.000 248 4 6 -3 4 2 962 677 -4212
5 0.000 247 3 7 -1 -2 -5 980 677 -4222
6 0.000 247 4 6 4 2 -1 1000 697 -4197
6 0.000 249 4 9 2 -1 6 990 687 -4180
1 0.000 249 4 9 2 -1 6 990 687 -4180
5 0.000 247 4 6 2 1 -2 1005 707 -4192
5 0.000 248 2 7 -3 -1 0 1000 665 -4217
6 0.000 247 4 7 0 2 -1 1047 717 -4175
5 0.000 249 3 8 2 0 1 980 712 -4207
7 0.000 247 3 8 -2 1 2 990 660 -4175
5 0.000 248 3 10 -1 0 4 1010 692 -4175
6 0.000 246 3 6 -1 2 2 980 650 -4175
5 0.000 250 3 6 2 5 3 980 677 -4237
6 0.000 246 3 7 1 7 -2 1005 677 -4202
6 0.000 249 4 8 -4 4 2 1000 697 -4185
6 0.000 247 4 6 3 2 0 995 707 -4192
5 0.000 247 5 4 4 5 3 995 735 -4145
6 0.000 247 3 10 -1 2 -1 980 755 -4155
5 0.000 248 4 5 3 0 -2 1015 640 -4202
6 0.000 248 4 6 0 4 0 975 692 -4180
6 0.000 250 2 8 -1 3 4 990 677 -4175
6 0.000 247 2 8 2 0 3 1015 682 -4207
5 0.000 247 3 7 -1 3 -1 1032 692 -4197
6 0.000 248 3 7 0 -1 3 975 627 -4212
5 0.000 246 4 3 -1 -5 0 1010 682 -4222
7 0.000 249 4 9 -1 -1 4 1000 677 -4232
5 0.000 247 3 9 0 3 1 985 677 -4212
6 0.000 247 4 8 2 0 -1 1010 677 -4192
5 0.000 247 4 8 -1 -2 3 985 677 -4165
6 0.000 248 4 8 0 -4 -1 980 697 -4192
5 0.000 249 3 11 2 -2 2 1005 702 -4185
5 0.000 248 3 7 1 0 2 1000 712 -4180
6 0.000 247 3 7 -2 0 1 990 677 -4165
5 0.000 247 5 7 -1 5 0 995 670 -4192
6 0.000 247 5 5 0 -1 3 990 670 -4180
5 0.000 249 5 7 -1 0 3 1000 707 -4150
