5 0.000 0 1 257 -1 1 -1 3055 -137 1407
6 0.000 1 -1 256 -1 0 1 3045 -137 1422
5 0.000 0 -1 255 1 5 0 3017 -157 1470
6 0.000 0 0 258 -2 2 3 3035 -147 1432
5 0.000 1 -2 253 -2 3 -2 3022 -87 1417
6 0.000 1 -1 256 0 0 -2 3055 -110 1412
5 0.000 1 0 257 -2 0 0 3060 -72 1390
6 0.000 0 -1 257 -1 0 -2 3022 -120 1437
5 0.000 -1 -1 257 -4 -1 -1 2997 -62 1432
5 0.000 -1 1 257 -1 -1 0 3035 -95 1390
6 0.000 -1 0 255 2 2 -3 3027 -72 1335
5 0.000 2 -1 256 0 -3 0 3035 -77 1422
7 0.000 2 -1 258 -1 -2 0 3065 -67 1432
5 0.000 1 1 257 -2 0 3 3055 -67 1417
6 0.000 -1 0 255 -1 3 1 2992 -110 1397
5 0.000 0 0 257 0 2 3 3002 -72 1422
6 0.000 0 2 257 0 2 -1 3050 -52 1427
6 0.000 1 -1 257 0 -1 -2 3002 -120 1360
6 0.000 1 0 258 0 2 -1 3017 -137 1380
5 0.000 0 -1 258 -1 2 -1 3065 -100 1390
6 0.000 1 -1 257 -2 -2 -5 3055 -67 1422
6 0.000 0 1 257 0 -3 -6 3050 -40 1437
5 0.000 1 0 258 -4 -1 1 3055 -105 1390
7 0.000 1 1 257 1 -3 -1 3040 -57 1452
5 0.000 1 0 255 1 1 3 3027 -95 1397
6 0.000 0 0 256 -1 0 0 3002 -77 1452
5 0.000 0 -1 257 -2 0 -2 3040 -62 1417
6 0.000 0 1 255 1 0 1 3040 -67 1442
6 0.000 0 0 257 1 -4 2 3027 -72 1407
5 0.000 0 0 257 -1 -1 2 3002 -47 1402
5 0.000 1 0 255 1 5 -2 3022 -57 1402
6 0.000 1 1 255 -2 -2 -2 3050 -82 1390
5 0.000 1 1 257 6 1 -1 3070 -87 1417
7 0.000 0 0 255 -3 5 3 3060 -87 1375
5 0.000 0 1 256 1 1 1 3060 -35 1360
6 0.000 1 -1 253 0 -2 -1 3070 -77 1407
5 0.000 0 0 254 1 -2 2 3112 -57 1422
6 0.000 2 -1 253 1 0 -3 3080 -115 1432
5 0.000 1 0 255 0 -2 -2 3060 -82 1442
7 0.000 -1 -2 255 1 -1 4 3070 -142 1447
5 0.000 1 -2 255 3 1 1 3040 -77 1480
6 0.000 2 -1 257 2 0 0 3022 -110 1432
5 0.000 0 -1 257 -1 -1 3 3017 -105 1427
6 0.000 1 0 257 -2 -3 -1 3017 -105 1397
6 0.000 1 0 256 -2 2 0 3045 -77 1437
6 0.000 -2 0 255 -1 2 -1 3070 -72 1437
5 0.000 0 0 257 3 -2 2 3097 -67 1417
6 0.000 0 0 255 0 1 2 3027 -87 1412
5 0.000 -1 1 260 -1 -2 1 3012 -105 1422
5 0.000 2 0 255 -4 1 0 3017 -57 1417
5 0.000 1 0 259 0 -1 1 3080 -110 1397
5 0.000 1 1 257 -2 4 3 3017 -77 1457
5 0.000 -1 1 257 0 0 1 3022 -167 1457
5 0.000 1 1 255 -1 -3 -1 3012 -87 1432
5 0.000 -2 0 259 2 2 0 3050 -120 1407
5 0.000 -2 0 256 3 7 2 2987 -100 1407
6 0.000 -7 -1 259 0 2 -1 3055 -82 1432
5 0.000 -4 2 258 1 -3 3 3085 -95 1442
6 0.000 -1 1 259 0 -3 0 3090 -67 1422
5 0.000 -2 1 260 0 -9 0 3107 -87 1412
7 0.000 0 1 256 -2 -2 1 3040 -95 1407
5 0.000 0 0 257 3 -3 -5 3035 -100 1380
6 0.000 0 0 257 1 0 -10 3065 -120 1417
5 0.000 -3 1 252 1 -5 -3 3090 -67 1407
6 0.000 4 3 256 0 -4 -6 3035 -77 1452
6 -0.028 3 2 257 -1 -1 -6 3055 -130 1427
5 0.000 4 -3 257 0 4 -1 3065 -67 1407
6 0.000 3 -2 255 2 0 -12 3050 -100 1397
5 0.000 3 1 257 0 -4 -19 3022 -142 1475
6 0.000 4 0 256 -4 -2 -22 3060 -120 1402
6 0.000 3 0 254 -8 6 -23 3007 -105 1397
5 0.000 1 1 255 3 22 -25 3027 -72 1412
6 0.000 -4 -1 255 4 8 -22 3050 -77 1437
5 0.000 -6 -2 262 -4 -15 -16 3012 -77 1412
5 0.000 -6 1 259 -2 -29 -11 3045 -40 1452
6 0.000 -1 0 258 12 -23 -22 3035 -62 1437
6 0.000 2 3 253 2 -21 -18 3060 -62 1457
5 0.000 6 -2 257 5 -20 -19 3040 -67 1427
6 0.000 5 0 255 0 -20 -24 3045 -95 1422
5 0.000 2 -2 253 4 -17 -35 3040 -67 1437
5 -0.014 2 -3 260 10 -91 -67 3085 0 1397
5 0.000 6 -2 257 17 -96 -60 3055 -25 1390
7 -0.014 8 -3 256 21 -88 -63 3060 0 1370
5 0.000 8 2 259 18 -80 -64 3065 -25 1432
5 0.000 4 4 256 15 -89 -68 3102 0 1427
6 0.000 3 2 260 10 -93 -71 3097 5 1380
5 0.000 0 1 257 5 -89 -75 3060 -10 1385
7 0.000 -2 3 253 9 -94 -76 3107 30 1365
5 0.014 6 12 267 14 -97 -88 3090 20 1390
5 -0.014 1 3 266 15 -113 -98 3142 40 1365
6 0.000 -2 1 258 19 -123 -116 3090 30 1355
6 0.000 -6 0 256 38 -131 -137 3107 15 1375
5 -0.014 -3 -1 261 60 -133 -150 3107 20 1380
5 0.000 0 -2 261 69 -164 -143 3040 0 1292
6 0.000 -1 0 254 44 -168 -119 3080 72 1355
5 -0.014 5 0 254 43 -151 -97 3085 47 1312
5 0.000 4 1 254 55 -150 -58 3112 52 1330
6 0.000 7 3 248 65 -137 -45 3102 47 1330
7 -0.014 5 4 255 79 -148 -41 3137 72 1307
5 0.000 3 6 258 78 -166 -42 3132 87 1297
6 0.000 5 4 263 83 -192 -46 3112 77 1330
6 0.000 5 -1 260 87 -215 -43 3075 57 1287
5 0.000 14 -6 256 93 -234 -21 3132 95 1267
7 -0.014 10 -5 262 91 -272 -10 3170 100 1272
6 0.000 11 -5 262 100 -271 -8 3170 125 1277
6 0.000 14 6 253 145 -267 -12 3165 82 1225
5 0.000 12 10 253 158 -254 -2 3185 130 1205
6 0.000 10 8 255 156 -259 4 3165 77 1182
6 0.000 7 8 256 158 -268 -3 3160 77 1235
6 0.000 2 9 253 163 -272 -11 3205 147 1172
5 0.000 7 8 254 151 -296 -6 3175 147 1152
5 -0.014 13 9 260 121 -298 13 3222 147 1177
7 0.000 20 7 250 109 -297 33 3210 162 1157
6 0.000 24 7 252 107 -287 41 3205 157 1120
5 0.000 13 3 241 122 -272 38 3200 190 1137
5 0.000 14 7 253 153 -278 22 3210 137 1142
6 0.000 13 5 256 166 -291 10 3247 167 1085
6 -0.014 23 15 255 23 -437 105 3337 157 970
6 0.000 23 15 252 -8 -458 112 3357 185 950
5 0.000 33 13 262 -45 -493 119 3337 185 877
5 0.000 30 10 258 -70 -528 101 3320 177 882
6 0.000 31 18 270 -101 -565 76 3337 152 872
6 0.014 26 25 263 -123 -603 63 3357 162 810
5 0.000 32 19 259 -155 -640 48 3342 157 772
6 0.000 36 20 259 -190 -670 38 3352 152 747
6 0.000 38 17 256 -234 -693 39 3405 185 772
6 0.000 41 16 257 -282 -700 37 3435 157 695
5 0.000 40 14 255 -330 -723 40 3400 157 695
5 0.000 47 13 255 -407 -733 47 3400 172 627
7 -0.014 42 14 247 -454 -749 54 3425 172 642
6 0.000 46 11 252 -497 -763 65 3440 142 607
5 0.000 44 10 250 -531 -767 70 3477 142 545
5 0.000 45 7 251 -550 -802 68 3472 162 527
6 0.000 51 6 257 -565 -818 58 3477 100 517
7 0.000 53 5 249 -556 -853 51 3512 125 477
5 0.014 56 1 250 -561 -871 58 3530 110 435
5 0.000 58 1 248 -556 -871 57 3582 115 430
6 0.000 58 -3 240 -529 -866 59 3487 105 410
6 0.000 60 -6 237 -510 -888 65 3535 110 315
5 0.000 71 -9 238 -486 -825 62 3502 95 275
5 0.000 67 -10 240 -447 -807 54 3540 82 252
6 0.000 67 -15 233 -403 -783 49 3560 52 190
6 0.000 74 -18 236 -369 -764 52 3560 77 195
5 0.000 77 -19 235 -333 -756 62 3555 95 127
5 0.000 80 -19 236 -311 -751 70 3575 62 102
7 0.000 82 -18 237 -284 -752 84 3587 72 77
6 0.000 83 -21 239 -265 -746 94 3592 105 67
5 0.000 83 -22 237 -257 -753 98 3602 95 45
5 0.000 82 -20 232 -241 -750 102 3560 30 30
6 0.000 87 -20 234 -233 -748 93 3570 95 0
7 0.000 92 -20 236 -225 -751 90 3627 30 -107
5 0.000 90 -24 235 -215 -755 80 3637 40 -112
5 0.000 90 -21 237 -201 -757 72 3617 52 -165
5 0.000 90 -18 233 -180 -756 58 3665 40 -170
6 0.000 94 -16 233 -162 -747 52 3670 47 -190
7 0.000 97 -15 231 -156 -741 49 3622 15 -207
5 0.000 100 -15 234 -150 -731 52 3695 40 -270
5 0.000 100 -16 221 -144 -762 55 3680 40 -300
5 0.000 98 -10 221 -164 -760 54 3637 30 -295
6 0.000 110 -17 240 -162 -779 54 3660 0 -377
6 0.000 111 -22 228 -146 -806 44 3660 0 -445
5 0.000 113 -23 231 -143 -818 38 3655 35 -445
5 0.014 109 -25 224 -139 -843 36 3645 30 -492
5 0.000 114 -26 227 -129 -838 49 3650 47 -517
6 0.000 116 -24 221 -122 -828 64 3670 57 -590
7 0.000 117 -21 219 -115 -816 65 3637 62 -555
6 0.000 118 -22 220 -104 -810 56 3702 10 -632
5 0.000 122 -22 221 -101 -816 41 3670 52 -665
5 0.000 119 -22 220 -103 -857 27 3670 30 -742
5 0.000 144 -33 218 -128 -805 23 3670 52 -767
6 0.000 132 -27 219 -111 -814 16 3655 47 -777
7 0.000 131 -29 215 -92 -817 6 3670 52 -787
6 0.000 131 -28 214 -77 -815 -11 3655 25 -877
5 0.000 129 -28 206 -98 -802 -15 3627 47 -917
5 0.000 134 -26 214 -111 -791 -15 3655 25 -970
5 0.000 135 -25 212 -117 -794 -13 3655 52 -970
5 0.000 137 -24 210 -131 -795 -20 3690 95 -1032
6 0.000 136 -25 209 -134 -797 -29 3637 87 -1075
6 0.000 135 -26 207 -128 -807 -34 3670 40 -1110
6 0.000 138 -27 208 -125 -806 -33 3645 87 -1115
6 0.000 163 -31 210 -93 -774 -23 3632 40 -1147
6 0.000 141 -23 176 -93 -784 -13 3627 57 -1182
5 0.000 156 -32 195 -127 -767 -12 3632 77 -1187
5 0.000 146 -23 199 -79 -586 -48 3632 105 -1235
5 0.000 115 -51 125 199 -627 -173 3597 100 -1292
5 -0.014 158 -13 197 164 -477 -130 3597 137 -1322
6 0.000 166 -17 215 157 -549 -60 3597 115 -1355
5 0.000 169 -33 208 148 -610 -40 3597 105 -1340
6 0.000 156 -35 192 172 -602 -53 3607 130 -1380
6 0.000 151 -30 189 180 -572 -62 3632 142 -1407
6 0.000 160 -22 190 180 -557 -58 3597 130 -1402
7 0.000 166 -18 192 174 -550 -56 3602 137 -1475
6 0.000 164 -15 195 151 -545 -65 3597 205 -1427
5 0.000 160 -12 195 139 -548 -85 3587 172 -1515
5 0.000 160 -13 196 125 -556 -106 3592 120 -1592
5 0.000 164 -14 193 121 -577 -114 3575 177 -1557
5 0.000 164 -23 187 135 -608 -132 3565 157 -1655
5 0.000 172 -21 194 135 -605 -112 3582 162 -1655
5 0.000 174 -15 185 118 -599 -83 3587 157 -1717
5 0.000 176 -16 180 128 -574 -57 3507 195 -1745
6 0.000 176 -11 175 137 -538 -42 3545 152 -1755
5 0.000 177 -11 173 149 -493 -21 3482 172 -1765
5 -0.014 180 -13 176 151 -464 -1 3487 185 -1785
5 0.000 181 -16 179 137 -447 6 3472 215 -1807
6 0.000 181 -16 178 112 -448 -1 3450 177 -1822
7 0.000 176 -21 183 91 -469 -15 3487 177 -1870
6 0.000 174 -20 183 69 -516 -40 3520 167 -1885
6 0.000 174 -15 184 50 -535 -61 3507 220 -1942
5 0.000 173 -11 181 39 -546 -85 3507 227 -1942
5 0.014 170 -6 178 38 -556 -119 3400 167 -1937
6 0.000 165 -6 169 33 -570 -157 3415 190 -1952
5 0.000 169 -8 173 52 -580 -183 3430 205 -1982
6 0.000 180 -9 173 60 -596 -180 3387 190 -2015
6 0.000 183 -8 171 61 -624 -156 3400 237 -2045
6 0.000 189 -11 170 81 -663 -128 3392 257 -2082
6 0.000 188 -9 170 86 -682 -109 3387 280 -2087
5 0.000 191 -6 169 93 -695 -98 3352 275 -2140
5 -0.014 190 -6 161 105 -682 -84 3377 280 -2145
5 0.000 196 -3 162 95 -681 -69 3372 252 -2202
5 0.000 192 -6 158 104 -673 -76 3352 285 -2170
5 0.000 191 -7 155 111 -669 -90 3362 242 -2270
6 0.000 190 -4 149 119 -674 -114 3337 252 -2285
6 0.000 186 4 154 118 -684 -148 3362 290 -2305
6 0.000 186 4 156 109 -696 -188 3237 262 -2395
5 0.000 187 2 159 97 -705 -215 3232 262 -2332
5 0.000 186 4 159 104 -707 -239 3227 275 -2372
5 0.000 186 2 153 112 -715 -263 3267 290 -2467
5 0.000 184 -4 146 130 -719 -290 3237 237 -2440
5 0.000 184 -4 143 179 -685 -333 3180 247 -2512
6 0.000 195 -4 150 210 -658 -314 3185 295 -2535
6 0.000 218 -10 164 194 -629 -249 3137 332 -2540
6 0.000 221 -15 166 167 -646 -150 3127 305 -2555
6 0.000 219 -12 156 110 -691 -90 3117 352 -2570
6 0.000 199 -15 138 119 -646 -122 3132 322 -2612
6 0.000 197 1 139 117 -588 -156 3132 342 -2622
5 0.000 205 2 134 128 -554 -145 3090 262 -2642
6 0.000 215 1 142 124 -555 -115 3080 327 -2637
5 0.000 212 1 146 115 -558 -105 3022 337 -2647
5 0.000 210 -6 136 105 -528 -108 3007 337 -2742
6 0.000 208 -4 129 105 -491 -132 3040 357 -2800
6 0.000 213 -8 133 102 -491 -127 3040 375 -2777
7 0.000 214 -5 137 101 -515 -116 3007 352 -2795
6 0.000 210 -4 138 110 -527 -84 2970 352 -2820
6 0.000 277 23 174 -25 -503 103 2977 370 -2845
5 0.000 217 -20 159 130 -539 21 2970 337 -2840
5 0.000 215 -2 146 39 -517 60 2930 365 -2882
6 0.000 215 -7 134 69 -569 30 2960 352 -2912
6 0.000 214 4 123 40 -572 45 2940 342 -2950
6 0.000 218 -2 123 42 -584 32 2887 337 -2965
5 0.000 214 2 125 29 -582 39 2907 337 -2985
5 0.000 214 6 128 18 -554 22 2887 370 -2960
7 0.000 219 7 125 10 -527 20 2825 400 -2980
6 0.000 218 3 121 15 -513 21 2820 342 -3007
5 0.000 215 4 126 27 -511 26 2795 305 -3027
5 0.000 216 4 122 39 -512 39 2800 375 -3047
5 0.000 219 3 117 60 -517 50 2752 322 -3042
7 0.000 221 4 112 79 -531 56 2767 337 -3115
6 0.000 222 3 113 83 -544 58 2732 290 -3147
5 0.000 220 5 112 72 -547 50 2720 337 -3120
5 0.000 222 7 114 56 -562 42 2700 347 -3127
6 0.000 221 7 110 42 -588 37 2695 310 -3142
7 0.014 221 6 110 21 -627 29 2632 310 -3210
5 0.000 219 7 108 9 -661 20 2627 342 -3220
5 0.000 223 3 108 8 -700 28 2637 347 -3277
6 0.000 223 -3 105 16 -734 33 2585 352 -3292
6 0.000 221 -4 106 21 -754 31 2590 337 -3350
5 0.000 221 0 108 11 -794 29 2512 305 -3330
6 0.000 222 4 110 0 -813 22 2532 337 -3392
6 0.000 225 10 104 -35 -800 12 2502 310 -3325
6 0.000 229 9 95 -61 -779 0 2512 327 -3385
5 -0.014 232 10 91 -73 -763 -2 2470 327 -3452
5 0.000 235 6 85 -75 -744 -8 2402 295 -3452
6 0.000 235 6 84 -74 -724 -8 2422 305 -3485
6 0.000 234 4 82 -66 -726 -3 2367 342 -3495
6 0.000 233 3 85 -60 -749 1 2335 357 -3595
5 0.000 233 4 85 -57 -766 4 2262 385 -3587
5 0.000 232 3 84 -53 -776 7 2225 375 -3595
7 0.000 234 2 79 -49 -788 13 2230 375 -3587
6 0.000 235 2 75 -42 -799 14 2215 365 -3582
5 0.014 237 -1 69 -35 -793 16 2190 337 -3625
5 0.000 237 3 70 -30 -792 18 2152 357 -3730
6 0.000 237 2 71 -27 -784 18 2127 352 -3682
6 0.000 238 5 67 -20 -782 22 2095 337 -3725
5 0.000 237 6 64 -18 -786 22 2095 375 -3717
5 0.000 239 5 68 -17 -793 23 2047 337 -3765
6 0.000 241 5 52 -6 -772 28 1932 380 -3802
6 0.000 244 1 51 8 -751 29 1850 385 -3880
5 0.000 244 3 50 15 -736 24 1850 375 -3852
6 0.000 244 4 46 6 -718 24 1835 365 -3880
5 0.000 241 5 53 9 -712 26 1777 327 -3910
5 0.000 242 6 50 5 -717 26 1740 342 -3915
6 0.000 240 6 52 -1 -729 24 1777 305 -3900
6 0.000 241 4 53 2 -747 23 1750 337 -3880
5 0.000 242 3 46 3 -765 30 1677 357 -3927
6 0.000 241 2 47 17 -775 28 1667 357 -3977
6 0.000 239 5 41 27 -792 29 1605 310 -3995
5 0.000 242 5 37 40 -802 31 1590 322 -4020
5 0.000 244 4 37 39 -806 30 1505 342 -4035
6 0.000 243 5 38 25 -802 27 1547 332 -4035
5 0.000 244 7 40 -1 -798 28 1465 337 -4077
5 0.000 237 5 44 -20 -823 22 1432 275 -4145
6 0.000 239 7 43 -36 -871 28 1432 262 -4087
7 0.000 237 8 38 -52 -910 27 1390 300 -4165
5 0.000 238 7 38 -85 -955 25 1327 347 -4155
5 0.014 239 11 27 -113 -1001 27 1277 370 -4180
5 0.000 236 13 18 -157 -1049 27 1192 337 -4185
5 0.000 237 16 16 -208 -1107 25 1202 357 -4197
7 0.000 234 13 9 -248 -1166 25 1082 357 -4252
6 0.000 234 11 10 -318 -1243 34 1020 327 -4265
6 0.000 372 15 -18 -333 -1080 172 967 395 -4275
6 -0.014 309 -144 -119 -300 -655 13 975 370 -4270
6 -0.014 261 -3 -49 -152 -393 -24 942 390 -4300
6 0.000 243 -5 -50 8 -225 -1 880 395 -4275
5 -0.028 267 6 -29 66 -18 -3 850 417 -4315
6 0.000 271 -14 -34 75 190 4 880 427 -4342
6 -0.028 257 -6 -20 140 341 -4 875 417 -4322
6 -0.028 259 -6 -16 181 525 -18 900 352 -4327
5 -0.014 249 -6 -14 251 651 -44 942 352 -4280
5 -0.014 264 9 -16 315 416 86 912 385 -4305
5 -0.028 255 10 -6 260 -121 -29 985 337 -4270
5 -0.014 279 31 31 68 -129 19 995 352 -4237
6 0.000 258 9 8 -20 -71 -18 952 310 -4265
5 0.000 256 11 -6 -76 -9 -13 975 280 -4285
5 0.000 250 6 -12 -118 22 -2 932 352 -4290
6 -0.014 245 14 19 -139 36 4 905 380 -4252
6 0.000 256 9 22 -159 39 1 957 365 -4260
5 0.000 250 8 23 -149 22 4 927 407 -4232
6 -0.014 243 3 8 -122 2 0 947 357 -4275
7 0.000 247 4 7 -93 -21 0 942 417 -4265
5 0.014 247 4 3 -80 -27 1 922 395 -4202
6 0.000 248 3 4 -67 -16 -3 942 395 -4322
5 0.000 248 4 0 -48 1 -3 942 385 -4275
5 0.000 248 4 -1 -29 8 2 905 390 -4322
7 0.000 246 3 0 -8 13 1 927 407 -4305
5 -0.014 246 6 9 8 5 2 937 380 -4322
6 0.000 247 5 10 1 -3 3 942 352 -4280
0 0.000 247 5 10 1 -3 3 942 352 -4280
6 0.000 246 4 10 2 -15 -4 922 417 -4295
5 0.000 247 5 8 2 -14 4 942 417 -4322
7 0.000 248 5 7 6 -14 3 895 400 -4300
5 0.000 246 3 6 -1 -14 -4 937 390 -4285
5 0.000 248 5 9 1 -14 -1 922 385 -4270
6 0.000 247 4 6 2 -8 -5 980 427 -4275
5 0.000 249 5 6 7 -4 -3 947 385 -4305
6 0.000 246 2 6 19 -5 -6 957 370 -4270
5 0.000 247 4 6 27 0 0 890 385 -4270
6 0.000 251 6 5 24 9 4 927 365 -4322
5 0.000 248 5 0 23 14 3 942 395 -4212
6 0.000 246 6 1 12 19 -1 985 370 -4207
5 0.000 248 7 7 -4 24 3 985 400 -4227
7 0.000 247 4 4 -3 26 1 947 385 -4232
5 0.000 247 5 7 -4 28 4 947 395 -4280
6 0.000 247 7 9 -1 11 1 937 365 -4280
5 0.000 247 4 6 -4 10 -3 957 390 -4305
5 0.000 247 5 10 -1 2 4 927 412 -4290
7 0.000 246 2 7 -1 -3 2 952 370 -4285
5 0.000 246 5 6 -4 2 1 900 417 -4315
6 0.000 247 5 7 -1 5 1 947 400 -4300
5 0.000 248 4 4 1 13 2 917 375 -4295
6 0.000 248 5 7 -2 16 4 937 432 -4300
5 0.000 248 4 9 -2 9 2 895 385 -4260
6 0.000 250 6 13 -1 12 3 962 395 -4237
5 0.000 244 2 10 1 7 1 942 407 -4247
6 0.000 246 4 7 1 -13 2 900 437 -4265
5 0.000 249 5 7 0 -9 -2 860 375 -4265
6 0.000 247 4 2 5 0 2 967 407 -4305
6 0.000 249 4 5 -2 0 -1 985 365 -4260
6 0.000 246 4 5 -3 10 0 952 400 -4242
5 0.000 245 4 5 4 7 2 937 390 -4300
6 0.000 246 5 8 -1 -4 2 917 390 -4300
5 0.000 247 5 9 -1 -3 2 917 437 -4337
6 0.000 247 5 9 2 -4 0 905 385 -4275
5 0.000 248 5 4 0 -1 0 947 422 -4300
6 0.000 247 4 8 -1 4 0 917 427 -4280
5 0.000 247 6 5 -1 8 1 927 427 -4300
6 0.000 246 5 8 0 3 0 922 417 -4217
5 0.000 245 6 10 -1 -1 -1 957 380 -4247
7 0.000 246 4 7 1 -2 2 927 400 -4247
5 0.000 247 5 5 -1 -8 -1 900 407 -4280
6 0.000 246 5 4 0 -2 0 937 357 -4260
5 0.000 248 4 8 -4 3 -2 922 380 -4300
6 0.000 248 4 6 -1 3 3 917 370 -4310
6 0.000 247 4 6 2 5 -2 922 417 -4270
6 0.000 246 5 7 3 4 1 967 407 -4285
5 0.000 245 5 10 2 -2 -4 927 400 -4290
6 0.000 245 5 7 1 -5 2 927 390 -4322
7 0.000 248 4 6 0 -3 3 942 390 -4275
5 0.000 247 5 6 3 3 -1 957 370 -4260
6 0.000 247 4 8 1 4 -3 952 357 -4237
5 0.000 247 5 6 -1 2 0 947 400 -4247
6 0.000 248 4 7 4 -3 -2 962 385 -4290
5 0.000 249 4 8 -3 -3 -3 912 395 -4260
7 0.000 248 5 8 0 -4 0 952 385 -4295
5 0.000 247 3 6 1 -1 2 937 395 -4242
6 0.000 248 2 3 -1 2 -1 975 390 -4275
5 0.000 247 4 5 2 4 4 947 422 -4280
6 0.000 247 4 7 1 1 2 890 432 -4237
6 0.000 247 4 6 -1 0 4 957 412 -4275
6 0.000 245 3 6 2 -2 0 937 385 -4227
5 0.000 245 5 6 -1 -1 -3 957 327 -4322
6 0.000 247 4 7 -1 -1 0 927 380 -4342
5 0.000 246 5 6 0 1 3 937 365 -4322
6 0.000 245 5 3 1 2 2 922 370 -4260
5 0.000 247 4 5 -2 2 1 985 370 -4300
6 0.000 248 4 8 4 3 1 952 400 -4252
5 0.000 247 4 6 2 1 3 942 375 -4270
6 0.000 248 4 9 0 1 2 985 380 -4252
5 0.000 249 5 5 1 1 -1 980 365 -4270
7 0.000 247 5 5 3 2 0 937 365 -4310
5 0.000 248 5 7 1 4 3 917 365 -4322
6 0.000 246 5 9 2 1 2 905 357 -4285
5 0.000 246 5 6 -2 2 -1 937 395 -4327
6 0.000 246 4 9 2 0 -2 922 357 -4280
6 0.000 248 4 4 -2 0 2 962 422 -4322
6 0.000 246 6 8 5 -1 1 957 385 -4295
5 0.000 248 5 6 1 6 -1 905 400 -4327
6 0.000 246 3 7 -2 4 -3 905 370 -4285
5 0.000 247 4 6 1 0 -1 922 407 -4305
6 0.000 248 4 9 -2 0 3 952 352 -4275
6 0.000 245 4 6 0 -1 3 985 380 -4280
6 0.000 246 4 3 -2 0 2 967 380 -4275
5 0.000 246 5 6 1 1 -1 927 365 -4322
6 0.000 248 5 8 0 1 2 967 395 -4280
5 0.000 248 5 10 -1 0 2 957 380 -4285
7 0.000 247 4 7 1 -1 -1 942 380 -4290
5 0.000 246 4 7 -2 1 1 947 395 -4285
6 0.000 247 5 6 4 1 1 937 400 -4270
5 0.000 246 4 5 2 2 2 900 352 -4290
5 0.000 245 5 10 -4 -1 -1 917 347 -4270
5 0.000 247 5 6 -4 3 -2 927 370 -4252
6 0.000 247 6 9 0 -1 -1 952 455 -4290
5 0.000 248 4 7 1 -1 4 975 442 -4332
6 0.000 247 5 5 2 2 1 937 400 -4270
5 0.000 247 3 7 -2 0 1 957 400 -4295
6 0.000 249 4 9 -1 -1 -2 927 400 -4265
6 0.000 249 4 10 -1 -4 -2 922 370 -4252
6 0.000 248 5 8 -2 3 2 957 390 -4290
5 0.000 246 4 4 3 5 -2 942 370 -4285
6 0.000 246 5 8 0 4 -2 842 400 -4310
5 0.000 247 5 4 2 -2 2 957 390 -4315
6 0.000 247 4 5 1 3 1 1005 342 -4327
5 0.000 246 4 6 -1 1 2 967 332 -4315
6 0.000 248 4 6 2 1 3 932 412 -4310
5 0.000 248 5 7 2 4 3 967 370 -4237
6 0.000 247 4 9 2 2 4 957 357 -4280
5 0.000 247 5 7 4 4 2 957 447 -4247
7 0.000 246 4 8 -1 3 -2 922 390 -4280
5 0.000 248 6 6 -1 -4 -2 912 390 -4300
6 0.000 248 4 6 -2 -3 -1 957 385 -4310
5 0.000 248 4 5 4 -3 -1 947 442 -4362
6 0.000 246 5 6 -3 3 0 917 400 -4285
6 0.000 246 5 8 -1 0 0 932 395 -4315
6 0.000 247 4 8 3 -2 1 957 412 -4270
5 0.000 246 3 4 1 -4 1 905 375 -4265
6 0.000 247 5 7 3 2 2 922 412 -4217
5 0.000 245 4 5 -2 -2 1 937 390 -4300
6 0.000 248 5 6 1 -1 1 947 375 -4300
5 0.000 249 5 4 -2 3 0 947 395 -4285
6 0.000 246 5 6 3 4 -1 932 380 -4300
5 0.000 246 5 7 -1 2 0 975 337 -4322
6 0.000 246 5 5 2 1 0 975 370 -4265
5 0.000 247 4 8 0 3 -2 937 342 -4265
7 0.000 245 5 6 -3 0 2 912 412 -4322
5 0.000 246 5 9 1 -3 -1 927 407 -4357
6 0.000 248 4 6 -1 -2 2 912 390 -4275
5 0.000 246 6 7 -1 -4 1 917 390 -4305
6 0.000 247 4 6 2 1 -2 952 337 -4332
5 0.000 248 5 6 -1 2 1 952 417 -4275
6 0.000 246 4 6 0 3 4 967 395 -4280
5 0.000 247 4 5 1 3 3 962 365 -4260
6 0.000 247 4 6 2 1 0 932 412 -4280
5 0.000 248 4 8 1 3 -4 942 385 -4322
6 0.000 248 4 6 0 4 2 937 385 -4290
6 0.000 247 5 8 0 3 1 937 422 -4300
6 0.000 246 5 7 -1 0 1 932 400 -4300
5 0.000 249 5 8 0 1 3 937 455 -4310
6 0.000 246 6 9 0 1 -1 922 385 -4295
5 0.000 247 5 6 4 1 -3 952 400 -4327
7 0.000 247 4 6 0 3 -2 957 432 -4270
5 0.000 247 5 7 0 3 4 962 412 -4285
6 0.000 246 5 6 0 4 1 990 422 -4280
5 0.000 248 4 8 -1 5 -1 932 427 -4265
6 0.000 247 5 9 -4 2 3 932 385 -4310
0 0.000 247 5 9 -4 2 3 932 385 -4310
7 0.000 247 4 8 -1 1 2 942 370 -4280
5 0.000 247 5 6 2 -3 1 952 395 -4285
6 0.000 247 4 8 1 1 1 922 337 -4280
5 0.000 246 5 5 2 0 -1 947 390 -4322
5 0.000 246 5 4 1 1 0 957 380 -4322
6 0.000 248 5 8 1 2 2 957 395 -4300
6 0.000 246 4 7 2 2 -1 962 380 -4275
6 0.000 247 4 7 1 -1 0 932 385 -4260
5 0.000 248 4 6 6 -2 2 952 407 -4332
6 0.000 246 4 5 1 -1 1 937 417 -4310
5 0.000 246 5 6 -2 5 1 962 347 -4322
7 0.000 247 5 7 2 -2 -2 937 385 -4275
6 0.000 247 4 6 -1 1 2 932 347 -4280
5 0.000 248 4 8 1 5 3 947 352 -4357
6 0.000 246 5 9 1 -4 2 947 365 -4280
6 0.000 248 4 6 -2 0 1 990 342 -4295
6 0.000 245 5 5 3 1 1 985 352 -4327
5 0.000 247 5 6 1 0 -1 975 385 -4332
6 0.000 247 4 7 0 2 4 962 460 -4290
5 0.000 247 5 4 0 2 -3 980 390 -4300
6 0.000 246 7 9 -1 0 -2 985 380 -4322
6 0.000 247 4 8 1 1 -2 947 390 -4275
6 0.000 247 5 7 2 3 1 900 385 -4337
5 0.000 249 4 6 4 1 0 942 390 -4347
6 0.000 248 5 9 4 -1 3 952 370 -4322
5 0.000 248 5 9 2 1 0 962 380 -4322
7 0.000 246 5 6 -3 -1 5 995 352 -4315
5 0.000 246 4 4 1 -4 4 947 395 -4322
6 0.000 247 4 6 0 -1 0 985 422 -4300
5 0.000 246 5 8 1 0 0 947 395 -4270
6 0.000 246 3 8 3 -6 0 932 390 -4280
5 0.000 249 5 5 2 -1 1 967 412 -4285
6 0.000 248 4 7 -2 3 -2 975 400 -4305
5 0.000 247 6 6 -1 -1 3 995 395 -4280
6 0.000 246 4 8 -1 4 3 922 365 -4285
5 0.000 247 4 8 0 1 1 927 347 -4295
6 0.000 247 3 7 0 1 -2 900 337 -4295
6 0.000 247 5 5 1 0 3 942 347 -4315
5 0.000 246 5 5 0 3 1 967 375 -4260
6 0.000 247 5 7 0 0 2 937 390 -4300
5 0.000 246 5 3 0 -1 3 917 337 -4285
6 0.000 247 4 7 -1 1 2 905 357 -4322
6 0.000 245 2 7 -2 2 1 952 380 -4305
6 0.000 246 3 5 -3 -3 -1 957 365 -4305
5 0.000 248 2 6 -1 -6 3 947 342 -4270
5 0.000 247 4 5 -2 2 3 912 332 -4285
5 0.000 248 3 7 1 -3 -2 947 417 -4305
5 0.000 248 5 10 1 0 1 922 370 -4237
7 0.000 246 4 8 0 0 -2 937 357 -4252
5 0.000 249 3 6 -2 4 -2 985 385 -4295
6 0.000 248 4 7 1 -1 -1 975 365 -4295
5 0.000 247 5 7 3 3 1 1000 417 -4327
6 0.000 247 4 5 2 -1 2 967 390 -4285
6 0.000 249 5 6 2 3 1 917 365 -4322
6 0.000 245 5 6 1 -3 0 990 357 -4285
5 0.000 248 3 6 0 0 0 952 380 -4247
5 0.000 246 4 4 -1 4 3 952 395 -4265
6 0.000 248 4 8 3 1 0 957 407 -4300
5 0.000 248 5 6 1 -1 -3 995 400 -4290
6 0.000 246 5 9 1 -2 -1 942 395 -4285
5 0.000 247 4 8 2 2 4 927 437 -4275
6 0.000 247 4 8 -2 2 -2 952 385 -4275
5 0.000 248 4 6 0 2 2 990 385 -4310
6 0.000 246 5 3 3 -1 2 905 395 -4285
6 0.000 248 5 10 -1 0 -1 895 342 -4322
5 0.000 246 6 7 0 4 0 975 412 -4305
5 0.000 247 6 6 -1 -1 -4 967 395 -4260
5 0.000 248 4 6 -4 1 0 922 407 -4342
6 0.000 246 4 8 -1 1 0 947 390 -4290
6 0.000 247 3 8 4 0 -1 952 385 -4315
6 0.000 249 4 6 0 0 -2 952 370 -4290
5 0.000 246 6 8 0 1 0 947 380 -4290
6 0.000 247 5 6 3 2 2 922 370 -4310
5 0.000 246 6 5 1 2 0 937 400 -4300
5 0.000 247 4 5 1 2 1 957 380 -4290
7 0.000 248 4 4 -1 0 -3 937 375 -4275
5 0.000 247 5 5 -1 3 2 912 375 -4247
5 0.000 246 5 6 3 0 -1 957 407 -4270
5 0.000 246 5 8 -1 -1 -4 947 385 -4242
5 0.000 247 5 6 -2 0 1 937 357 -4242
7 0.000 248 4 7 0 0 5 947 370 -4290
5 0.000 246 5 7 0 2 0 912 375 -4285
5 0.000 246 5 9 -2 3 -3 967 407 -4242
5 0.000 248 4 5 -2 -2 0 942 370 -4260
6 0.000 247 5 7 -1 1 1 922 357 -4260
5 0.000 247 4 5 1 -1 3 952 395 -4315
6 0.000 247 4 5 -2 4 2 952 357 -4300
5 0.000 247 5 4 1 1 0 932 390 -4265
5 0.000 248 4 4 0 1 -1 937 417 -4295
5 0.000 247 5 6 1 -3 2 905 407 -4275
5 0.000 248 3 5 -3 2 -1 957 390 -4315
6 0.000 246 4 7 -1 -2 1 952 380 -4300
6 0.000 246 5 5 0 2 1 967 390 -4295
5 0.000 245 4 6 3 2 1 947 412 -4305
5 0.000 246 6 7 1 -1 4 942 370 -4285
6 0.000 246 5 8 1 1 -1 937 412 -4237
6 0.000 248 5 6 -2 1 0 917 412 -4290
6 0.000 247 3 6 4 1 -1 905 400 -4275
5 0.000 246 4 7 1 3 -2 917 347 -4322
6 0.000 247 4 7 -6 1 1 937 375 -4310
5 0.000 247 3 8 3 0 0 937 412 -4310
