0.000 0 1 253 -2 -1 3 3525 982 1895
0.000 0 0 258 0 -2 3 3530 977 1915
0.000 2 -2 259 2 -2 3 3497 952 1915
0.000 0 -1 257 -1 1 0 3612 977 1942
0.000 0 -3 257 -6 0 2 3512 972 1895
0.000 -2 -3 256 -2 -2 -1 3560 1052 1925
0.000 0 -3 257 1 -2 2 3545 1025 1932
0.000 -1 0 250 -2 1 0 3582 1067 1915
0.000 0 1 259 0 -1 0 3540 972 1852
0.000 1 -3 257 1 -3 -2 3497 1000 1875
0.000 0 0 254 -2 -1 -2 3520 1042 1900
0.000 0 1 257 -4 -1 -2 3540 1000 1890
0.000 1 -1 256 -1 2 0 3520 1005 1967
0.000 1 0 254 3 -2 0 3530 1010 1905
0.000 1 -2 256 -1 0 3 3550 945 1942
0.000 1 -1 261 -2 -1 4 3555 987 1905
0.000 0 -1 260 4 -3 3 3520 1035 1937
0.000 1 0 256 0 5 5 3520 957 1875
0.000 4 -2 258 2 -4 -1 3535 930 1895
0.000 0 1 255 0 -1 -3 3555 935 1852
0.000 3 -3 255 -3 1 -2 3525 1005 1915
0.000 -1 -2 256 1 5 0 3520 987 1915
0.000 -1 1 251 0 -1 0 3487 977 1910
0.000 0 -1 255 4 0 2 3560 972 1890
0.000 2 -2 259 0 1 4 3520 1030 1925
0.000 -1 1 256 -4 -1 0 3525 977 1972
0.000 1 1 258 1 -5 0 3520 1010 1900
0.000 2 -1 255 2 -2 -3 3525 1010 1890
0.000 0 -4 261 -2 -2 0 3492 1030 1895
0.000 2 -2 257 0 -1 -1 3525 1010 1915
0.000 1 -1 255 -1 0 1 3570 962 1885
0.000 2 -1 259 4 1 5 3560 977 1890
0.000 -3 1 257 0 0 2 3540 982 1920
0.000 1 1 255 -2 -1 3 3560 1042 1920
0.000 -1 -2 257 1 -2 0 3545 1015 1910
0.000 1 -1 257 1 -4 1 3545 977 1895
0.000 1 -2 254 1 -1 -1 3512 1000 1900
0.000 2 -2 257 -1 -2 -1 3482 1010 1870
0.000 1 -1 254 3 2 -2 3507 1020 1937
0.000 3 -4 255 -3 -1 2 3512 1005 1865
0.000 0 -1 258 -5 -1 -1 3565 1000 1900
0.000 0 -1 254 2 4 1 3502 982 1920
0.000 0 -2 256 1 -1 4 3540 1010 1870
0.000 -2 -2 254 1 -3 1 3507 982 1870
0.000 -1 -1 257 1 1 1 3497 1010 1895
0.000 0 -1 253 0 -2 -2 3545 987 1870
0.000 2 -1 256 -3 0 0 3535 967 1875
0.000 -1 -2 260 0 -4 3 3520 967 1925
0.000 0 0 256 4 1 3 3507 995 1890
0.000 0 0 257 2 -1 -2 3512 987 1880
0.000 1 0 253 -1 2 0 3502 972 1915
0.000 1 -3 257 -3 -3 -1 3507 962 1880
0.000 -1 -2 259 3 -1 2 3472 995 1857
0.000 1 -1 259 -2 -3 2 3472 967 1880
0.000 0 0 257 3 -3 -1 3525 1000 1875
0.000 0 0 258 2 -1 3 3530 987 1890
0.000 0 -1 259 1 0 -1 3525 987 1895
0.000 0 -1 257 -1 -2 -1 3487 1005 1875
0.000 2 0 256 0 -2 4 3520 987 1895
0.000 1 1 255 2 -8 4 3545 995 1880
0.000 3 1 257 -3 -23 8 3525 957 1905
0.000 4 -2 257 -2 -26 11 3530 1005 1865
0.000 5 -2 258 4 -24 11 3545 1005 1932
0.000 4 0 256 1 -15 0 3535 967 1885
0.000 3 -5 256 -2 -9 1 3512 982 1895
0.000 1 -3 251 8 -14 2 3565 982 1952
0.000 4 -2 259 2 -19 3 3565 1057 1972
0.000 3 1 257 4 -26 11 3545 987 1972
0.014 2 2 253 3 -27 25 3535 962 1932
0.000 5 -1 255 2 -31 32 3540 987 1895
0.014 3 1 253 4 -31 42 3525 982 1865
0.000 7 -2 256 4 -39 55 3582 1042 1937
0.000 10 -5 261 2 -40 67 3525 1020 1852
0.000 8 -1 261 3 -37 78 3582 977 1885
0.014 11 1 252 3 -32 97 3565 1000 1942
0.000 15 0 259 -2 -17 113 3570 930 1890
0.014 17 -1 258 1 6 129 3555 915 1852
0.000 14 -1 253 -3 30 141 3602 920 1832
0.014 14 -2 257 0 46 138 3512 940 1880
0.028 9 0 256 -6 56 136 3530 962 1915
0.000 5 3 255 -7 51 120 3525 957 1900
0.014 3 2 259 8 35 98 3560 920 1910
0.014 0 -1 260 -4 -8 80 3520 977 1932
0.014 -1 -4 256 1 -53 62 3540 910 1910
0.014 4 0 260 1 -86 44 3502 930 1880
0.028 6 -3 262 3 -84 37 3560 940 1942
0.000 15 3 260 -1 -60 39 3545 915 1915
0.028 12 2 255 4 -37 33 3550 925 1900
0.014 17 0 255 2 -24 46 3575 935 1910
0.028 7 -3 250 4 1 61 3565 887 1932
0.028 17 -6 255 3 10 87 3565 935 1915
0.014 4 -2 253 4 27 103 3555 957 1880
0.028 4 -1 258 3 12 119 3560 882 1880
0.028 -1 1 253 -3 -5 128 3602 887 1910
0.014 -1 0 253 -8 -32 138 3555 862 1910
0.028 5 -4 257 1 -50 146 3545 897 1905
0.028 0 -2 257 -5 -61 144 3535 867 1895
0.014 -4 -2 258 -3 -76 138 3560 862 1900
0.028 -4 -2 255 6 -85 121 3570 862 1865
0.043 0 4 254 11 -73 104 3607 887 1865
0.014 3 4 256 6 -62 80 3560 830 1847
0.028 5 1 262 7 -59 65 3565 867 1857
0.014 8 -1 262 -2 -54 50 3525 845 1865
0.028 8 -4 256 -6 -34 44 3570 850 1842
0.014 12 -1 250 2 3 47 3582 835 1832
0.071 17 -1 252 7 90 69 3582 830 1837
0.028 16 -2 251 4 103 87 3545 820 1842
0.028 14 -1 256 2 112 93 3592 845 1870
0.014 12 2 255 -3 87 94 3570 815 1890
0.028 3 4 259 1 25 82 3587 845 1890
0.028 2 2 258 -21 -9 58 3602 840 1895
0.028 2 -1 246 -6 -34 26 3565 807 1885
0.043 5 -1 255 5 -23 -20 3535 782 1880
0.028 5 -3 254 5 -26 -57 3575 825 1915
0.043 8 -1 255 -4 -10 -87 3570 815 1857
0.028 9 -3 256 -1 0 -100 3617 797 1870
0.028 14 -1 254 4 18 -101 3622 835 1870
0.057 17 1 257 13 37 -89 3570 835 1865
0.028 17 2 259 3 58 -75 3545 840 1857
0.043 18 1 258 1 69 -56 3560 835 1890
0.043 16 2 261 -5 93 -47 3560 845 1852
0.028 15 1 258 -2 95 -46 3530 797 1920
0.057 9 1 253 -7 92 -56 3540 867 1890
0.043 7 -1 251 -6 91 -75 3550 867 1910
0.028 6 -1 256 0 89 -102 3535 862 1890
0.057 3 -2 259 11 94 -125 3555 855 1932
0.043 3 -2 252 7 60 -130 3535 867 1942
0.043 4 2 255 -6 30 -135 3550 882 1962
0.057 4 1 255 11 9 -132 3512 877 1925
0.043 8 1 265 1 -1 -118 3512 855 1920
0.057 10 -1 260 -7 3 -99 3497 897 1880
0.057 13 -1 252 2 11 -76 3535 855 1932
0.057 11 -2 264 6 20 -51 3535 910 1932
0.043 8 -2 256 1 36 -20 3535 892 1952
0.057 9 -1 258 -5 30 16 3512 915 1910
0.057 2 -7 254 8 29 42 3550 935 1937
0.057 2 -4 256 15 18 59 3512 915 1890
0.057 -1 2 253 7 7 60 3477 882 1915
0.057 1 3 253 1 -7 52 3512 892 1905
0.057 0 0 258 -3 -13 30 3502 887 1875
0.043 4 0 260 0 -4 1 3520 845 1957
0.057 1 3 261 -24 6 -29 3512 835 1915
0.057 4 4 260 -29 9 -55 3512 845 1920
0.085 1 2 258 -19 16 -71 3502 850 1925
0.071 5 -2 250 -17 20 -69 3550 872 1942
0.057 8 -5 250 -12 21 -46 3520 882 1952
0.057 5 -2 250 1 8 -18 3520 887 1957
0.057 5 0 253 -9 3 -1 3535 910 1932
0.057 5 1 249 -7 -4 21 3540 915 1932
0.071 -1 3 252 -16 5 27 3487 910 1952
0.057 -4 -3 258 4 17 19 3487 910 1947
0.057 17 -16 264 8 17 0 3497 920 1915
0.057 -10 -3 245 -27 -3 -5 3540 930 1987
0.071 -3 3 268 -9 -23 -19 3530 982 1952
0.057 -6 2 263 -1 -8 -20 3555 920 1925
0.085 -3 -3 264 -4 -23 -22 3530 930 1920
0.057 0 -4 253 -15 -7 -7 3560 962 1957
0.057 0 -3 250 -8 10 16 3520 887 1952
0.057 1 -3 253 10 37 56 3550 925 1932
0.057 -1 -4 256 13 62 106 3487 855 1900
0.057 0 -4 260 21 70 156 3530 915 1915
0.057 0 0 256 -8 61 203 3520 882 1947
0.043 -5 4 255 -8 34 235 3525 867 1925
0.071 -5 -1 262 -5 29 244 3507 872 1937
0.043 -5 4 259 5 61 224 3535 835 1920
0.071 4 -4 254 -15 114 198 3482 862 1905
0.043 -1 -7 245 8 168 151 3450 845 1977
0.057 0 -8 246 26 171 111 3440 845 1972
0.071 2 -1 264 1 179 57 3467 815 1982
0.057 0 0 257 22 166 45 3530 807 1967
0.043 3 2 259 24 154 39 3472 730 1957
0.057 2 5 257 11 141 47 3555 755 2035
0.057 6 0 256 7 140 64 3487 820 1967
0.057 8 -1 255 5 136 93 3482 797 1972
0.057 7 -3 256 10 141 118 3477 815 2035
0.057 6 0 258 6 138 122 3455 772 1982
0.057 0 3 256 11 133 112 3462 765 2015
0.057 -4 6 253 7 137 81 3497 792 2025
0.057 -4 6 253 -5 136 39 3492 772 1962
0.071 -6 -1 258 2 134 6 3502 772 2082
0.085 -9 -5 259 5 123 -50 3445 802 2005
0.071 -11 -5 257 9 111 -73 3450 782 2005
0.057 -9 -1 261 -6 96 -87 3455 815 2035
0.057 -8 0 259 -9 69 -77 3482 787 2035
0.071 -6 2 253 -6 47 -55 3430 782 2072
0.057 -3 1 255 5 39 -22 3445 782 2045
0.057 0 3 256 -14 34 -4 3445 807 2092
0.085 -4 1 252 -4 29 5 3445 807 2072
0.057 -5 1 254 14 48 -9 3455 815 2117
0.057 -5 -2 253 -2 57 -42 3462 782 2072
0.085 -7 3 248 -7 61 -79 3420 815 2087
0.057 -8 0 251 -6 48 -117 3420 772 2087
0.071 -14 -3 255 -2 48 -137 3405 777 2077
0.099 -17 -3 267 -10 14 -126 3420 787 2067
0.057 -20 -9 260 9 -10 -87 3435 840 2045
0.071 -14 -18 259 27 -21 -26 3430 872 2055
0.071 -10 -13 261 30 -31 53 3455 840 2097
0.071 -12 -9 259 27 -48 127 3445 840 2087
0.071 -6 2 248 19 -53 189 3455 855 2020
0.057 -2 3 244 32 -23 230 3377 820 2067
0.071 -6 5 245 34 15 229 3487 792 2077
0.071 -7 0 248 37 61 197 3405 792 2055
0.057 -8 1 252 30 87 145 3462 740 2050
0.057 -11 -2 254 36 101 93 3477 765 2117
0.057 -9 -2 252 37 105 43 3445 735 2102
0.070 -11 8 252 24 40 1 3415 735 2102
0.085 -11 9 247 26 3 16 3445 755 2135
0.057 -5 1 265 1 -43 33 3430 702 2107
0.071 -24 2 251 20 -69 36 3425 797 2102
0.071 -2 -8 254 21 -94 44 3450 777 2077
0.071 -11 -5 249 39 -75 50 3430 787 2097
0.071 -11 -1 250 43 -70 56 3487 730 2067
0.071 -8 -24 253 55 -125 3 3467 760 2045
0.057 0 -12 205 65 -138 38 3487 750 2035
0.085 -83 11 169 43 -276 16 3420 760 2045
0.071 11 -5 139 -44 -202 -81 3455 730 2092
0.071 -59 44 237 -40 -207 -210 3435 740 2082
0.113 19 18 307 51 -351 -232 3455 755 2035
0.071 5 41 356 -263 -25 -227 3497 760 2040
0.057 63 -16 199 52 -16 -229 3507 797 2015
0.071 -66 17 469 -203 -232 -119 3502 782 2005
0.071 36 -34 204 74 149 0 3507 802 1952
0.071 -17 -29 267 -17 109 24 3502 792 2005
0.071 17 3 347 -59 -27 51 3472 802 2020
0.071 6 1 225 -15 -61 56 3450 802 2035
0.057 24 -7 144 49 -5 98 3492 802 2020
0.071 3 29 247 -162 112 87 3425 755 2025
0.057 -61 10 321 69 0 17 3420 765 1977
0.057 -66 -15 284 -72 -59 18 3445 830 1995
0.085 -47 -16 191 31 -5 -39 3512 760 2040
0.057 -17 7 382 32 149 48 3520 792 2005
0.043 39 16 294 -14 130 45 3507 772 1987
0.057 5 1 114 -52 -102 86 3512 760 2040
0.057 -3 -13 209 42 0 101 3477 765 2035
0.057 -14 3 246 -27 68 72 3477 777 2020
0.057 -7 12 331 38 12 63 3477 802 1977
0.043 -14 16 290 -65 -138 58 3445 740 1942
0.057 47 2 285 -168 13 -14 3462 755 2010
0.057 4 5 255 10 -10 4 3467 782 2005
0.043 29 -13 192 55 197 -34 3482 750 2045
0.057 -10 1 279 -84 59 12 3472 735 2010
0.085 8 -20 282 -57 3 -27 3455 772 1972
0.057 -31 -9 279 -76 9 40 3440 782 2025
0.043 10 -5 308 -8 57 39 3497 797 2025
0.043 -3 6 238 -130 -124 71 3477 750 1972
0.071 15 -15 102 -48 -260 118 3450 755 2020
0.057 -28 -31 152 -45 -103 145 3477 730 2015
0.043 42 -2 182 55 136 121 3507 702 1972
0.043 -191 55 311 -106 -503 128 3497 712 2005
0.043 32 6 146 -29 114 90 3507 697 2030
0.057 -13 -15 229 78 74 53 3555 712 1967
0.043 40 -6 216 78 197 52 3482 760 2015
0.057 44 -9 302 -25 254 0 3467 717 2005
0.057 -139 37 489 55 -349 40 3477 772 2015
0.057 50 -24 151 -33 44 -17 3512 760 1962
0.043 -17 -28 293 35 50 -20 3492 750 1995
0.043 -6 -3 283 46 -96 -17 3472 645 1977
0.057 3 4 309 -20 -44 -17 3482 650 2030
0.057 -18 7 319 -45 -65 -21 3502 687 1995
0.057 -26 -9 227 128 -125 -54 3545 735 1987
0.057 -2 -4 234 -40 -26 -36 3555 712 1977
0.057 -1 -2 234 23 -55 -63 3535 697 1967
0.071 -17 -40 350 -95 -7 -112 3472 735 1982
0.057 61 -13 246 174 23 -125 3492 740 1932
0.071 14 5 290 -64 -83 -123 3512 760 1967
0.071 25 -11 266 10 -73 -155 3507 765 1925
0.057 50 11 203 30 -147 -167 3497 792 1957
0.071 5 -18 259 0 -61 -141 3525 797 1977
0.085 -16 5 315 37 -50 -129 3507 815 1932
0.071 -3 10 264 39 -114 -36 3540 782 1925
0.057 1 10 249 -57 -67 -21 3492 792 1972
0.085 8 -5 254 -43 -90 -1 3487 765 1947
0.057 0 0 253 -34 -88 -22 3482 787 1987
0.085 -6 -2 258 -16 -77 -47 3520 782 1920
0.071 -3 -7 262 -3 -73 -82 3535 787 1957
0.085 -2 -5 259 -15 -89 -113 3507 830 1952
0.085 3 -9 241 -15 -94 -137 3525 787 1900
0.071 -9 -11 256 13 -127 -143 3492 772 1920
0.099 -2 3 249 -12 -61 -146 3512 802 1932
0.071 1 13 256 -35 -82 -137 3560 835 1900
0.085 1 4 249 -45 -22 -128 3545 797 1910
0.071 6 -4 260 -9 -25 -92 3560 820 1947
0.085 1 -16 254 -8 -3 -73 3570 820 1957
0.057 5 -18 260 11 10 -61 3570 835 1857
0.085 4 -1 250 -23 2 -67 3535 820 1847
0.085 3 0 244 -15 9 -71 3525 882 1880
0.071 2 6 255 0 28 -94 3550 855 1900
0.085 1 5 256 -4 35 -115 3512 855 1900
0.099 -10 -2 252 36 17 -126 3502 845 1847
0.085 -3 -19 249 49 0 -102 3507 897 1885
0.071 -9 -10 253 74 -6 -78 3520 920 1900
0.085 -5 3 257 45 4 -48 3555 887 1870
0.071 -4 2 268 -16 -15 -39 3550 930 1932
0.085 -4 -3 260 6 -24 -13 3492 920 1932
0.071 16 -7 265 22 5 1 3550 915 1952
0.071 7 -7 248 20 34 20 3530 877 1962
0.085 10 -6 255 35 100 26 3507 882 1972
0.071 -3 3 250 -3 101 6 3507 882 1957
0.071 -3 8 259 -29 89 -1 3530 897 1932
0.085 -1 2 260 -8 83 -30 3530 910 1915
0.199 -7 -4 241 -8 67 -50 3502 925 1937
0.071 -3 -7 262 34 46 -18 3492 935 1957
0.071 -13 -4 275 37 20 26 3512 920 1937
0.085 -3 -4 256 5 27 65 3525 887 1920
0.085 -97 13 445 61 -171 110 3507 867 1967
0.071 7 -28 176 -79 -83 100 3507 882 1957
0.071 7 -2 206 126 -6 120 3440 882 1947
0.071 -25 5 257 -51 35 115 3440 872 1937
0.071 -1 -12 302 31 -56 134 3445 867 1952
0.085 -57 -1 345 46 6 77 3497 872 1947
0.071 7 -1 226 40 -23 82 3525 920 1947
0.071 6 10 260 5 -3 80 3535 867 1910
0.099 -16 -4 308 44 -6 47 3550 867 1957
0.071 -5 -1 264 4 44 36 3507 815 1925
0.071 -8 4 242 27 -7 38 3540 830 1962
0.071 -79 15 227 -44 -340 26 3507 855 1925
0.085 -2 -27 151 61 2 22 3535 802 1937
0.057 24 6 257 55 -13 32 3492 882 1895
0.085 0 16 261 -1 7 56 3512 850 1942
0.057 -2 5 262 -2 -37 66 3565 855 1905
0.085 1 -2 276 13 11 68 3535 820 1932
0.057 -8 -3 262 18 -23 81 3575 797 1925
0.071 -7 -5 262 7 -47 93 3507 797 1900
0.071 -10 -16 258 24 -55 93 3570 807 1895
0.071 -6 2 241 49 20 114 3540 830 1920
0.099 -25 -3 230 45 -19 107 3560 840 1947
0.057 -5 -1 258 33 27 103 3540 820 1957
0.071 -4 3 266 22 43 82 3550 835 1925
0.057 3 3 260 -39 -12 42 3530 792 1915
0.057 -12 9 267 4 -6 12 3525 772 1910
0.071 -6 -2 238 27 24 -8 3565 797 1870
0.057 -8 8 249 -15 38 -22 3592 792 1900
0.057 6 9 272 -22 31 -18 3570 797 1905
0.057 7 -2 250 -18 35 -5 3560 787 1895
0.071 7 -4 255 -21 39 8 3570 750 1932
0.057 -3 -7 244 -14 -6 24 3545 782 1952
0.071 -8 -16 258 1 46 9 3545 777 1915
0.085 0 4 250 -5 30 7 3565 797 1900
0.057 -5 1 253 -3 11 -6 3565 782 1932
0.057 -3 -5 247 -13 27 -29 3520 802 1915
0.071 -9 -3 264 5 30 -57 3530 797 1932
0.057 4 16 277 33 -140 -105 3545 815 1937
0.057 -82 14 235 -24 -30 -84 3540 840 1932
0.071 -20 3 255 17 -84 -116 3550 845 1987
0.057 -1 24 275 -39 -25 -98 3540 855 1905
0.057 -4 9 258 -14 -17 -96 3535 802 1905
0.071 2 -10 244 10 -29 -62 3565 862 1925
0.057 8 -14 240 5 -32 -43 3550 850 1890
0.057 10 -7 262 -14 30 -27 3565 820 1910
0.085 -23 4 244 -18 71 -51 3520 777 1925
0.057 -17 -4 259 -1 90 -23 3525 840 1942
0.057 22 -12 256 1 93 -51 3535 872 1937
0.057 1 -3 265 -8 116 -66 3530 792 1957
0.071 -2 0 256 -43 79 -75 3535 797 1972
0.057 15 1 262 72 45 -86 3540 845 1920
0.057 -20 -17 275 -86 -149 -103 3512 840 1947
0.057 15 -18 206 68 -136 -91 3545 850 1920
0.071 15 11 215 6 -15 -55 3545 850 1942
0.057 14 6 237 36 36 -24 3540 882 1925
0.043 8 -2 264 29 38 34 3530 845 1937
0.071 -11 1 277 0 80 41 3497 877 1920
0.085 -11 -7 280 -34 -66 68 3520 882 1952
0.057 13 -6 215 44 -45 65 3555 872 1952
0.057 35 -5 270 -13 31 69 3492 877 1920
0.057 -1 8 274 26 -15 51 3555 845 1937
0.071 0 -1 249 4 41 37 3525 792 1972
0.057 -2 3 262 -14 61 35 3507 850 1942
0.057 -13 3 280 -1 -15 22 3540 815 1942
0.043 -29 -12 288 -4 -69 29 3555 820 1977
0.071 -7 -6 249 -34 -72 19 3520 830 1932
0.057 -5 13 231 -2 -33 11 3455 787 1957
0.057 7 13 273 -42 -45 21 3520 840 1972
0.057 -2 -4 272 -6 -39 38 3512 802 1932
0.057 -1 -5 266 -21 -33 68 3550 897 1952
0.085 3 -12 259 14 -82 112 3535 877 1942
0.057 -3 -8 265 5 -41 126 3555 835 1885
0.057 -2 -2 273 5 -49 126 3530 825 1957
0.057 0 4 255 11 -17 103 3512 815 1952
0.071 0 7 255 15 21 91 3525 835 1920
0.057 -10 3 242 7 -8 92 3535 815 1942
0.043 6 -4 230 -12 56 66 3520 820 1910
0.057 3 -4 260 12 41 76 3507 835 1947
0.057 -16 -5 219 11 29 72 3520 820 2005
0.057 -5 -10 248 -11 107 87 3565 777 1962
0.043 7 -7 256 27 123 98 3570 787 1947
0.057 -25 0 270 -19 53 114 3477 740 1900
0.071 -59 15 459 9 -366 109 3455 772 1920
0.057 22 -14 138 6 -35 33 3560 760 1895
0.057 3 -10 228 7 -66 61 3565 740 1925
0.043 17 16 272 -28 30 25 3550 765 1957
0.043 9 1 273 -4 45 30 3582 750 1915
0.057 15 -8 267 -7 86 24 3507 807 1925
0.057 10 -7 246 -11 46 36 3535 777 1895
0.057 -1 1 223 -54 47 55 3502 802 1952
0.057 -2 3 251 -26 56 33 3545 760 1890
0.043 9 6 258 -42 -8 46 3530 782 1920
0.057 11 -3 250 1 76 12 3520 725 1925
0.057 -2 6 266 -31 63 13 3550 740 1925
0.170 -3 -5 264 -11 46 13 3555 760 1920
0.057 6 0 268 -16 24 11 3560 745 1962
0.057 3 -5 274 -35 20 -4 3530 692 1962
0.057 24 1 240 25 27 -8 3530 740 1952
0.057 -21 11 267 -8 -35 -48 3540 750 1957
0.057 -29 -11 289 -37 -102 -50 3512 745 1925
0.057 -17 -12 219 43 -1 -61 3477 760 1920
0.057 -25 11 237 -5 6 -91 3560 725 1920
0.043 29 -5 226 26 49 -72 3512 745 1925
0.057 19 8 266 9 81 -73 3497 735 1920
0.071 6 -2 267 -65 -6 -41 3525 745 1957
0.057 28 -13 233 4 104 -26 3540 682 1977
0.085 -59 9 273 -69 -20 13 3512 765 1957
0.057 -30 -4 192 -35 31 -60 3570 787 1977
0.057 2 3 217 63 101 -49 3502 760 1947
0.057 -24 28 322 -83 -39 -53 3550 792 1957
0.057 59 -48 240 28 52 -70 3575 765 1967
0.071 -11 -1 254 32 38 -72 3550 782 1952
0.057 -22 2 238 -64 -4 -99 3575 777 1947
0.057 -17 -19 254 8 -146 -88 3560 792 1972
0.057 -5 0 226 -20 -25 -156 3507 782 1967
0.071 -70 18 312 -19 -278 -122 3545 797 1987
0.043 50 0 212 -21 -28 -139 3530 825 1962
0.071 27 0 264 -6 32 -108 3492 797 1962
0.085 -23 -1 379 -138 -279 -130 3545 835 1915
0.057 7 -13 155 0 -9 -82 3545 765 1900
0.057 18 -11 166 7 130 -113 3570 730 1870
0.057 -22 11 324 -78 -69 -71 3575 750 1890
0.071 -44 -20 284 -17 -19 -44 3550 845 1920
0.057 -1 -27 250 34 1 -49 3540 855 1962
0.057 13 -6 233 -3 78 -10 3535 910 1900
0.043 -26 -4 244 -11 19 -24 3502 830 1910
0.057 26 -16 266 -15 29 7 3492 845 1885
0.057 -18 -1 270 -18 -22 -27 3520 892 1905
0.057 -16 -1 256 -25 -111 -35 3440 840 1967
0.057 0 -3 213 -43 -19 -75 3502 840 1962
0.085 6 -1 302 -39 -64 -79 3545 835 1942
0.057 -13 1 338 -22 -82 -97 3555 882 1910
0.057 -13 -11 224 23 -29 -94 3555 840 1952
0.057 0 -6 237 38 -58 -11 3535 862 1910
0.043 -19 11 267 -26 75 -1 3507 867 1977
0.043 -23 1 304 3 20 49 3487 872 1937
0.057 16 -5 238 2 96 73 3472 867 1952
0.043 5 -6 251 -19 162 60 3540 830 1915
0.057 15 -13 239 7 35 26 3482 830 1977
0.057 -16 3 272 -65 -13 -25 3472 787 1957
0.043 24 -4 147 46 42 -25 3520 840 1925
0.057 -49 -1 309 40 29 -98 3520 835 1885
0.057 -12 -11 419 4 -39 -127 3525 830 1947
0.057 26 -8 262 22 -64 -119 3512 872 1977
0.057 16 -1 233 -21 12 -128 3497 867 1925
0.057 3 -4 248 -33 -18 -96 3535 892 1957
0.057 -4 -11 247 19 -79 -53 3535 830 1967
0.043 -9 -11 237 16 -43 -25 3525 835 1947
0.057 -4 -7 253 -5 -89 12 3520 872 1920
0.057 2 -8 310 10 -117 36 3525 862 1910
0.043 19 0 266 12 -60 78 3525 845 1967
0.057 -1 15 282 -6 -74 53 3502 877 1870
0.057 20 4 222 -2 23 58 3512 830 1925
0.057 5 6 270 9 71 7 3502 807 1957
0.085 19 -6 249 3 179 -7 3525 882 1932
0.057 -53 0 318 -90 42 -32 3550 892 1905
0.028 57 -19 230 101 -65 -36 3525 872 1920
0.057 53 -16 234 -109 8 -60 3555 887 1932
0.071 -66 -1 254 -52 -226 -44 3555 882 1925
0.028 -6 -30 208 15 -129 -26 3530 872 1952
0.057 -7 -1 250 8 -108 -30 3492 915 1900
0.057 12 -3 242 26 -78 15 3545 862 1947
0.028 70 -38 224 -27 -122 42 3497 820 1967
0.057 41 -24 224 132 -4 72 3520 882 1915
0.028 22 16 269 -70 88 78 3555 892 1857
0.057 20 -18 289 21 50 99 3570 877 1880
0.071 -20 2 329 -61 -81 78 3525 882 1915
0.028 15 -2 201 -57 33 47 3502 845 1885
0.057 -18 0 164 71 4 13 3575 910 1932
0.057 10 -7 172 -30 -45 -50 3520 840 1900
0.043 -3 -12 287 -23 -140 -11 3530 897 1905
0.043 -18 11 255 -36 -24 -67 3507 872 1910
0.057 -1 9 269 -16 -109 1 3482 905 1905
0.057 27 -5 179 101 -85 -39 3555 862 1932
0.057 -7 1 254 -28 -37 -3 3530 905 1952
0.043 -18 5 363 -90 -144 -3 3565 887 1947
0.057 32 -28 199 121 -69 -25 3587 897 1857
0.085 12 5 261 2 -51 27 3545 840 1880
0.071 15 0 290 13 -69 44 3507 835 1905
0.057 -3 -4 278 1 -99 56 3520 820 1915
0.057 -6 -4 258 -18 -137 57 3545 825 1905
0.057 -14 -6 247 -18 -165 16 3512 855 1852
0.071 -3 -8 210 22 -142 -19 3597 867 1827
0.057 13 -2 231 7 -81 -44 3597 882 1875
0.057 12 1 259 8 -51 -65 3550 877 1827
0.057 15 1 264 -14 -77 -93 3555 867 1847
0.071 15 2 261 -22 -125 -113 3575 915 1865
0.071 10 -5 261 -19 -160 -120 3582 887 1880
0.071 9 -5 256 -35 -184 -103 3602 892 1832
0.156 102 -10 424 151 -104 -47 3622 877 1895
0.085 35 -23 179 -55 99 10 3555 915 1760
0.057 -4 -10 257 -27 -7 15 3560 872 1812
0.057 -17 3 287 41 -24 -13 3555 910 1822
0.057 -11 7 272 16 -49 -38 3597 850 1817
0.085 0 6 262 3 -101 -53 3582 905 1817
0.057 2 -5 243 11 -108 -76 3565 925 1837
0.057 4 -8 246 33 -99 -87 3592 925 1837
0.071 8 -8 257 15 -94 -87 3637 952 1852
0.057 9 -8 254 9 -100 -71 3587 925 1780
0.057 9 -4 255 -25 -75 -51 3612 940 1837
0.071 11 2 255 -18 -61 -32 3597 897 1812
0.085 11 5 256 -26 -29 -35 3575 915 1827
0.057 10 5 249 -52 -30 -48 3637 962 1775
0.071 13 4 243 -49 -33 -70 3597 972 1822
0.057 22 -1 256 -69 6 -117 3612 982 1822
0.057 34 6 278 -34 57 -150 3607 930 1780
0.071 6 -6 242 -37 -29 -164 3617 925 1755
0.071 12 -13 273 -12 52 -178 3602 957 1802
0.057 7 -6 248 2 87 -182 3597 910 1790
0.071 5 -4 253 12 -54 -160 3637 930 1802
0.071 2 7 267 21 75 -154 3597 945 1812
0.057 4 -8 258 21 -4 -131 3645 967 1775
0.071 -6 -2 259 -5 -1 -129 3612 1052 1802
0.085 28 -8 267 17 80 -90 3582 1020 1790
0.071 -10 1 214 -8 -16 -82 3545 987 1785
0.057 3 -9 245 16 -42 -72 3570 995 1802
0.071 14 -9 280 13 -6 -22 3622 995 1847
0.057 3 -2 261 20 12 -5 3587 1035 1790
0.057 7 -1 249 -15 126 4 3582 1042 1827
0.071 8 1 259 20 46 23 3597 1020 1822
0.057 1 -9 235 18 39 1 3550 1000 1807
0.057 -4 -5 253 -12 -7 -18 3597 1052 1827
0.057 -3 2 279 -6 -63 -43 3592 1000 1812
0.071 -4 6 270 -2 -165 -63 3587 1030 1812
0.057 6 4 244 -17 -216 -82 3582 962 1775
0.085 49 -5 242 33 -126 -64 3582 1010 1812
0.071 47 -3 294 -94 -25 -63 3607 1005 1817
0.057 11 9 307 0 -47 -83 3592 1025 1817
0.085 -13 3 286 -6 6 -46 3570 1062 1765
0.057 10 -18 276 9 -171 -28 3597 1025 1780
0.071 21 -11 296 -9 -161 2 3535 1047 1807
0.071 15 3 217 16 -102 45 3560 1047 1755
0.057 11 6 247 -34 26 69 3592 1005 1785
0.057 0 1 445 197 -449 -37 3607 1035 1760
0.085 -80 28 242 -206 -941 142 3617 1035 1797
0.057 132 14 193 15 -176 64 3617 1035 1717
0.057 -55 7 462 4 -409 77 3637 987 1717
0.071 82 -4 168 -16 124 37 3627 1010 1745
0.057 -52 -14 384 78 -243 3 3665 962 1702
0.043 -5 -27 156 43 -114 66 3655 952 1717
0.043 -56 -9 303 38 -237 132 3655 982 1662
0.057 -24 -13 285 36 -483 328 3627 1000 1610
0.028 61 7 290 156 -221 412 3607 1015 1650
0.043 -4 -11 265 133 -85 461 3650 977 1567
0.043 -55 -1 242 102 -90 491 3690 1047 1630
0.028 -34 9 242 108 -67 483 3722 982 1577
0.014 -10 12 274 52 -81 492 3727 915 1592
0.043 38 14 255 23 30 458 3717 925 1605
0.028 -13 3 247 15 2 416 3695 945 1625
0.028 22 5 246 29 17 373 3707 855 1615
0.014 18 8 252 31 18 348 3702 840 1610
0.014 18 8 256 -22 21 314 3707 825 1625
0.014 22 11 253 -95 50 273 3712 782 1600
0.028 13 13 250 -116 40 249 3722 725 1582
0.000 17 11 261 -124 31 235 3747 777 1587
0.014 9 -6 277 -165 -21 149 3737 760 1562
0.014 38 -31 262 -173 -24 68 3722 735 1620
0.014 20 -31 241 -78 -82 22 3757 697 1620
0.000 33 -29 241 41 -93 -9 3742 702 1640
0.000 36 -26 267 81 -61 -24 3770 717 1605
0.028 9 -8 257 82 -130 -28 3702 697 1577
0.014 51 -7 273 121 -60 -15 3775 760 1592
0.000 8 -9 272 119 -140 -18 3742 717 1552
0.014 39 -6 252 122 -37 -42 3707 712 1592
0.014 -10 -7 258 132 -109 -54 3757 725 1525
0.014 36 -2 257 135 -74 -67 3765 755 1610
0.000 16 1 256 115 -143 -103 3752 772 1552
0.000 41 5 261 53 -196 -159 3737 787 1537
0.028 62 3 286 1 -182 -192 3752 792 1537
0.000 31 -5 245 -37 -52 -223 3727 772 1515
0.014 46 -5 278 -3 -85 -205 3765 820 1485
0.000 22 2 265 19 -171 -184 3770 820 1547
0.000 53 0 240 -17 81 -190 3780 872 1447
0.014 -6 -8 268 119 -107 -106 3757 855 1500
0.014 43 -3 205 89 -67 -61 3752 797 1490
0.000 10 3 283 2 -107 -45 3747 862 1510
0.014 39 13 292 -13 10 -57 3752 845 1465
0.014 -6 13 225 -15 -77 -34 3775 850 1505
0.014 2 4 253 -12 -88 -12 3800 850 1485
0.014 13 0 263 -39 -68 23 3815 830 1480
0.000 -19 3 254 -70 -137 9 3810 882 1475
0.014 5 0 275 -75 -101 85 3732 887 1490
0.014 17 -10 280 -21 -130 143 3752 845 1490
0.000 49 -12 270 -6 -111 157 3800 825 1465
0.014 5 -18 268 8 -28 127 3842 815 1470
0.014 16 -18 248 64 -35 139 3820 815 1417
0.000 28 -13 256 72 -28 131 3795 792 1457
0.000 12 -4 247 84 -19 103 3770 830 1442
0.014 21 8 251 91 -18 57 3827 807 1447
0.000 15 10 252 94 -20 26 3757 782 1442
0.000 22 8 252 99 -11 11 3827 820 1427
0.000 24 1 255 102 -11 11 3847 807 1452
0.000 23 -1 254 106 -14 15 3800 807 1442
0.000 27 0 253 105 -11 25 3770 835 1422
0.000 30 1 255 98 -9 24 3815 820 1452
0.000 28 2 254 82 -12 25 3842 792 1452
0.000 34 -1 254 56 -20 -3 3827 802 1475
0.000 57 -6 261 28 -82 -38 3842 830 1437
0.000 87 1 237 -12 53 -120 3867 787 1442
0.000 -13 9 264 -15 -52 -105 3810 815 1457
0.000 -7 26 265 55 -126 -22 3837 835 1417
0.028 60 17 235 44 14 14 3775 845 1422
0.000 0 26 285 9 -122 17 3837 845 1490
0.000 50 16 253 18 -84 73 3795 830 1402
0.000 25 13 261 -12 -127 94 3795 855 1452
0.000 32 11 266 -7 -157 83 3820 835 1465
0.000 66 0 248 4 -141 56 3862 840 1442
0.000 35 -4 249 23 -262 19 3857 807 1422
0.028 33 3 295 98 -347 -40 3832 835 1375
0.000 106 -5 338 19 -38 4 3867 820 1365
0.000 58 -2 222 46 -54 34 3842 840 1385
0.000 79 24 258 122 -167 46 3867 892 1365
0.000 56 21 186 29 -33 40 3857 845 1330
0.000 43 35 224 -44 -92 19 3867 850 1355
0.000 77 35 235 -124 -42 171 3872 897 1370
0.000 132 15 362 69 -237 257 3885 802 1287
0.000 -74 -27 235 -82 -605 34 3905 835 1292
0.014 99 2 235 -302 -409 87 3915 815 1297
0.014 179 -13 458 -621 -192 32 3890 765 1282
0.000 132 -41 143 -409 196 -160 3935 792 1292
0.000 101 -12 250 -381 71 -349 3905 825 1255
-0.028 159 -14 221 -286 559 -363 3877 840 1312
0.000 43 17 234 -289 -110 -217 3910 782 1287
0.000 -149 -48 550 -93 -930 -366 3847 820 1312
0.000 358 -19 230 -239 49 -129 3905 850 1287
0.014 -65 -15 230 -255 -784 -274 3857 820 1302
0.014 207 56 326 -284 -352 -220 3862 825 1297
0.000 249 -12 380 -566 40 -94 3925 840 1240
0.000 9 -7 125 -423 -619 -9 3890 850 1230
0.000 210 -10 284 -630 83 86 3920 867 1255
0.000 190 -15 185 -697 328 299 3925 825 1250
0.000 -28 -130 117 -408 -270 216 3905 807 1235
0.000 269 -62 187 -305 -258 146 3930 782 1220
0.043 251 -72 508 -270 136 136 3925 792 1205
0.028 115 -80 273 255 -218 -26 3952 725 1245
0.028 53 -38 139 300 -188 -53 3992 760 1205
0.028 100 -14 205 453 86 -107 3925 777 1187
0.043 -4 -36 424 491 -250 -177 3915 792 1205
0.043 59 -41 314 404 -28 -209 3930 815 1137
0.043 52 -54 217 531 -315 -189 3952 845 1162
0.043 73 -34 361 566 -206 -192 3997 815 1095
0.057 115 12 373 372 120 -125 3957 845 1120
0.057 -46 3 145 278 -146 -125 3972 872 1080
0.043 83 13 421 228 -95 -123 3982 920 1080
0.028 -33 18 182 266 -48 -95 3935 920 1017
0.057 -86 28 212 174 -218 -253 3972 915 1100
0.043 49 51 361 -61 -51 -173 3967 962 1047
0.057 46 23 211 -88 -220 -214 3987 967 1105
0.043 21 6 265 14 -296 -187 3987 1000 1052
0.071 81 27 245 19 -98 -192 3982 1030 1075
0.043 58 22 237 -75 -19 -173 4050 1000 1047
0.057 87 -8 322 -70 33 -140 3987 982 1070
0.043 60 -12 298 -40 -23 -92 4015 1000 1052
0.085 49 -4 272 -75 -57 -47 3957 1030 1012
0.057 58 -14 229 -73 21 -43 3992 982 1070
0.071 63 -1 230 -43 82 -13 3987 1047 1065
0.043 65 4 240 -61 131 4 4035 995 1065
0.057 60 6 251 -84 132 15 3962 1000 1032
0.057 54 4 253 -62 85 27 3962 977 1085
0.057 46 -6 257 -42 27 25 3982 1000 1047
0.057 45 -6 253 -18 -10 29 3962 1005 1070
0.057 58 -12 242 -17 -9 42 3982 1025 1090
0.057 52 -10 244 -3 -3 63 3962 1042 1090
0.057 53 -16 252 29 9 109 3992 995 1065
0.099 54 -16 259 33 3 163 3947 1020 1110
0.057 58 -9 255 25 -3 185 3957 977 1100
0.071 59 3 247 12 18 185 4010 1015 1070
0.057 62 6 239 29 66 167 3977 1005 1090
0.071 66 8 235 38 121 131 3972 957 1075
0.057 70 7 234 32 161 79 3982 972 1095
0.071 69 4 245 13 185 24 3992 957 1047
0.057 64 -1 243 15 178 -19 3997 995 1065
0.085 59 -2 256 -15 149 -68 3967 945 1115
0.057 53 -6 247 -10 119 -106 3987 962 1147
0.085 52 -8 244 -6 121 -134 3935 930 1187
0.071 50 -2 239 -11 153 -151 3997 945 1110
0.199 49 -5 284 71 153 -103 3972 972 1167
0.085 48 9 243 0 113 -74 3987 995 1167
0.057 48 7 236 23 112 -86 3957 957 1162
0.085 44 8 244 -3 112 -100 3947 987 1152
0.071 39 2 251 -24 94 -91 3967 1010 1167
0.085 42 -10 255 -32 64 -97 3910 1057 1192
0.071 41 -12 236 -20 49 -80 3952 1062 1167
0.085 35 -6 245 -12 60 -72 3947 987 1182
0.085 45 -16 255 24 93 -31 3900 1042 1200
0.071 47 -12 252 20 119 9 3910 945 1177
0.085 47 -1 246 1 148 46 3935 1020 1182
0.071 46 -2 247 41 146 93 3910 972 1200
0.113 -34 -3 356 1 -96 71 3877 962 1240
0.085 38 25 288 -50 135 13 3930 987 1187
0.085 26 13 308 59 1 31 3925 1000 1220
0.057 53 4 307 -10 -13 -66 3915 982 1220
0.085 34 8 273 -4 11 -63 3957 987 1172
0.071 63 -18 245 1 -70 -62 3925 987 1162
0.085 73 -9 275 -26 32 -100 3910 962 1177
0.085 51 1 249 50 -18 -87 3940 1000 1157
0.071 54 -5 282 -36 -92 -42 3910 1010 1152
0.071 36 8 244 2 30 -60 3925 1025 1172
0.071 44 -7 271 42 -11 -52 3935 995 1182
0.085 46 -9 241 35 -75 -52 3935 1042 1192
0.113 34 4 247 3 -79 -57 3877 1015 1182
0.085 41 1 248 18 -90 -57 3900 1067 1187
0.071 44 1 263 38 -92 -65 3915 1025 1172
0.085 49 -1 252 3 -83 -36 3900 1047 1177
0.085 46 -3 248 1 -45 -35 3905 1010 1182
0.085 49 -10 251 -14 -37 -13 3895 1035 1177
0.071 49 -7 253 -10 -12 7 3900 995 1182
0.085 50 -3 249 -18 0 29 3967 1062 1162
0.085 48 -4 245 7 42 33 3910 1095 1220
0.071 46 3 244 12 63 32 3940 1052 1157
0.085 63 3 281 23 86 4 3890 1010 1245
0.071 32 7 270 -3 -105 -3 3905 1015 1230
0.113 44 0 272 65 -34 -27 3910 1062 1210
0.085 47 -5 257 33 -89 -29 3910 1030 1167
0.085 45 -9 235 15 -67 -52 3905 1005 1192
0.085 43 -8 237 46 -1 -20 3940 1047 1162
0.085 44 -8 251 22 29 21 3940 1085 1187
0.085 44 -7 248 36 22 71 3920 1067 1182
0.071 65 -6 298 8 -50 159 3895 1042 1167
0.085 44 11 290 18 23 170 3930 1010 1200
0.071 24 4 260 -9 -63 173 3925 1042 1240
0.085 30 3 255 20 -85 183 3935 1005 1177
0.071 39 -2 260 14 -84 148 3900 1015 1142
0.085 49 -13 224 6 -37 110 3862 995 1157
0.113 45 1 245 19 16 22 3895 1005 1192
0.071 48 2 255 34 26 -31 3940 987 1172
0.085 43 4 249 14 19 -73 3935 1042 1182
0.071 41 7 252 -50 -8 -100 3925 1020 1182
0.071 44 2 252 -42 -55 -110 3935 972 1215
0.085 38 2 255 -6 -81 -108 3962 1000 1220
0.071 40 1 256 -9 -86 -88 3947 1010 1152
0.085 38 1 260 -11 -104 -57 3967 1035 1115
0.085 43 -3 257 -14 -67 -35 3905 1052 1142
0.085 44 -2 260 -12 -39 -14 3930 1025 1115
0.071 43 8 268 -73 -78 7 3972 1042 1115
0.085 43 -6 260 -35 -90 8 3890 1042 1115
0.099 42 -8 244 -32 -57 -26 3910 1042 1177
0.071 49 -12 240 11 -16 -28 3930 1025 1095
0.085 45 -2 248 14 1 -32 3957 957 1090
0.057 45 6 253 -2 24 -35 3930 972 1120
0.085 40 9 248 4 24 -50 3977 1000 1157
0.071 45 -3 254 2 -14 -50 4030 1000 1147
0.057 39 -4 259 10 -40 -40 4015 1015 1115
0.085 36 2 248 -13 -48 -34 3972 987 1132
0.071 41 2 241 0 7 -20 3952 1025 1192
0.071 45 0 243 -11 61 -27 3930 987 1147
0.071 47 -5 252 -20 86 -17 3952 1047 1147
0.057 47 -10 259 -20 91 -5 3930 1020 1147
0.085 38 -11 267 38 51 -8 3935 1067 1182
0.085 34 0 259 13 -17 -22 3940 1047 1142
0.057 39 -3 243 12 -48 -8 3987 1077 1147
0.057 37 -3 243 21 -60 0 3972 1052 1115
0.085 40 0 247 26 -74 -1 4005 1057 1167
0.057 43 0 251 29 -81 1 3992 1047 1192
0.057 39 -1 253 14 -105 8 3957 1030 1157
0.085 36 -1 252 -10 -165 11 3935 1085 1100
0.057 31 -2 252 11 -185 -2 3905 1042 1100
0.057 37 -3 249 18 -192 6 3947 1015 1142
0.085 42 -1 245 6 -192 16 3935 1025 1090
0.057 42 1 246 14 -155 16 3920 1052 1075
0.085 53 0 248 8 -62 34 3992 1035 1090
0.057 55 -4 249 12 -10 59 3987 1000 1057
0.057 53 1 249 16 34 86 3967 1042 1095
0.043 49 -1 254 27 81 98 3977 1052 1070
0.057 50 -6 257 9 75 117 3940 1072 1085
0.057 43 -2 252 16 43 118 3997 1062 1115
0.057 38 -3 247 22 17 115 3967 1062 1057
0.057 39 0 247 23 -11 106 3982 1005 1095
0.057 42 -2 249 24 -27 93 3972 1005 1065
0.057 44 -3 250 29 -37 79 3940 1005 1105
0.043 49 2 249 23 -44 66 3962 1010 1070
0.057 51 3 250 15 -50 50 3940 1005 1075
0.142 52 0 249 21 -36 -13 3982 1000 1095
0.057 50 1 243 -3 -25 -36 3992 967 1080
0.057 53 -3 242 0 -7 -59 3972 1000 1090
0.057 56 -1 245 -2 20 -77 3962 1030 1057
0.057 56 4 247 3 36 -95 3982 1020 1057
0.057 56 5 253 -17 40 -116 3992 1042 1057
0.057 51 5 243 -13 48 -132 3947 995 1070
0.057 55 -2 253 -10 23 -144 3972 1067 1070
0.057 49 -2 250 -17 -5 -153 4030 1057 1047
0.071 45 -6 250 -18 -39 -162 3915 1030 1070
0.057 42 -4 252 -11 -97 -150 3915 987 1095
0.071 43 -6 247 -2 -175 -119 3910 1042 1032
0.085 50 2 251 -5 -265 -54 3972 1035 1090
0.071 56 7 249 -6 -310 -6 3940 1077 1080
0.071 117 3 313 23 -20 -6 3935 1077 1075
0.071 58 -1 231 72 -86 43 3982 1067 1042
0.071 45 -10 186 13 41 21 3915 1030 1057
0.057 64 -5 242 54 40 -5 3992 1052 1012
0.071 112 11 334 118 361 -41 3987 1035 1032
0.057 99 -4 268 -121 418 19 3972 1025 1075
0.057 19 -4 187 -86 333 7 3977 1030 1085
0.057 14 -3 230 30 162 -36 4015 1052 1105
0.071 45 17 303 -29 75 -58 4040 1042 1125
0.071 39 5 274 -7 -19 -45 3992 1015 1052
0.085 48 -8 242 -32 -136 -49 3930 1105 1100
0.085 38 -4 197 50 -159 -71 3925 1077 1095
0.071 95 -10 306 77 -65 -63 3930 1110 1057
0.085 97 0 301 -35 105 -62 3905 1062 1100
0.057 65 -9 255 -11 94 -5 3885 1072 1115
0.085 32 -11 216 -35 156 35 3915 1062 1132
0.057 54 -14 249 57 36 59 3957 1077 1090
0.085 30 5 262 25 -16 98 3952 1105 1115
0.071 26 29 237 46 5 148 3930 1072 1125
0.057 47 15 242 -40 173 154 3957 1052 1125
0.071 47 11 261 6 58 142 3962 1047 1142
0.099 45 7 249 -14 174 60 3940 1047 1172
0.057 56 -12 249 15 181 17 3930 1015 1132
0.071 55 -11 246 -40 169 -43 3930 1047 1162
0.071 43 -3 263 -20 73 -62 3930 1052 1167
0.071 30 -6 263 32 36 -83 3920 1047 1142
0.071 36 -7 265 41 -2 -91 3925 1052 1132
0.071 38 -5 248 22 -26 -94 3915 1062 1152
0.071 31 -5 237 9 -4 -100 3940 1047 1172
0.057 28 -3 232 14 49 -97 3962 1090 1172
0.071 38 -3 252 21 103 -72 3900 1090 1215
0.057 39 2 257 8 103 -41 3905 1085 1162
0.057 36 12 257 -35 112 -8 3957 1115 1192
0.085 35 14 248 -39 97 7 3962 1100 1172
0.057 38 4 245 -47 109 -13 3900 1035 1125
0.057 39 -1 249 -31 108 -39 3895 1015 1182
0.043 45 -13 252 -6 68 -76 3910 1062 1132
0.057 46 -17 256 2 36 -101 3895 1115 1167
0.057 47 -14 249 1 -16 -130 3867 1085 1172
0.071 49 -7 246 10 -65 -140 3920 1105 1210
0.057 52 -1 248 7 -82 -108 3940 1120 1142
0.071 56 3 251 24 -89 -65 3905 1090 1192
0.057 55 7 255 17 -88 -9 3947 1090 1192
0.071 57 5 244 13 -68 45 3905 1057 1115
0.071 55 1 252 20 -57 80 3925 1057 1137
0.085 54 4 247 -3 -16 93 3935 1035 1125
0.071 58 4 248 -23 35 83 3915 1072 1110
0.071 60 -4 258 -3 80 57 3925 1105 1110
0.071 57 2 254 -4 107 42 3925 1057 1142
0.057 52 -1 246 -1 120 19 3930 1035 1210
0.071 46 -2 250 12 138 -4 3935 1047 1182
0.071 43 1 245 4 135 -18 3947 1072 1187
0.071 42 3 251 1 122 -35 3867 1062 1205
0.071 42 0 252 17 99 -41 3910 1077 1250
0.057 43 0 253 22 74 -37 3925 1085 1172
0.085 44 3 246 1 38 -39 3930 1077 1220
0.071 45 -2 247 27 -9 -38 3900 1067 1177
0.099 43 1 251 19 -89 -29 3842 1067 1182
0.071 42 -4 256 34 -165 -5 3952 1077 1235
0.085 41 3 253 26 -228 30 3940 1115 1235
0.085 46 -1 252 16 -280 66 3935 1132 1162
0.085 56 -1 252 30 -254 107 3925 1110 1167
0.071 53 6 249 26 -205 130 3935 1115 1200
0.099 59 7 248 -19 -168 155 3930 1095 1157
0.085 55 3 257 8 -105 151 4015 1030 1137
0.071 52 3 250 6 -60 139 3957 1042 1132
0.085 50 -2 240 0 -22 114 3977 1095 1152
0.085 49 -4 236 15 5 81 3972 1062 1115
0.071 52 1 248 18 26 68 4010 1030 1147
0.113 53 0 256 19 -2 90 3992 1025 1120
0.085 61 -3 259 -14 26 86 3977 1077 1147
0.071 65 5 261 16 59 85 3900 1020 1162
0.085 54 -5 252 38 48 95 3947 1025 1105
0.085 45 -7 249 36 72 89 3982 1025 1147
0.071 46 -2 253 17 34 93 3935 1025 1167
0.085 30 -7 244 32 -3 86 3997 1025 1147
0.085 32 -3 256 36 -7 70 3982 1010 1142
0.071 28 11 258 -14 -36 50 3940 982 1120
0.085 33 10 252 -18 -43 33 3972 1000 1142
0.085 42 4 248 -1 12 4 3967 1000 1115
0.057 46 -1 243 24 88 -25 3940 995 1142
0.199 60 -10 252 9 128 -95 3962 1042 1137
0.071 58 -7 243 -10 115 -122 3992 1052 1120
0.085 63 -4 226 -53 84 -151 3935 1047 1200
0.085 62 -6 220 -26 82 -154 3962 1005 1192
0.085 51 -5 245 9 94 -110 3920 1025 1187
0.085 37 3 261 80 74 -9 3910 1047 1172
0.071 65 -10 276 138 68 51 3987 1072 1200
0.085 12 5 203 215 13 86 3935 1062 1167
0.085 37 -3 279 118 35 96 3962 1057 1167
0.085 40 10 236 -52 229 28 3940 1015 1162
0.071 -2 6 196 -31 -65 18 3947 1067 1172
0.085 6 0 224 6 63 -17 3935 1047 1125
0.128 55 9 273 21 -122 30 3947 1035 1172
0.085 49 11 277 -101 -93 29 3930 1030 1157
0.085 36 21 212 -5 -68 5 3957 1035 1167
0.071 100 -2 278 -68 49 3 3905 1025 1182
0.085 28 -6 231 77 58 -7 3940 1030 1187
0.085 42 4 265 -22 10 19 3915 1025 1192
0.071 80 -6 310 -23 50 25 3947 1042 1152
0.085 22 3 210 -88 180 53 3957 1077 1205
0.071 38 -6 235 23 182 94 3905 1010 1225
0.085 30 -7 198 96 56 148 3930 995 1162
0.071 49 -9 261 -28 -36 157 3935 1020 1152
0.085 49 5 284 25 -153 167 3920 1005 1172
0.128 11 -13 136 53 -108 210 3962 995 1162
0.099 20 -7 173 48 -86 208 3962 982 1215
0.071 74 3 295 62 63 228 3935 987 1177
0.085 64 8 307 -75 118 208 3905 987 1162
0.085 29 9 274 57 53 198 3987 945 1162
0.085 34 8 266 4 -15 188 3920 982 1157
0.071 46 4 268 74 -37 189 3952 925 1142
0.085 39 -2 217 -16 -20 163 3977 935 1167
0.071 44 12 276 -21 -18 139 3940 905 1182
0.085 80 5 319 81 -12 102 3952 897 1162
0.085 33 5 252 -5 -41 72 3925 877 1172
0.085 47 3 277 40 31 35 3930 877 1205
0.113 31 -11 184 100 -25 -46 3962 905 1110
0.071 0 -18 133 -17 33 -65 3935 892 1157
0.085 -8 10 182 46 -109 -99 3947 910 1157
0.085 29 0 241 -74 -87 -142 3982 877 1192
0.099 42 6 276 30 -289 -150 3947 967 1162
0.071 49 13 270 8 -317 -155 3987 957 1142
0.085 53 10 243 -8 -337 -149 3967 935 1167
0.099 52 1 227 -7 -283 -182 3957 972 1095
0.085 64 -2 239 89 69 -116 3972 892 1105
0.071 37 -30 109 -59 237 -202 3992 935 1090
0.099 7 9 146 -3 140 -162 3972 945 1085
0.113 74 -11 343 -48 237 -225 3957 1000 1115
0.071 -6 3 261 17 34 -177 3935 962 1090
0.099 28 4 266 -19 -85 -121 3940 1020 1157
0.085 39 2 254 18 -68 -91 3930 1052 1147
0.071 75 4 274 -20 -41 -86 3972 940 1125
0.085 51 3 212 -29 33 -107 3947 982 1142
0.085 44 4 241 -62 129 -109 3915 1020 1147
0.071 40 1 274 0 97 -173 3920 1035 1177
0.085 21 -1 257 34 107 -173 3910 1025 1162
0.071 38 -7 272 -25 -45 -180 3940 1067 1157
0.099 38 0 260 -13 -47 -179 3935 1072 1157
0.071 36 3 239 -62 12 -156 3952 1077 1157
0.113 23 -2 175 45 16 -123 3947 1077 1177
0.071 52 -3 251 -10 93 -69 3890 1077 1157
0.085 63 -8 332 -93 162 -48 3890 1077 1177
0.071 20 -2 294 62 -41 -47 3890 1095 1215
0.071 16 7 262 -6 -40 -51 3940 1085 1147
0.085 40 -8 223 40 -155 -98 3957 1100 1167
0.071 67 8 275 75 -63 -98 3910 1115 1172
0.085 90 -1 284 -84 219 -144 3930 1110 1172
0.071 4 7 179 26 103 -148 3952 1137 1200
0.071 31 4 222 44 80 -156 3890 1115 1142
0.057 19 4 257 -81 51 -133 3910 1157 1200
0.085 40 6 285 -26 137 -118 3930 1152 1215
0.099 21 -5 246 26 -97 -60 3952 1167 1162
0.085 10 5 243 2 -146 -50 3935 1147 1157
0.071 33 6 241 -21 -128 -53 3952 1152 1157
0.071 61 5 242 24 -8 -38 3930 1147 1225
0.071 64 4 280 -61 65 -74 3910 1152 1182
0.057 53 4 266 22 88 -124 3895 1152 1235
0.071 19 -1 214 17 47 -115 3872 1167 1200
0.057 38 -6 248 -60 57 -79 3920 1175 1085
0.071 32 -8 248 -52 -40 -60 3935 1227 1065
0.071 20 3 245 3 -100 -16 3940 1227 1080
0.071 41 2 252 1 -43 21 3920 1157 1137
0.085 37 8 248 29 -29 53 3940 1180 1157
0.057 53 2 288 26 -117 78 3900 1200 1167
0.071 59 21 311 -114 40 88 3885 1162 1100
0.057 21 -2 238 15 -66 47 3900 1157 1137
0.071 20 2 187 81 -110 73 3920 1180 1132
0.071 44 -5 211 -44 -20 59 3890 1152 1172
0.057 18 2 206 30 53 57 3900 1180 1187
0.071 56 11 272 4 69 60 3930 1162 1187
0.057 45 9 264 0 -32 78 3915 1175 1167
0.057 53 -5 266 -15 -3 100 3915 1120 1142
0.071 45 -2 248 -9 31 113 3925 1167 1167
0.057 44 5 255 -8 21 123 3895 1162 1157
0.184 48 6 241 1 22 84 3915 1090 1187
0.057 51 5 248 6 68 47 3930 1162 1142
0.057 45 4 249 5 74 2 3885 1137 1125
0.071 49 -5 253 13 64 -39 3952 1142 1137
0.071 48 -5 257 14 31 -68 3862 1120 1230
0.057 42 0 248 8 4 -89 3900 1132 1162
0.071 47 0 252 -11 -45 -70 3890 1162 1210
0.085 42 -3 252 14 -56 -53 3920 1110 1172
0.057 42 7 253 18 -67 -20 3930 1152 1147
0.085 41 6 252 14 -105 17 3925 1067 1162
0.057 39 4 265 11 -111 28 3920 1147 1167
0.085 35 8 252 11 -143 27 3920 1110 1162
0.057 53 8 225 -3 280 -15 3977 1115 1167
0.113 60 -14 170 -149 133 17 3925 1090 1192
0.057 38 -8 242 17 156 -47 3967 1147 1182
0.057 44 0 277 48 53 -68 3940 1125 1182
0.085 46 6 275 -14 -9 -75 3915 1125 1152
0.071 52 7 262 -19 -34 -81 3877 1152 1187
0.071 48 7 239 -8 -45 -102 3930 1175 1182
0.071 48 -2 233 6 -21 -112 3872 1162 1182
0.071 48 1 237 -4 13 -107 3877 1167 1177
0.085 45 -6 255 7 24 -81 3930 1152 1142
0.057 47 -5 263 17 26 -46 3967 1147 1147
0.071 46 0 257 13 13 -13 3962 1167 1137
0.113 44 7 247 2 26 6 3935 1142 1187
0.057 41 10 236 20 33 1 3900 1185 1177
0.085 45 9 244 -4 47 0 3885 1175 1152
0.057 49 7 248 2 28 -9 3890 1210 1167
0.085 45 -5 269 36 11 -20 3940 1152 1167
0.057 46 -4 266 25 -36 -22 3915 1105 1147
0.085 45 -2 245 4 -70 -30 3915 1110 1157
0.085 54 5 252 23 -54 -47 3910 1152 1177
0.057 49 -10 228 27 25 -35 3895 1175 1142
0.085 30 8 228 -31 -40 -30 3872 1137 1177
0.071 41 3 262 1 -79 -33 3905 1185 1152
0.071 40 -12 189 44 -39 8 3867 1167 1177
0.085 55 -8 203 -64 -50 0 3910 1210 1157
0.099 28 -6 133 -28 20 43 3910 1247 1147
0.071 34 -3 191 31 128 29 3915 1205 1182
0.085 39 2 233 60 134 49 3935 1157 1142
0.057 52 10 258 33 57 64 3890 1162 1177
0.085 64 0 277 -24 129 53 3820 1157 1172
0.071 39 -4 242 -5 27 75 3900 1175 1187
0.085 43 7 250 -40 20 40 3905 1185 1200
0.085 43 -1 248 10 27 11 3915 1132 1192
0.071 45 4 253 36 28 -17 3885 1152 1205
0.085 41 10 260 0 -15 -28 3890 1147 1187
0.071 41 4 257 17 -67 -31 3862 1167 1235
0.085 37 -3 244 -1 -75 -50 3877 1175 1250
0.128 41 1 244 -15 -40 -65 3905 1162 1172
0.085 50 5 242 -16 -8 -44 3940 1132 1187
0.085 50 7 241 -22 96 -12 3872 1215 1132
0.057 33 7 223 -49 114 -13 3862 1200 1205
0.085 46 1 253 -35 68 17 3895 1210 1162
0.085 40 -12 282 20 36 29 3872 1175 1235
0.085 40 6 259 0 -7 30 3895 1157 1210
0.085 42 8 248 -18 -36 21 3890 1157 1225
0.057 35 6 233 17 -9 2 3910 1180 1220
0.085 37 3 237 30 36 2 3885 1195 1187
0.085 44 0 243 15 48 16 3905 1167 1225
0.085 42 -6 249 11 37 33 3890 1180 1205
0.099 38 -1 267 24 9 47 3925 1185 1172
0.071 39 7 259 1 -13 71 3940 1210 1172
0.085 41 2 244 18 -10 92 3915 1185 1215
0.071 36 7 244 19 13 104 3915 1157 1235
0.085 40 10 253 4 14 104 3885 1132 1177
0.071 37 7 255 0 2 98 3900 1125 1187
0.085 40 3 252 2 -1 86 3920 1152 1200
0.071 39 -1 248 -3 0 71 3867 1147 1210
0.057 38 -2 249 40 17 52 3877 1175 1192
0.085 41 2 252 31 25 35 3900 1132 1192
0.071 42 4 255 28 15 32 3857 1142 1230
0.071 40 0 248 27 -12 35 3890 1142 1182
0.099 36 3 253 21 -22 46 3920 1132 1225
0.085 44 7 247 23 -22 65 3900 1115 1240
0.057 43 7 245 30 -7 73 3852 1147 1225
0.085 42 7 251 23 0 72 3895 1100 1225
0.071 42 8 246 10 -4 63 3890 1137 1225
0.071 44 6 248 -6 11 53 3890 1142 1240
0.071 50 0 251 6 52 50 3915 1105 1192
0.085 52 6 255 -20 101 59 3872 1052 1215
0.057 51 5 250 -11 141 68 3900 1077 1215
0.071 52 4 249 -3 167 73 3895 1067 1192
0.085 47 4 243 3 184 73 3900 1132 1250
0.057 41 5 255 -4 186 61 3925 1077 1235
0.099 37 4 259 -7 146 35 3877 1085 1230
0.085 36 2 255 -3 110 21 3920 1072 1255
0.057 35 -5 249 24 73 -1 3857 1095 1235
0.085 33 2 253 3 35 -14 3877 1067 1230
0.057 35 4 246 9 -9 -27 3915 1072 1255
0.085 31 7 253 7 -37 -32 3872 1072 1267
0.071 36 6 256 -3 -66 -22 3890 1105 1225
0.071 37 3 250 -9 -71 -1 3862 1132 1282
0.085 38 3 249 4 -50 14 3900 1095 1282
0.071 42 7 247 -29 -25 29 3895 1110 1272
0.071 46 6 242 -13 3 40 3930 1072 1182
0.085 44 8 252 -25 36 29 3890 1077 1182
0.057 48 11 248 -43 51 17 3900 1095 1245
0.199 47 -7 257 -21 115 -17 3867 1062 1317
0.085 47 -3 252 -13 133 -14 3885 1085 1235
0.057 41 0 237 -12 152 -24 3915 1077 1302
0.085 39 5 236 -20 165 -30 3867 1105 1302
0.071 40 5 240 -23 144 -38 3862 1077 1255
0.071 40 5 248 -21 119 -46 3837 1035 1245
0.071 40 6 250 -14 95 -62 3815 1067 1297
0.085 40 8 250 -28 59 -64 3862 1077 1277
0.085 40 11 251 -131 20 -81 3867 1035 1317
0.071 44 0 256 -93 -20 -78 3885 1035 1272
0.085 43 -9 254 -65 0 -65 3890 1085 1292
0.113 49 -14 257 12 90 -4 3827 1100 1335
0.085 50 -3 238 21 163 29 3857 1132 1282
0.085 51 -1 238 17 220 48 3857 1132 1330
0.085 45 -3 246 44 281 32 3867 1120 1370
0.057 48 1 250 36 325 13 3827 1095 1370
0.085 44 5 251 24 338 -27 3810 1090 1360
0.085 35 12 250 -28 327 -87 3815 1110 1412
0.085 29 7 252 -53 280 -134 3805 1062 1385
0.071 32 -6 249 -15 250 -157 3795 1110 1397
0.085 28 3 250 -55 243 -164 3820 1125 1432
0.085 24 11 240 -108 216 -152 3827 1090 1437
0.085 64 -9 326 -75 331 -118 3810 1120 1417
0.113 38 4 256 -79 110 -112 3842 1125 1457
0.099 49 19 313 -111 273 -81 3795 1100 1475
0.085 60 -4 347 -99 341 -76 3742 1110 1480
0.071 29 -15 241 -41 371 -95 3712 1090 1432
0.085 -3 0 231 27 488 -34 3770 1110 1452
0.071 11 -5 218 40 347 6 3722 1105 1515
0.071 11 -5 277 -71 460 42 3707 1110 1510
0.085 25 7 305 -34 334 96 3690 1095 1572
0.071 22 7 260 -28 333 115 3690 1142 1610
0.085 7 7 262 -24 331 128 3665 1105 1635
0.071 31 3 271 -34 426 129 3632 1142 1592
0.057 15 2 234 24 423 116 3675 1120 1620
0.113 22 -11 263 10 332 57 3645 1095 1620
0.071 -10 0 212 -43 359 32 3612 1085 1615
0.085 -10 -9 269 39 332 18 3622 1077 1662
0.057 6 -6 253 -32 350 27 3627 1057 1730
0.071 44 2 293 -55 391 60 3602 1072 1740
0.071 0 8 260 93 263 99 3632 1057 1722
0.071 6 -6 197 -43 401 150 3622 1077 1722
0.057 1 8 280 -11 352 191 3592 1105 1807
0.071 -1 9 274 -5 315 202 3597 1077 1750
0.071 2 2 250 25 191 227 3597 1035 1847
0.057 12 3 274 4 159 215 3592 1062 1812
0.085 -17 -3 254 17 -12 172 3575 995 1797
0.071 11 3 351 7 -35 155 3570 1000 1797
0.071 -10 5 263 -2 -112 171 3565 1042 1822
0.071 5 4 258 -6 -175 126 3597 987 1802
0.057 67 -34 127 100 360 234 3597 982 1807
0.057 71 -5 285 -27 505 207 3550 940 1812
0.071 -15 8 239 5 482 200 3565 962 1837
0.043 -30 -1 271 24 323 157 3570 905 1842
0.071 -17 5 296 -21 200 144 3555 910 1842
0.057 -24 5 276 -18 21 130 3545 925 1880
0.057 -2 1 277 -10 12 127 3550 905 1870
0.071 2 -5 248 41 8 169 3507 872 1857
0.071 12 0 267 14 53 191 3535 867 1847
0.071 -6 -8 218 5 46 217 3560 867 1910
0.043 6 -7 257 17 24 224 3570 855 1932
0.057 -13 -1 236 -4 13 201 3550 845 1885
0.071 27 10 301 10 95 168 3565 830 1920
0.057 -12 12 257 29 -49 135 3550 867 1857
0.057 0 4 282 -60 -1 61 3570 825 1885
0.057 6 -3 269 -12 -29 -17 3540 862 1905
0.057 -3 -10 236 20 51 -73 3570 850 1832
0.071 -6 -10 221 13 -28 -114 3507 882 1880
0.057 22 -3 269 -29 25 -143 3472 850 1910
0.057 13 0 248 -7 60 -173 3530 887 1875
0.085 10 3 263 -19 64 -199 3530 855 1880
0.057 8 5 259 -32 57 -226 3540 850 1890
0.057 4 -10 255 37 34 -259 3535 892 1832
0.057 0 -6 266 24 5 -282 3520 877 1865
0.071 4 -7 264 -8 -7 -288 3545 910 1895
0.071 0 -9 226 7 56 -279 3545 972 1822
0.057 28 -14 254 -4 76 -272 3507 967 1957
0.057 20 -6 235 -1 195 -241 3540 930 1932
0.071 4 14 250 43 167 -201 3502 967 1915
0.057 -8 12 244 33 118 -156 3530 972 1932
0.057 -6 13 244 -8 99 -109 3550 967 1987
0.057 -21 12 284 -113 -64 -92 3525 967 1942
0.099 -6 4 290 -10 -159 -74 3492 977 1910
0.071 -7 3 266 -36 -151 -73 3472 1020 1947
0.071 3 -13 215 0 -110 -88 3477 995 1920
0.057 42 -3 315 18 -64 -71 3482 1020 1920
0.057 6 -13 284 -19 49 -58 3502 967 1925
0.057 -8 -8 257 -26 14 -8 3497 967 1910
0.043 -15 5 274 9 -80 32 3502 972 1932
0.071 -11 -2 233 25 -127 71 3435 1010 1915
0.057 -6 0 231 -4 50 70 3425 995 1957
0.057 -10 0 192 60 49 77 3440 1020 1937
0.057 15 0 234 38 125 86 3512 1035 1920
0.028 -15 -7 241 4 126 63 3502 1035 1915
0.156 4 9 295 -36 -57 29 3472 1010 1957
0.057 -7 11 260 -67 -110 47 3520 1005 1905
0.057 4 8 249 -67 -102 68 3472 962 1900
0.057 21 -2 273 -63 -26 90 3565 1025 1885
0.057 -19 -1 233 22 34 108 3525 987 1920
0.057 -34 3 202 26 -32 102 3520 952 1910
0.043 -14 -9 219 23 -30 111 3507 982 1880
0.071 16 -22 259 -16 46 98 3540 1015 1895
0.057 0 -9 255 -3 -81 60 3492 957 1905
0.057 20 -5 304 34 -109 57 3540 910 1947
0.057 24 10 300 90 -143 38 3507 935 1925
0.057 27 9 309 -17 78 60 3530 877 1972
0.085 61 2 338 -73 66 66 3525 920 1937
0.043 -19 13 262 78 -56 71 3487 915 1925
0.071 11 17 274 23 -136 42 3525 925 1900
0.071 -9 12 239 -17 -114 38 3575 972 1870
0.057 28 -6 270 -7 -111 -11 3565 935 1885
0.071 21 -11 247 22 -66 -36 3540 925 1900
0.057 -7 -6 220 -32 70 -75 3570 930 1937
0.071 -9 -8 243 41 -42 -75 3555 920 1967
0.057 -1 -2 262 -43 3 -67 3555 952 1890
0.071 17 0 260 6 86 3 3482 962 1910
0.071 16 3 254 14 -39 21 3472 945 1890
0.057 27 2 319 66 -87 56 3507 1010 1900
0.099 -13 12 236 62 12 96 3582 952 1920
0.071 -11 7 229 9 -115 129 3540 945 1920
0.071 13 5 271 -47 9 64 3507 935 1885
0.057 -9 -18 232 46 135 42 3545 940 1870
0.071 -21 1 224 20 -200 -26 3560 952 1852
0.071 40 -10 344 26 -155 -86 3507 910 1890
0.085 -2 -7 268 -8 -198 -137 3565 940 1875
0.071 2 -2 265 -16 -256 -194 3545 925 1895
0.071 9 -2 252 21 -6 -167 3540 972 1890
0.085 26 -7 221 42 46 -125 3575 897 1837
0.071 6 -3 135 -131 129 -130 3520 915 1852
0.057 51 -12 228 12 131 -80 3540 957 1880
0.113 25 -39 136 33 320 29 3520 957 1852
0.057 -7 28 323 -122 71 40 3502 967 1895
0.085 -46 21 294 4 -37 35 3525 972 1875
0.071 0 -7 274 24 -143 57 3545 952 1842
0.085 16 -7 263 -3 -159 78 3512 972 1852
0.085 14 -6 242 0 -147 49 3540 935 1880
0.085 9 2 256 18 -106 -5 3540 957 1837
0.085 44 -5 265 -38 -31 -91 3570 945 1827
0.057 1 -11 120 158 252 -58 3555 952 1837
0.085 41 -27 146 -93 60 -85 3560 962 1900
0.085 -18 -26 180 -80 211 -94 3570 987 1880
0.071 29 3 338 -54 264 -119 3512 972 1925
0.113 15 3 282 -37 33 -56 3512 977 1857
0.085 -3 10 264 -68 -26 -49 3487 995 1880
0.099 14 4 260 -30 -60 -38 3512 967 1920
0.085 10 4 242 -39 -27 -52 3530 1010 1905
0.085 7 2 241 -31 23 -69 3502 987 1947
0.085 27 -8 233 28 116 -85 3497 1015 1947
0.071 -6 -16 225 22 30 -64 3497 972 1910
0.099 -1 -13 248 -19 7 -59 3487 1005 1885
0.099 17 -16 273 42 57 -23 3492 982 1932
0.085 -2 -1 236 41 68 7 3525 967 1925
0.071 -20 11 208 23 124 52 3487 967 1942
0.085 -2 12 238 -1 311 76 3492 1000 1942
0.113 -27 -16 323 -93 21 73 3472 977 1905
0.085 -14 -19 296 5 -193 99 3450 1000 1910
0.085 -9 -17 232 -19 -267 89 3492 995 1947
0.085 6 -23 235 92 -37 59 3520 957 1905
0.085 6 17 257 38 -50 41 3530 982 1900
0.085 6 12 230 -80 202 34 3487 920 1947
0.085 -1 2 258 128 103 -4 3555 987 1942
0.071 -35 12 259 54 89 -53 3560 977 1920
0.071 -6 3 290 -68 67 -66 3525 1015 1925
0.085 -3 -3 281 -102 -128 -30 3455 1000 1880
0.099 5 1 280 -90 -228 13 3512 962 1905
0.085 -8 -4 237 -38 19 42 3462 995 1895
0.113 22 -8 270 -36 -108 26 3502 945 1932
0.071 -22 -11 169 -1 85 53 3477 957 1947
0.085 10 -12 252 -11 87 72 3492 940 1957
0.085 -18 -8 252 9 23 76 3482 962 1942
0.057 -11 15 282 -19 -14 84 3525 982 1880
0.085 -5 11 272 8 -116 94 3477 972 1900
0.085 1 7 261 -24 -104 81 3530 987 1910
0.071 24 -2 293 13 -78 95 3512 972 1885
0.085 -3 11 225 63 -63 110 3550 940 1857
0.071 4 -10 259 -52 92 92 3592 905 1890
0.085 -18 -9 252 18 157 49 3535 940 1880
0.085 -21 -1 236 37 -39 22 3582 930 1857
0.099 -12 14 261 -8 -22 -4 3497 915 1895
0.071 10 7 263 18 -36 -24 3497 945 1875
0.085 -1 -7 242 -1 50 -58 3512 940 1932
0.085 -8 -4 246 9 16 -49 3507 905 1920
0.057 1 -7 255 -4 11 -44 3540 925 1942
0.085 -3 -4 260 0 12 -23 3507 910 1920
0.071 1 -9 267 5 34 -6 3540 995 1865
0.071 -1 -5 260 17 37 36 3497 940 1905
0.071 -4 2 253 1 24 52 3540 1005 1932
0.071 -9 9 261 -13 -21 61 3420 940 1895
0.071 -2 2 254 11 -45 59 3507 905 1947
0.071 1 -1 253 -13 -40 52 3502 897 1895
0.199 10 -10 237 21 75 38 3487 905 1947
0.071 13 -6 253 14 85 44 3535 867 1905
0.057 12 -9 260 13 105 61 3520 935 1925
0.085 5 2 258 11 75 63 3497 977 1915
0.071 -9 11 257 -13 -5 70 3507 925 1885
0.085 0 2 260 1 -60 65 3512 957 1972
0.071 -2 2 254 19 -113 43 3512 892 1925
0.071 4 1 269 15 -130 0 3555 905 1947
0.085 7 -1 257 14 -165 -40 3570 940 1857
0.085 4 -5 249 11 -161 -90 3570 935 1870
0.085 7 -9 251 18 -135 -122 3545 935 1900
0.071 57 -9 248 45 153 -101 3497 877 1827
0.128 6 6 241 -84 114 -117 3530 915 1875
0.085 -13 -2 233 -52 100 -135 3545 930 1880
0.071 -10 9 262 -36 74 -146 3535 935 1910
0.085 1 0 258 -37 43 -117 3502 925 1900
0.071 5 -1 260 -31 3 -98 3560 935 1920
0.085 4 -11 259 -25 18 -105 3472 945 1890
0.085 2 -12 257 -15 44 -118 3467 940 1870
0.071 13 -9 252 -1 45 -127 3530 915 1915
0.085 4 2 246 -10 64 -132 3545 945 1875
0.085 19 4 297 46 112 -149 3497 962 1915
0.071 -11 0 248 5 166 -142 3555 1010 1895
0.085 -13 2 247 6 130 -160 3477 987 2000
0.099 -14 -2 215 46 163 -141 3472 977 1995
0.071 -39 1 346 -55 154 -104 3477 1005 1995
0.085 -128 17 309 -49 -163 -9 3450 987 2025
0.085 25 -21 292 32 103 66 3467 982 1982
0.057 -4 -9 263 63 -6 147 3492 977 1962
0.085 -14 -3 241 116 -19 201 3487 1015 1915
0.071 -21 3 249 46 -13 215 3462 967 1925
0.071 -1 -8 246 55 -62 168 3492 1005 1937
0.071 -14 15 270 -3 -177 155 3497 982 1947
0.071 5 2 264 25 -208 109 3492 982 2030
0.071 35 -9 274 5 -119 69 3525 982 1952
0.071 4 17 208 -3 -92 64 3472 982 1920
0.113 6 -1 219 -10 113 40 3520 967 1925
0.057 -4 -12 268 -13 122 33 3487 987 1900
0.085 -7 -6 273 -65 94 31 3492 972 1910
0.057 -6 0 265 -59 83 29 3477 945 1952
0.057 -4 5 241 -63 108 25 3477 957 2000
0.071 -4 0 243 -19 157 26 3507 925 1900
0.071 -9 -12 254 12 186 32 3487 910 1972
0.057 -15 -5 242 -31 191 22 3467 930 1937
0.057 -6 -11 258 10 184 23 3467 930 1982
0.071 -26 -3 266 21 141 39 3455 935 2040
0.057 -17 2 310 26 76 32 3420 940 1972
0.057 -5 3 251 -19 99 36 3445 935 2025
0.085 -11 11 271 6 47 31 3482 952 2010
0.057 -6 1 271 19 -12 38 3487 940 2030
0.057 -8 0 249 -25 10 14 3450 915 2005
0.057 -7 -8 258 11 -9 -7 3472 935 2010
0.057 0 -2 258 20 -45 -14 3482 920 2040
0.057 -4 -4 258 8 -42 2 3425 930 1972
0.057 -7 -9 254 1 -19 45 3430 897 2040
0.057 -10 -17 251 3 23 109 3450 887 1982
0.043 -10 -11 253 14 87 169 3482 930 2000
0.057 -14 8 258 3 133 223 3420 905 2020
0.043 -14 11 259 8 162 255 3455 915 1987
0.043 -18 14 257 -5 167 255 3455 887 2045
0.057 -24 13 259 6 181 234 3462 820 2005
0.043 -23 2 254 -37 95 159 3425 850 2035
0.043 18 -13 218 12 59 107 3435 840 2015
0.043 4 -1 229 2 54 8 3445 845 2020
0.043 18 -7 228 26 -9 -19 3440 815 2025
0.057 -11 -13 256 -5 -73 -22 3445 830 2035
0.028 -3 -10 225 34 -19 -21 3472 815 2055
0.057 -15 10 278 -6 -76 39 3445 850 2030
0.028 -22 10 250 14 -129 51 3415 777 2025
0.057 -17 16 259 12 -197 116 3440 797 1982
0.057 -3 14 267 8 -217 138 3425 840 1977
0.043 27 -1 262 4 -184 164 3455 807 2000
0.071 22 -1 255 3 -105 144 3455 820 1995
0.057 34 -3 259 6 -46 115 3477 745 1942
0.043 25 -2 268 0 24 75 3487 830 1937
0.057 21 -11 254 -13 104 37 3477 835 1972
0.057 14 -11 252 -48 82 -43 3497 777 1972
0.057 34 -13 223 30 -10 -1 3420 782 1962
0.043 42 5 290 -78 105 26 3415 807 1972
0.057 14 9 252 1 -75 69 3440 802 1972
0.057 37 6 201 15 -93 137 3492 825 1987
0.057 29 18 276 -4 -27 146 3487 792 2015
0.071 16 25 297 6 -220 186 3445 825 2015
0.071 4 7 269 -16 -222 173 3497 807 1967
0.113 3 -22 267 28 -353 107 3467 755 2000
0.071 -23 -1 269 20 -377 74 3467 740 1967
0.085 12 -36 196 -5 -294 29 3482 692 1905
0.085 19 -19 218 -1 -195 17 3550 750 1932
0.057 7 1 260 8 59 11 3520 730 1870
0.085 -4 43 245 -27 69 4 3525 765 1920
0.057 9 23 261 -61 127 -67 3540 807 1852
0.085 9 -2 250 -10 216 -106 3520 750 1947
0.071 21 -2 257 -21 232 -172 3530 782 1900
0.057 27 -4 255 -34 215 -216 3462 807 1932
0.071 19 -7 265 -31 179 -252 3482 772 1977
0.099 20 -7 247 -37 103 -277 3492 820 1962
0.213 14 -5 251 -14 -170 -221 3502 835 1942
0.099 10 -3 253 0 -280 -176 3535 862 1995
0.113 38 -15 372 91 -34 -142 3520 862 1967
0.099 92 4 300 49 -144 -61 3512 892 1987
0.113 55 8 257 23 208 -89 3497 835 1932
0.099 -42 25 198 -51 373 -121 3445 840 1967
0.099 4 30 388 -37 70 -170 3507 845 1910
0.099 -23 -53 215 7 -6 -227 3467 925 1952
0.113 -30 -17 255 43 -2 -208 3487 910 1957
0.113 26 -35 248 -34 -71 -250 3455 915 1977
0.113 -13 -27 208 -130 29 -253 3492 892 1972
0.156 -9 -3 266 56 -37 -291 3467 887 1962
0.099 8 15 297 -11 -132 -272 3497 877 1962
0.113 40 16 265 -34 -133 -242 3477 952 1957
0.113 -2 27 283 -39 -42 -202 3492 1005 1962
0.128 -12 4 188 -81 -29 -105 3450 967 1937
0.099 49 -10 335 -83 -69 -139 3497 982 1885
0.128 35 9 368 94 -100 -164 3487 1005 1937
0.113 4 -29 208 20 -112 -113 3487 1030 1925
0.113 -16 -10 207 -65 -35 -131 3497 982 1962
0.128 24 -6 306 16 -114 -109 3462 987 1957
0.113 -11 -21 171 1 -8 -90 3472 972 1962
0.099 2 -4 239 64 20 -66 3467 1010 1977
0.156 -41 -22 118 113 -164 -125 3507 1020 1982
0.113 48 -10 313 -21 -133 -186 3502 1005 1942
0.099 -10 -4 225 7 -61 -218 3462 1005 1925
0.113 -23 4 244 28 -22 -286 3487 1077 1900
0.113 -14 6 299 32 -204 -253 3492 1015 1957
0.099 3 -31 272 -21 -172 -315 3525 1052 1932
0.099 -25 -24 249 -1 -198 -273 3525 1110 1920
0.113 -4 -18 255 18 -183 -208 3507 1085 1925
0.113 -13 0 248 28 -148 -138 3497 1137 1937
0.085 -20 11 252 -37 -128 -75 3467 1132 1937
0.099 57 -20 424 -16 431 40 3492 1175 1900
0.099 5 0 239 -70 409 157 3482 1137 1910
0.085 -57 -10 245 34 155 143 3472 1142 1915
0.057 -41 -4 290 46 40 137 3472 1110 1957
0.071 -39 0 283 17 -58 132 3497 1137 1972
0.071 -16 -12 294 35 -207 134 3462 1100 1987
0.057 -33 -4 249 7 -333 131 3467 1125 1952
0.085 -4 -9 283 13 -300 115 3487 1090 1895
0.071 -20 -4 252 50 -323 98 3512 1062 1890
0.057 20 8 283 17 -158 137 3497 1105 1880
0.071 12 -2 207 -19 99 163 3507 1072 1890
0.043 0 -5 240 -36 54 207 3492 1067 1880
0.071 -10 2 274 -12 109 197 3507 1067 1905
0.057 66 17 396 0 437 194 3545 1062 1870
0.043 -77 35 194 4 404 288 3520 1062 1890
0.043 -4 3 275 -38 224 344 3472 1005 1905
0.028 -10 -3 278 -34 188 335 3487 1025 1942
0.057 -11 4 284 -12 68 298 3530 1030 1982
0.043 -13 3 238 24 26 274 3467 1000 1962
0.043 -3 4 248 14 97 237 3502 925 1957
0.043 -9 3 255 -31 84 162 3482 967 1962
0.057 7 5 246 1 66 53 3492 967 1947
0.028 13 -7 255 -33 38 -37 3497 940 1967
0.057 -2 -9 231 -2 58 -136 3467 962 1962
0.071 -11 -18 182 22 -9 -209 3492 967 1942
0.043 10 -18 250 -65 163 -211 3440 995 1977
0.043 -25 -5 235 0 138 -178 3467 1000 1972
0.057 -24 3 250 -9 27 -138 3477 982 1910
0.043 9 -4 277 32 33 -49 3425 1035 1962
0.043 8 8 261 -15 71 -7 3430 1000 1972
0.043 13 4 233 6 56 46 3482 1000 1942
0.057 1 6 250 7 64 66 3502 967 1952
0.043 3 0 269 14 16 62 3502 967 1920
0.057 11 -9 263 15 1 77 3507 1005 1942
0.043 8 -13 240 31 -22 76 3450 1010 1972
0.043 -24 3 204 17 -5 73 3477 1030 1920
0.071 -22 -9 217 46 29 103 3482 967 1972
0.057 2 -3 260 -22 14 127 3502 1020 2015
0.043 39 0 353 -103 71 172 3482 987 1967
0.043 -45 16 223 -24 -164 205 3467 1025 2015
0.057 -15 7 219 -7 -185 276 3477 935 1987
0.043 3 -3 216 -62 37 291 3520 935 1967
0.057 -3 3 228 11 22 278 3525 925 1977
0.043 28 -4 245 -28 58 254 3467 897 1995
0.057 7 -16 239 -30 63 201 3487 930 1962
0.043 1 -8 255 17 -39 156 3502 887 1977
0.057 6 -6 260 17 -63 105 3472 877 1967
0.057 10 5 240 22 -47 54 3450 897 1947
0.071 21 8 266 53 97 17 3492 867 1957
0.057 -5 -8 239 34 58 -17 3520 892 2015
0.057 -1 -16 257 -2 156 -37 3502 887 1987
0.057 -10 -15 263 47 12 -60 3535 887 1977
0.057 -1 -16 267 -10 -36 -59 3477 862 1967
0.057 -2 7 264 -37 -102 -54 3482 872 1987
0.071 -8 9 268 -71 5 -30 3520 935 2020
0.057 -6 17 267 -13 -115 -8 3477 905 1982
0.057 -18 -3 237 -33 -60 8 3455 930 1982
0.057 17 -20 245 -33 -26 -6 3477 915 1957
0.057 28 -12 287 -61 96 -28 3467 910 1967
0.057 -20 -11 240 10 -7 -34 3497 887 1977
0.142 7 -6 271 7 19 -21 3520 877 1977
0.057 -25 1 242 -22 -85 -21 3502 887 1957
0.057 -16 2 205 31 -106 -9 3497 855 1982
0.057 24 -9 268 0 55 -8 3520 845 2010
0.057 5 -3 270 -45 -8 6 3507 830 1995
0.057 -5 -5 250 28 -33 11 3462 892 1995
0.057 -1 -1 243 10 -18 13 3455 850 1967
0.057 10 0 268 15 -27 7 3482 862 2000
0.057 -15 5 231 0 -52 -5 3455 840 2025
0.057 20 -7 276 1 55 -10 3497 862 1925
0.057 11 -2 264 53 -17 -4 3497 920 1972
0.057 1 3 264 -19 51 -2 3450 882 1995
0.057 2 -6 255 13 18 11 3525 887 1967
0.085 -6 -6 265 15 -13 43 3540 887 1957
0.057 0 -5 260 16 -28 57 3535 920 1977
0.043 -2 1 251 11 -42 70 3472 867 1925
0.057 -1 3 248 22 -36 63 3502 862 1925
0.057 -8 7 247 33 14 56 3467 920 1952
0.057 1 0 253 -3 -28 30 3492 910 1942
0.057 -1 3 241 -2 -58 -15 3467 850 1947
0.057 3 -9 234 40 -32 -45 3462 920 1942
0.057 5 -6 242 37 -12 -92 3545 867 1982
0.057 -8 1 258 -24 -47 -105 3507 855 2000
0.071 10 -8 266 -6 -96 -115 3462 905 1962
0.057 6 -3 257 -16 -93 -111 3487 897 1920
0.099 1 0 256 0 -72 -71 3492 892 1895
0.057 6 5 253 -20 -61 -28 3477 882 1947
0.057 8 2 254 -20 -38 5 3492 930 1937
0.057 4 4 261 -17 -18 26 3502 905 1982
0.071 4 4 258 -24 -11 28 3555 925 1967
0.071 5 -3 259 -4 -19 22 3492 940 1932
0.057 4 -3 254 -2 -4 -3 3502 905 1932
0.057 4 -3 251 -12 5 -26 3525 915 1910
0.057 70 -6 372 -37 257 -29 3512 877 1932
0.057 -1 -8 211 24 79 -79 3492 862 1952
0.071 -13 1 248 -50 80 -92 3535 877 1925
0.057 -20 -2 257 2 54 -123 3502 935 1967
0.085 -5 1 265 2 -20 -117 3497 977 1952
0.071 1 -4 265 0 -52 -111 3507 952 1977
0.057 3 -1 244 -30 -51 -113 3462 892 1947
0.071 -1 -5 241 -8 -44 -116 3477 935 1967
0.057 -1 0 254 -3 -17 -117 3405 930 1920
0.057 3 -1 253 -28 -4 -110 3440 982 1905
0.071 3 -4 258 -16 13 -114 3462 977 1915
0.057 -1 0 258 -10 29 -118 3450 940 1905
0.071 3 3 255 -42 51 -116 3477 982 1967
0.057 1 -3 252 -23 63 -111 3482 972 1952
0.057 12 -5 258 -22 121 -126 3502 977 1967
0.057 10 -9 264 -28 88 -109 3477 982 1982
0.085 -2 -4 258 -11 107 -106 3450 1000 1925
0.057 -3 -1 258 -35 86 -102 3482 1005 2005
0.057 -4 -3 255 -30 59 -86 3430 957 1977
0.071 -1 -4 255 -26 46 -76 3420 957 1910
0.057 -3 -3 257 -2 34 -65 3462 977 1972
0.057 0 -3 258 -4 3 -45 3462 995 1942
0.057 -2 -1 262 -13 -24 -21 3467 977 2020
0.071 0 -4 252 -3 -30 6 3477 1035 1962
0.057 -3 3 254 -5 -3 18 3425 1015 1972
0.057 -4 1 256 2 11 48 3435 1015 1967
0.057 2 -1 255 9 33 78 3435 1020 1962
0.057 13 0 279 -20 59 95 3492 1010 1987
0.071 20 -3 293 14 159 102 3467 982 2010
0.071 9 -4 266 51 61 101 3462 977 1967
0.057 65 -3 320 -22 -108 37 3462 1030 1962
0.057 54 -4 337 -91 213 83 3445 1010 2035
0.057 -44 -3 201 37 -20 71 3430 987 1977
0.071 -21 4 358 14 -91 83 3472 972 1977
0.057 -28 -3 271 40 -11 155 3425 1000 2015
0.043 -23 2 381 80 -68 147 3445 977 2015
0.057 8 -6 291 46 23 165 3497 945 1962
0.057 -43 9 322 27 -96 174 3467 945 1995
0.057 0 0 246 14 -28 151 3525 945 1977
0.057 16 -8 281 14 -76 173 3450 952 1972
0.071 -12 2 271 -5 -135 162 3487 930 1972
0.057 -4 1 263 -3 -213 136 3455 930 1925
0.071 -4 -4 225 6 -72 108 3550 920 1957
0.057 1 -3 190 1 -159 48 3550 952 1925
0.057 1 -15 186 35 -56 6 3597 882 1967
0.057 13 -7 250 10 -36 -48 3492 897 1925
0.057 -6 -1 249 2 -56 -68 3502 887 2005
0.071 1 -8 269 -23 -63 -100 3502 877 2000
0.057 -8 0 264 -9 -104 -82 3472 915 1932
0.057 -4 5 249 -22 -105 -58 3512 952 1925
0.071 1 6 240 -25 -95 -22 3497 1000 1920
0.057 28 -5 269 -65 22 23 3497 905 1952
0.085 7 -9 251 -6 3 71 3520 972 1972
0.057 -4 -6 275 -16 -14 66 3497 945 1972
0.071 6 -3 270 -9 -78 62 3472 910 1920
0.057 1 -6 251 10 -84 48 3545 952 1962
0.057 7 -9 249 29 -62 32 3507 920 1920
0.057 7 0 248 17 -37 22 3477 920 1925
0.071 6 -3 243 28 -15 18 3502 882 1925
0.057 6 -6 253 21 -24 29 3545 892 1925
0.071 0 -3 254 28 -49 21 3512 920 1895
0.057 -4 0 252 19 -31 32 3472 925 1942
0.071 -1 -1 251 29 -38 27 3492 930 1885
0.057 0 0 254 24 -21 21 3530 910 1915
0.057 5 5 258 8 -19 15 3545 877 1967
0.170 8 -4 257 7 24 8 3507 887 1890
0.057 7 -3 252 14 45 4 3502 920 1937
0.057 7 -4 250 10 51 2 3502 910 1920
0.071 5 -2 254 25 58 -5 3530 905 1900
0.071 3 0 251 1 54 -4 3565 935 1895
0.057 1 -3 258 5 44 -10 3502 925 1915
0.057 2 -1 262 0 30 -15 3482 920 1925
0.071 -2 -2 259 5 15 -19 3530 892 1962
0.057 -3 -3 251 5 9 -13 3512 882 1967
0.057 0 -5 246 11 5 -7 3502 892 1932
0.071 -3 0 246 23 18 -4 3477 935 1957
0.071 -1 3 252 17 18 1 3512 935 1915
0.057 4 0 267 17 -8 6 3497 935 1937
0.085 0 6 256 1 -51 11 3540 882 1937
0.057 4 0 254 1 -60 11 3497 905 1920
0.071 1 -2 253 4 -65 19 3502 920 1947
0.071 1 -8 259 28 -74 24 3502 920 1895
0.057 0 -6 262 10 -77 33 3520 940 1885
0.071 1 -8 255 15 -79 45 3520 930 1937
0.057 0 -6 253 16 -61 45 3555 905 1915
0.071 0 2 254 12 -44 51 3492 920 1915
0.071 2 1 256 20 -32 59 3570 915 1925
0.057 5 1 258 10 -34 58 3550 892 1890
0.057 5 -1 255 19 -35 54 3550 915 1852
0.057 5 0 254 6 0 31 3535 897 1880
0.085 4 4 257 -11 3 10 3587 897 1875
0.071 7 0 252 -5 8 -5 3570 940 1890
0.057 7 3 252 -4 25 -21 3512 940 1957
0.057 8 -2 251 -1 34 -29 3520 867 1875
0.057 7 -3 249 -3 52 -31 3512 872 1910
0.057 3 -5 252 -14 58 -32 3530 877 1885
0.071 0 -2 253 -20 58 -35 3545 882 1937
0.057 4 0 257 -25 53 -33 3530 945 1920
0.071 3 4 257 -30 37 -43 3472 967 1920
0.057 1 8 249 -37 35 -53 3502 897 1905
0.071 4 3 251 -38 42 -66 3440 940 1915
0.057 6 -4 251 -13 37 -77 3477 935 1932
0.071 4 -13 263 32 46 -89 3512 905 1925
0.085 2 -8 251 -12 9 -79 3482 910 1947
0.057 -2 -3 247 2 1 -73 3440 920 1920
0.071 -1 1 251 -4 13 -62 3497 945 1967
0.071 -4 2 253 25 17 -36 3525 930 1967
0.071 1 1 255 20 19 1 3497 967 1925
0.057 -1 -2 250 12 9 40 3520 940 1952
0.057 -4 -10 250 29 7 71 3462 920 1905
0.071 -3 0 267 -25 -11 95 3455 905 1942
0.057 -5 -5 267 11 -56 103 3512 930 1937
0.057 -2 5 261 -2 -83 99 3450 905 1942
0.071 0 5 255 -2 -103 72 3472 897 1977
0.057 26 8 278 22 -66 49 3487 905 1910
0.085 6 31 290 30 -11 19 3507 867 1967
0.085 13 -2 277 -33 65 -10 3497 905 1967
0.057 -5 -3 234 1 70 -33 3487 940 1937
0.057 -1 -8 272 -13 93 -74 3555 935 1920
0.071 1 -8 256 -24 123 -106 3487 920 1942
0.057 -6 -4 244 -2 -22 -120 3497 935 1937
0.071 14 -12 293 11 -11 -118 3472 905 1947
0.085 11 -4 291 31 12 -108 3492 910 1957
0.057 -8 4 241 1 -61 -89 3520 930 1947
0.071 12 -4 280 -1 110 -82 3467 940 1942
0.057 -3 5 245 4 -57 -64 3487 945 1977
0.071 21 -6 294 3 -71 -55 3507 945 1920
0.057 7 -6 264 -44 -76 -53 3492 1000 1957
0.099 12 -4 278 -52 -72 -24 3525 957 1942
0.071 13 -1 259 -49 23 -39 3512 972 1942
0.057 -16 -1 228 -72 23 -5 3487 940 1910
0.057 -5 -5 244 38 33 -16 3512 995 1942
0.071 -19 -4 278 -21 -39 -12 3482 945 1937
0.071 1 -11 274 20 -104 -5 3502 905 1937
0.057 9 -7 261 -2 -57 -7 3455 920 1932
0.057 -12 -5 227 3 -62 21 3512 962 1937
0.057 21 -10 262 15 -21 19 3535 952 1925
0.057 -2 0 241 -11 44 26 3530 987 1962
0.057 -1 -4 256 15 27 15 3520 977 1925
0.057 9 -4 287 49 63 9 3492 987 1932
0.085 0 4 252 10 -58 1 3512 1005 1947
0.057 -3 0 251 4 17 -8 3507 987 1900
0.057 -7 -1 234 23 -68 -28 3502 957 1925
0.057 12 -3 258 18 92 -54 3507 1020 1972
0.071 -13 0 254 -11 -81 -78 3520 967 1890
0.057 -14 2 224 46 18 -84 3455 930 1900
0.057 5 -6 262 -17 53 -77 3492 935 1905
0.057 -9 7 252 26 -26 -66 3507 987 1925
0.057 -1 -5 259 2 -70 -39 3497 920 1915
0.071 12 0 277 0 -8 -17 3497 1020 1932
0.057 4 3 240 7 -71 -34 3520 967 1925
0.057 5 1 248 -31 -80 -41 3555 995 1905
0.085 5 0 262 -6 -107 -80 3535 935 1885
0.057 8 -4 257 -13 -96 -100 3507 1000 1900
0.057 8 -6 251 -1 -103 -115 3560 972 1900
0.071 11 -7 253 2 -78 -131 3477 967 1847
0.043 7 -1 254 3 -57 -133 3545 987 1890
0.057 9 -5 259 -7 -63 -112 3520 1035 1870
0.071 6 -3 256 2 -56 -83 3507 1020 1885
0.057 10 -3 238 -23 203 -19 3530 1057 1910
0.057 33 -3 250 -14 154 -5 3535 1072 1920
0.057 -36 26 234 -44 137 24 3535 1020 1875
0.043 16 -1 301 29 77 -17 3507 1047 1910
0.057 16 0 278 -11 138 -21 3467 982 1875
0.156 11 -11 258 -5 -49 -59 3502 1005 1932
0.057 -1 3 239 -8 -93 -95 3472 1035 1905
0.057 0 -2 244 -17 -87 -111 3540 1035 1905
0.071 11 -2 257 -20 -68 -118 3482 1015 1905
0.057 6 2 262 -4 -111 -103 3520 1042 1915
0.071 -1 2 262 -6 -135 -90 3502 1042 1925
0.057 0 1 259 -29 -153 -82 3507 1047 1890
0.057 -3 1 253 -25 -171 -67 3545 1062 1875
0.071 4 1 266 -32 -152 -52 3530 1085 1875
0.057 20 -2 278 -19 107 -62 3492 1085 1870
0.057 22 -3 250 6 18 -29 3520 1057 1885
0.085 -44 0 232 -104 489 -43 3550 1005 1875
0.043 16 0 208 -17 357 -16 3530 1105 1890
0.057 11 -27 200 -72 283 -28 3450 1072 1947
0.057 -5 -12 277 -11 183 -40 3487 1072 1962
0.057 -10 -4 280 -33 116 -77 3482 1090 1915
0.057 -3 -10 257 -3 52 -57 3525 1110 1962
0.057 -4 2 254 -4 -17 -44 3507 1132 1987
0.071 -3 4 246 -17 -62 -32 3482 1067 1915
0.057 -6 -1 249 9 -34 -5 3497 1057 1925
0.057 9 -1 286 -13 17 5 3492 1072 1957
0.057 1 -2 253 -20 113 34 3462 1057 1952
0.057 2 -7 245 27 -10 53 3497 1057 1952
0.071 -9 1 263 -6 10 80 3545 1015 1977
0.057 2 1 281 -3 27 96 3455 1015 1932
0.057 -2 -4 249 4 69 114 3440 1052 1982
0.057 -5 -3 253 20 43 157 3450 1062 1972
0.043 -7 -9 221 20 61 174 3477 1035 1932
0.057 1 -16 272 51 65 194 3482 1030 1952
0.057 -1 -3 251 52 57 177 3467 1025 1915
0.043 5 -2 275 3 12 180 3482 1030 1942
0.057 -12 2 267 11 14 140 3530 1020 1972
0.043 -6 3 259 9 -47 114 3497 1025 1942
0.057 -9 -5 223 49 -40 81 3487 987 1920
0.057 5 -5 234 -13 127 42 3487 1030 1967
0.057 0 7 263 -22 89 9 3487 967 1962
0.057 -6 4 261 -24 63 -30 3472 1000 1962
0.028 21 -5 305 9 101 -41 3512 1015 1967
0.057 -18 6 254 -29 -24 -35 3492 1010 1982
0.057 -10 4 261 -13 -50 -40 3502 1015 1937
0.057 12 -3 295 1 -12 -41 3425 1030 1925
0.043 -1 -2 255 25 -43 -33 3477 1035 1982
0.057 -2 -4 255 -6 -66 -27 3482 1020 1910
0.057 0 -3 254 -3 -77 -17 3520 982 1925
0.057 12 -1 278 -34 -33 -9 3482 1015 1920
0.028 -3 1 249 32 -13 -18 3492 1000 1915
0.057 -4 3 257 -11 -10 -20 3477 1020 1962
0.071 7 -8 256 -7 -22 -24 3492 1010 1982
0.043 2 -7 246 0 -12 -24 3520 1005 1915
0.043 -7 0 244 -30 26 2 3512 995 1942
0.057 -11 2 251 -35 -60 3 3502 1020 2000
0.057 15 4 285 -38 -60 43 3467 1020 1895
0.043 2 3 249 -17 -4 66 3507 995 1905
0.043 0 3 268 -53 66 83 3472 1005 1895
0.043 -7 -4 235 -11 66 95 3477 1025 1905
0.057 -2 -4 259 -15 -47 87 3482 957 1962
0.043 17 -7 309 17 -74 88 3482 1000 1920
0.043 23 -7 295 -57 -31 90 3487 1015 1942
0.043 -1 -5 246 8 -13 73 3512 1015 1900
0.085 11 -3 230 44 -41 50 3492 1030 1905
0.043 28 -7 290 34 -13 54 3497 1000 1910
0.043 4 -7 252 12 -16 54 3502 910 1920
0.043 6 0 279 4 0 42 3482 962 1925
0.057 8 -6 274 43 -29 52 3492 945 2005
0.028 -9 6 251 12 -29 59 3512 987 1967
0.057 3 0 265 36 -53 63 3545 977 1905
0.043 -6 1 228 29 -15 58 3530 1005 1915
0.057 17 3 279 27 -3 59 3482 982 1920
0.028 -9 7 250 6 3 54 3520 1010 1942
0.057 23 -3 277 13 -14 42 3477 995 1957
0.057 7 -4 255 6 -8 33 3530 887 1952
0.043 3 -3 258 -14 19 25 3525 957 1972
0.071 -3 -5 260 9 -25 21 3507 925 1962
0.043 -1 -2 262 16 -17 24 3472 945 1942
0.057 1 0 252 4 -27 35 3487 982 1910
0.043 -2 -3 255 20 -31 38 3492 945 1967
0.043 -2 3 253 16 -28 40 3520 945 1895
0.057 20 -2 273 17 -19 46 3507 935 1920
0.028 0 2 257 -5 27 33 3520 962 1932
0.057 -7 -2 260 4 -49 20 3502 952 1905
0.057 -2 -2 266 -6 -51 3 3512 967 1952
0.028 3 -2 258 0 -56 -1 3487 957 1937
0.057 6 -3 254 1 -48 3 3535 945 1932
0.043 6 -5 249 2 -16 6 3535 940 1905
0.071 9 -5 257 4 32 34 3512 967 1910
0.028 1 -1 249 13 42 39 3497 905 1957
0.043 -4 0 253 11 38 37 3502 905 1987
0.043 -5 5 258 8 26 33 3497 925 1932
0.043 -3 5 257 6 6 23 3512 925 1937
0.028 -1 4 257 4 -13 12 3507 995 1932
0.057 -2 -1 257 -3 -25 4 3497 945 1870
0.028 -1 -6 255 2 -41 -9 3520 930 1920
0.057 -1 -6 252 -2 -53 -1 3462 935 1925
0.028 1 -7 258 7 -59 7 3512 940 1910
0.043 -1 -3 257 9 -52 22 3525 972 1895
0.043 -1 -1 256 8 -53 42 3520 967 1925
0.028 13 -2 261 -7 -33 73 3525 995 1987
0.099 -10 -3 233 -9 94 113 3502 945 1937
0.028 -8 -3 255 4 133 100 3512 957 1910
0.043 -5 3 268 12 16 80 3487 877 1952
0.028 -9 -1 259 5 -15 70 3440 920 1942
0.043 -8 2 260 8 -30 46 3487 910 1895
0.028 -8 3 250 2 -34 22 3525 905 1885
0.043 -2 -2 254 10 -28 7 3570 910 1865
0.028 -3 -1 256 7 -22 0 3597 977 1920
0.028 -3 0 253 9 -25 -8 3525 930 1925
0.043 -3 -2 258 10 -52 2 3550 962 1932
0.028 -4 0 258 0 -98 5 3555 910 1937
0.028 -8 -1 261 9 -127 11 3525 940 1880
0.043 -5 -1 255 -8 -182 19 3535 920 1885
0.043 1 2 258 -2 -185 21 3540 935 1885
0.028 5 -1 258 -15 -162 41 3520 915 1875
0.028 30 18 276 42 -41 18 3497 930 1875
0.028 18 5 241 -22 15 27 3582 935 1880
0.028 5 -1 238 -1 61 8 3550 935 1895
0.028 2 -5 253 -19 58 -18 3540 920 1865
0.028 4 -8 261 -7 64 -31 3565 925 1915
0.028 5 -6 258 3 43 -33 3520 882 1857
0.028 5 -1 253 -3 28 -24 3520 910 1962
0.028 53 5 336 -30 184 -2 3525 855 1957
0.028 -5 21 231 14 135 -12 3502 892 1910
0.028 27 2 271 -19 144 5 3560 930 1895
0.043 0 -5 237 -26 132 14 3525 887 1920
0.028 -15 1 241 8 67 -1 3535 910 1915
0.043 -6 3 261 -39 88 -6 3530 910 1910
0.028 -4 0 247 -17 60 -7 3545 887 1967
0.028 11 -9 256 -7 69 1 3520 940 1952
0.028 -12 -3 219 -24 101 -8 3455 945 1972
0.028 4 0 258 -23 75 11 3497 982 1982
0.028 16 0 273 -43 87 8 3497 982 1987
0.028 11 -2 267 -30 64 11 3502 897 1915
0.043 -7 0 253 -12 54 -5 3482 892 1952
0.028 -11 -2 254 -24 40 -10 3502 887 1952
0.043 -7 -2 256 -13 28 -39 3487 877 1967
0.028 -14 -10 251 9 43 -46 3525 915 1967
0.028 -10 -5 265 -7 33 -43 3482 935 1942
0.028 -7 -5 251 3 2 -47 3482 897 1967
0.028 -8 -2 253 -2 0 -41 3487 925 1937
0.014 -1 3 260 -7 11 -36 3487 905 1972
0.028 -3 4 260 -8 17 -36 3502 905 1972
0.028 -1 1 262 4 -17 -52 3455 925 2020
0.028 0 -3 263 -11 35 -58 3502 915 1967
0.014 -11 -2 248 -3 11 -71 3492 952 1947
0.028 -15 -4 245 1 1 -73 3455 877 2035
0.014 12 -8 272 12 -14 -72 3520 920 1937
0.028 -2 -3 263 -16 16 -72 3492 930 1962
0.028 -10 1 254 -7 12 -43 3482 915 1962
0.000 -8 3 260 -3 18 -28 3477 935 1977
0.028 -9 2 258 10 12 -14 3502 887 1972
0.000 -11 0 255 4 18 -11 3477 910 1925
0.014 -8 -3 252 1 14 -6 3477 905 1925
0.014 -11 -6 255 5 9 0 3482 920 1947
0.000 -7 -8 259 4 5 4 3450 910 1957
0.014 -4 -6 258 2 1 22 3450 940 1947
0.014 -3 -2 255 6 6 48 3492 967 1967
0.000 -3 -2 255 5 8 74 3450 935 1900
0.000 2 -2 257 5 11 103 3487 952 1947
0.014 1 0 258 8 5 130 3482 940 1947
0.000 -2 -1 256 10 -3 142 3497 945 1977
0.014 -5 -3 255 10 -6 146 3477 892 1942
0.000 -5 0 262 9 4 145 3477 887 1977
0.014 -5 1 256 3 25 130 3482 897 2025
0.000 -3 -1 252 11 14 123 3482 887 1982
0.014 1 -5 255 7 10 115 3477 892 1942
0.000 5 -6 257 8 6 119 3525 940 1995
0.000 6 -5 256 3 14 125 3487 897 1982
0.014 5 1 249 5 12 121 3497 872 1920
0.000 2 2 252 7 19 116 3502 872 1947
0.014 0 2 255 1 11 109 3497 792 1987
-0.014 -3 -2 257 3 1 104 3487 840 1967
0.000 -3 -2 260 -4 11 89 3520 835 1977
0.014 -3 -4 264 -2 1 79 3467 850 1942
0.000 -10 0 257 0 -1 57 3535 840 1957
0.000 -3 2 258 0 -7 41 3472 830 1932
0.000 -3 2 257 -1 3 29 3507 787 1937
0.000 -4 2 252 -1 2 15 3450 835 1952
0.014 -2 -3 255 -1 1 -1 3492 897 1925
0.000 1 -4 259 3 1 -8 3535 845 1962
0.000 1 -3 252 -4 5 -14 3530 797 1995
0.000 2 -5 257 -1 2 -23 3482 850 1987
0.014 -1 1 255 1 5 -28 3497 830 1995
0.000 0 -1 255 -2 7 -26 3477 850 1962
0.000 -3 0 255 1 8 -27 3482 825 1995
0.000 -3 -2 256 2 4 -25 3530 845 1987
0.000 -4 -3 254 -2 7 -11 3497 882 2000
0.000 -4 2 256 -3 -2 -1 3492 855 1982
0.000 -1 0 253 1 -3 5 3472 840 1967
0.000 2 -1 258 1 -5 12 3502 797 2040
0.000 1 -2 258 -1 -4 5 3455 897 1925
0.000 1 -3 255 3 -1 -6 3462 872 1937
0.000 2 -5 254 2 -1 -11 3512 840 2025
0.000 1 -2 251 1 4 -23 3502 850 1957
0.000 0 -3 255 0 3 -29 3472 835 2000
0.000 -4 -4 254 -2 3 -38 3455 872 2015
0.000 -2 -4 255 -6 5 -38 3487 862 1947
0.000 -5 -3 255 -2 6 -27 3497 825 1915
0.000 -2 -6 260 0 26 -15 3492 850 1920
0.000 -1 1 256 -3 66 0 3525 797 1952
-0.028 20 1 252 -7 267 90 3467 877 1972
-0.014 18 -5 264 0 339 127 3472 835 2010
0.000 3 -2 251 -11 351 151 3472 750 2005
-0.014 3 9 256 31 294 125 3462 792 2025
0.000 -12 3 267 -18 201 113 3455 820 2025
-0.014 -25 -6 293 -9 80 66 3520 887 2072
0.000 -9 -7 251 4 -17 43 3425 835 2055
0.000 -11 -4 246 13 -98 7 3435 797 2040
0.000 -14 -2 252 1 -171 -14 3472 877 2035
0.000 -8 4 262 2 -251 -42 3445 872 2030
0.000 -15 5 257 2 -312 -60 3445 787 2020
0.028 -9 -5 232 1 -331 -73 3450 882 2035
0.014 -7 -7 232 7 -367 -84 3525 807 2045
0.000 -6 -1 262 -2 -391 -74 3450 825 1952
0.014 127 19 436 -85 -168 -70 3472 820 1937
0.000 17 -20 184 -32 105 -72 3492 855 1910
0.000 10 -9 184 -14 95 -44 3507 815 1977
0.000 9 -4 268 21 133 -49 3497 825 2015
0.000 -3 1 274 -7 102 -38 3497 830 1982
0.000 -4 0 277 -11 64 -23 3477 855 1952
0.000 -5 0 239 2 35 -8 3462 882 1995
0.000 -5 1 237 4 8 7 3455 845 1972
0.000 -5 -3 257 3 1 20 3497 835 1995
0.000 1 -7 269 1 -12 25 3440 807 1967
0.014 0 -5 263 -6 -27 28 3462 820 1937
0.000 -2 -2 246 3 -34 33 3502 835 1977
0.000 -3 2 248 5 -44 36 3507 840 1995
0.000 -3 -2 255 1 -55 30 3467 845 2005
0.000 -4 -3 263 3 -70 28 3502 855 1967
0.000 -1 -3 253 -10 -19 30 3472 845 1982
0.014 4 -3 248 3 -11 24 3492 867 2000
0.000 4 -3 249 0 35 17 3420 862 2010
0.000 3 -3 255 3 36 14 3482 820 1952
0.000 -3 -2 258 -1 24 7 3467 815 1932
0.000 -5 -2 260 -1 5 6 3512 802 1967
0.000 -4 0 258 1 -17 4 3512 855 1995
0.000 -3 -2 251 2 -31 -4 3497 855 1967
0.014 8 -2 265 -5 -5 -6 3512 845 1947
0.000 -1 -3 251 5 10 -6 3497 820 1962
0.000 -1 -2 259 2 11 -6 3472 787 1957
0.000 0 -4 254 5 4 -12 3492 792 1995
0.000 -1 -1 255 0 -2 -9 3502 825 1957
0.000 -1 1 255 2 -7 -6 3502 825 1920
0.000 -1 -1 255 -5 -2 -2 3482 820 1942
0.000 0 -4 254 -2 3 -1 3530 825 1972
0.000 2 -6 262 1 5 3 3472 807 1925
0.000 1 -2 255 1 1 4 3497 807 1967
0.000 -2 -2 257 3 1 2 3492 862 1977
0.000 -1 -1 258 -3 -1 6 3487 840 2010
0.000 1 -2 257 2 -1 7 3487 850 1982
0.000 2 -2 256 -2 -1 6 3482 820 1937
0.000 0 -3 253 3 5 4 3530 855 1957
0.000 1 -3 259 3 3 2 3502 807 1957
0.000 0 2 254 3 0 0 3472 867 1967
0.000 1 -2 258 0 -1 -1 3482 797 1952
0.000 1 -2 255 4 -2 -2 3502 787 1995
0.000 0 -2 256 -1 2 -1 3487 850 1947
0.000 0 -2 255 0 3 -3 3512 802 2025
0.000 2 -3 256 -2 1 1 3502 792 2000
0.000 -1 -2 256 2 1 -4 3482 850 1962
0.000 -1 -2 256 0 0 -3 3487 825 1947
0.000 -2 0 250 0 2 1 3502 820 2000
0.000 -1 -1 257 -3 -2 0 3492 820 1982
0.000 1 -3 254 0 2 1 3492 797 1962
0.000 2 -1 254 -1 2 1 3492 815 1972
0.000 1 -1 255 3 1 2 3530 815 1957
0.000 0 -2 255 1 0 -1 3497 862 2010
0.000 -1 0 254 1 2 -1 3497 882 2035
0.000 0 0 255 0 -2 -1 3472 867 2020
0.000 2 -2 257 1 -4 1 3462 872 1995
0.000 0 0 257 0 3 -2 3420 830 2040
0.000 2 -1 258 -1 1 0 3472 845 1982
0.000 0 -3 257 2 1 2 3492 845 1982
0.000 -2 1 251 1 0 -2 3482 840 1942
0.000 -1 0 258 -3 2 3 3482 820 2015
0.000 -1 -3 255 1 0 0 3477 802 1962
0.000 -1 -3 252 -2 2 1 3482 850 1967
0.000 1 -2 254 1 0 -2 3492 840 2000
0.000 2 -2 255 1 0 1 3487 862 1967
0.000 1 -4 258 -1 -2 -1 3507 840 1995
0.000 1 0 254 -1 -1 4 3472 855 2020
0.000 -3 -3 254 -1 2 -1 3487 840 1952
0.000 0 -2 255 0 0 1 3425 802 1995
0.000 1 -3 256 1 1 -2 3482 862 1987
0.000 0 -2 255 2 0 1 3497 855 1987
0.000 -1 1 254 2 0 -1 3400 855 1982
0.000 -1 -1 256 0 3 1 3477 892 1957
0.000 1 -2 256 -1 5 -2 3477 872 1957
0.000 -1 -2 257 4 3 -1 3477 845 1987
0.000 -1 -2 252 -1 -2 -1 3482 840 1952
0.000 0 -2 254 6 3 0 3477 797 1967
0.000 0 -3 258 -1 3 -1 3512 877 2010
0.000 -1 0 255 3 0 0 3497 867 2005
0.000 1 -3 255 1 2 2 3415 850 1982
0.000 0 -3 255 1 0 -1 3507 792 1967
0.000 -1 -2 253 -1 1 3 3525 840 2025
0.000 0 -2 257 0 2 1 3570 820 1962
0.000 -1 0 255 2 3 2 3492 845 1972
0.000 -1 -2 256 1 1 2 3497 850 1947
0.000 -1 2 254 -1 2 1 3525 815 1982
0.000 1 -1 256 3 -3 4 3507 825 1962
0.000 0 -3 254 -1 1 0 3520 825 1972
0.000 0 -2 257 -1 1 1 3535 792 2015
0.000 -1 0 258 -3 3 4 3492 882 1967
0.000 1 -3 254 2 1 0 3455 830 1995
0.000 -2 0 255 -2 -1 0 3502 835 2000
0.000 2 -2 258 -2 3 0 3487 845 1942
0.000 0 -2 254 3 -2 -4 3512 845 1972
0.000 -1 -1 254 -3 -2 2 3482 855 1942
0.000 1 -1 255 0 2 0 3507 792 1942
0.000 -2 -1 253 1 -2 -4 3467 820 2020
0.000 1 -1 255 0 1 0 3482 835 1932
0.000 -1 -1 255 -2 1 0 3482 825 2000
0.000 -1 -2 255 -1 1 1 3482 840 2045
0.000 0 -1 255 1 0 1 3507 835 2005
0.000 0 0 254 -1 0 1 3492 867 1915
0.000 -1 -2 255 -1 1 -1 3482 820 1920
0.000 2 -3 255 -1 0 3 3482 815 1967
0.000 0 -3 253 1 -5 2 3512 825 2015
0.000 2 -3 258 1 4 0 3482 825 1972
0.000 0 -1 253 1 6 0 3507 850 1962
0.000 -1 -3 256 1 -4 1 3482 845 1952
0.000 0 -1 254 1 0 -1 3462 835 1972
0.000 0 -1 252 1 3 1 3462 782 1982
0.000 -1 0 256 -1 1 3 3445 802 1915
0.000 -1 0 252 0 2 0 3520 840 1937
0.000 2 -3 256 -1 -1 -1 3497 887 1972
0.000 1 -2 257 1 0 5 3487 830 1977
0.000 -1 0 255 -3 0 0 3450 777 2005
0.000 0 0 255 1 -3 1 3492 802 2000
0.000 0 -2 256 2 3 0 3492 850 1962
0.000 1 -3 259 -3 2 0 3502 825 1987
0.000 0 -3 257 -2 2 0 3467 845 2000
0.000 0 -3 257 -1 2 1 3525 850 1995
0.000 0 -3 259 -1 1 -1 3472 872 1972
0.000 3 -3 256 0 -3 1 3502 877 1995
0.000 1 -1 253 2 4 2 3482 840 1967
0.000 2 -3 257 1 -1 1 3472 820 2005
0.000 2 -4 257 2 2 -1 3482 825 1967
0.000 0 -3 255 2 -4 1 3487 867 2040
0.000 3 -1 254 4 0 -2 3472 797 1962
0.000 0 -1 256 -1 3 -2 3492 825 1967
0.000 0 -3 258 2 2 1 3482 850 1967
0.000 1 -2 258 0 1 2 3502 807 1900
0.000 1 -3 255 2 -2 -1 3525 830 1987
0.000 0 -3 257 1 -1 3 3507 815 1957
0.000 0 -2 254 -1 -3 -1 3477 887 1982
0.000 1 -2 257 2 -1 0 3492 862 1947
0.000 -1 -3 258 2 0 0 3487 867 2000
0.000 1 -1 257 3 1 3 3477 830 2005
0.000 2 -2 257 -2 0 1 3455 867 2010
0.000 0 0 256 3 2 4 3467 877 1972
0.000 -1 0 256 1 4 -3 3487 835 1972
0.000 0 -1 258 3 -2 -3 3525 877 1915
0.000 -1 0 258 2 -1 3 3492 825 1987
0.000 1 0 257 2 0 -4 3472 835 1977
0.000 -1 -2 256 1 -4 1 3477 882 1972
0.000 -1 -3 257 1 2 0 3482 835 1972
0.000 -1 0 255 -2 2 -3 3487 825 1962
0.000 1 -4 255 -3 2 -1 3492 850 1942
0.000 0 -1 254 3 2 3 3530 845 1920
0.000 1 -3 255 0 0 3 3497 850 1962
0.000 -1 -2 256 -1 0 2 3482 830 1977
0.000 1 -2 257 1 -1 0 3487 877 1952
0.000 2 -2 254 -2 -1 1 3492 887 1982
0.000 0 -2 257 -2 3 4 3482 820 2020
0.000 2 -3 255 1 -2 3 3440 820 2010
0.000 0 -3 258 -4 1 1 3482 815 2000
0.000 1 0 257 3 4 -1 3482 855 1942
0.000 1 -5 257 1 -1 4 3472 825 1942
0.000 2 -2 251 3 0 2 3435 820 1915
0.000 4 -4 254 0 4 2 3477 855 1962
0.000 0 -2 254 0 -1 1 3487 845 1995
0.000 -1 -3 255 2 1 0 3487 835 1995
0.000 -1 0 254 1 -3 3 3520 845 1977
0.000 1 -2 253 2 0 -1 3472 867 1937
0.000 1 0 254 1 3 -1 3530 825 1915
0.000 1 -1 255 0 0 -1 3482 820 1982
0.000 1 -1 254 1 1 1 3535 807 1920
0.000 1 -1 256 2 -1 2 3467 855 1947
0.000 -2 -2 252 -1 -1 2 3467 862 1967
0.000 0 0 254 -1 0 4 3482 820 1977
0.000 -2 1 256 -1 1 1 3482 867 2050
0.000 0 -2 257 0 2 1 3502 835 1967
0.000 2 -3 260 1 -1 0 3520 850 2005
0.000 0 -2 256 4 2 -1 3502 862 1987
0.000 -1 -1 253 3 -4 0 3497 840 1972
0.000 1 -3 256 -1 -4 3 3492 820 1957
0.000 0 -1 255 3 0 2 3482 840 1987
0.000 0 -3 257 1 -1 -2 3482 850 1962
0.000 1 0 254 -4 0 1 3482 835 1962
0.000 0 -2 256 3 0 -2 3455 815 1962
0.000 -1 -1 255 -1 2 1 3440 825 1895
0.000 -2 -1 256 -4 1 -3 3530 820 2030
0.000 1 -3 253 1 -4 2 3502 835 1987
0.000 2 -1 256 1 2 0 3512 807 1957
0.000 -1 1 255 -3 4 -1 3467 882 1942
0.000 0 -1 253 -2 0 3 3467 835 2010
0.000 -1 -2 256 2 1 -2 3492 825 1972
0.000 0 -3 253 2 1 2 3497 850 1977
0.000 3 -4 255 1 3 1 3525 855 1962
0.000 0 -2 257 3 3 -1 3455 862 1995
0.000 -2 -5 255 -3 -2 0 3497 882 1987
0.000 0 -2 254 3 -1 2 3512 815 1920
0.000 -1 -4 253 2 5 1 3492 835 1962
0.000 0 -2 256 0 2 1 3492 850 1972
0.000 -2 2 254 -2 0 0 3520 840 2000
0.000 1 -2 253 2 1 0 3477 845 1972
0.000 -2 -3 257 2 1 2 3472 845 1977
0.000 1 0 255 1 7 0 3487 850 2000
0.000 0 -4 258 0 4 -1 3502 840 1957
0.000 -1 -4 255 2 -1 0 3482 825 1962
0.000 0 -1 256 -1 2 2 3492 850 1995
0.000 0 -2 256 -4 -2 -2 3502 825 1962
0.000 0 -3 255 -1 -1 1 3502 862 1962
0.000 1 -1 255 0 -2 -3 3525 850 1987
0.000 2 -2 257 -1 2 2 3512 835 1982
0.000 0 -1 256 2 5 0 3467 892 1972
0.000 2 -2 258 -3 -1 2 3502 862 1900
0.000 0 -1 258 3 4 2 3472 867 1957
0.000 -1 -1 254 0 2 0 3482 872 1952
0.000 -1 0 256 0 4 -1 3482 815 1957
0.000 -1 -2 255 0 2 -1 3487 850 1937
0.000 1 -3 255 3 2 -2 3472 820 1987
0.000 -2 -2 257 2 -1 1 3492 815 1987
0.000 0 -3 252 2 -4 1 3507 782 1987
0.000 0 -4 254 0 -1 -3 3472 867 1982
0.000 1 -3 253 1 0 -1 3455 867 1987
0.000 0 -1 254 1 3 1 3497 862 1995
0.000 1 -4 256 3 2 5 3502 820 1962
0.000 1 -2 258 1 2 3 3497 887 1972
0.000 1 -2 255 1 0 0 3492 825 1952
0.000 2 0 253 1 3 1 3455 867 2010
0.000 2 -2 256 1 -1 5 3472 825 1942
0.000 -2 -2 255 0 0 1 3497 802 2045
0.000 -2 -3 255 4 -4 -3 3487 815 1972
0.000 2 0 255 1 -3 0 3525 835 1962
0.000 1 -2 257 -2 3 0 3520 877 2005
0.000 0 -2 253 2 1 0 3492 855 1995
0.000 1 -3 256 -2 0 0 3487 835 1967
0.000 -2 -1 257 2 -1 2 3497 797 1932
0.000 -1 -2 253 1 5 0 3497 835 1952
0.000 1 -1 253 1 -1 2 3467 820 2000
0.000 1 -3 254 -1 -2 1 3472 845 1957
0.000 1 0 257 0 0 1 3487 850 1977
0.000 -1 0 254 -2 -4 -1 3520 825 1942
0.000 -2 0 252 -2 2 0 3450 820 1942
0.000 1 -3 255 -2 1 -1 3507 845 2020
0.000 1 -2 253 -1 4 1 3507 845 1967
0.000 0 -3 257 -2 2 2 3462 882 1972
0.000 0 -3 256 -3 2 1 3520 862 1952
0.000 3 -3 256 2 0 3 3472 850 1982
0.000 1 -2 257 1 -1 5 3482 855 2020
0.000 1 -2 256 0 2 0 3512 872 2035
0.000 1 -2 255 1 2 -1 3497 830 1962
0.000 0 -2 257 -5 -2 2 3512 845 2040
0.000 -1 -3 252 2 -5 -4 3477 840 1977
0.000 1 0 257 1 -1 0 3502 807 1967
0.000 1 -2 258 -3 3 0 3462 855 1937
0.000 1 -1 257 2 1 3 3467 835 1962
0.000 -1 -2 256 3 -1 -2 3535 830 1967
0.000 0 -2 252 -2 0 1 3492 850 1972
0.000 0 -1 255 1 -2 0 3502 877 1995
0.000 0 -3 257 1 3 3 3520 887 2000
0.000 3 -3 257 0 2 3 3512 835 2000
0.000 0 -3 252 0 1 0 3492 840 1982
0.000 -1 0 256 1 -2 -3 3477 845 1987
0.000 0 -1 252 0 2 -2 3462 830 2000
0.000 0 -1 253 -2 2 2 3507 862 1987
0.000 1 -2 252 3 -3 -1 3477 850 1967
0.000 -1 0 252 1 3 0 3462 867 1995
0.000 -1 -1 251 -1 1 2 3497 820 1977
0.000 -1 -3 256 3 4 2 3472 825 2020
0.000 1 -3 256 -1 1 -1 3502 772 1977
0.000 -2 -4 255 3 -2 0 3487 825 2010
0.000 2 -1 255 0 -2 -2 3450 840 1995
0.000 0 -1 254 0 2 3 3497 835 1925
0.000 -1 -1 257 3 2 3 3525 830 1920
0.000 1 -1 256 1 3 1 3497 815 1915
0.000 -2 -1 256 0 0 2 3497 862 1962
0.000 0 -1 256 2 4 -2 3482 877 1977
0.000 0 -3 256 2 -4 2 3487 862 2005
0.000 -1 -3 251 0 3 -3 3467 845 1967
0.000 1 -2 257 1 0 0 3455 787 1995
0.000 1 -5 258 -4 -1 -2 3492 815 2015
0.000 -1 -1 256 -1 2 -2 3487 840 1952
0.000 0 -3 254 -1 1 -3 3450 792 1957
0.000 0 -1 258 -1 -1 -2 3445 825 1972
0.000 0 0 256 1 5 -1 3482 862 1972
0.000 0 -2 253 3 -1 3 3502 830 1982
0.000 -1 -1 257 1 3 3 3477 845 1967
0.000 2 -3 257 2 1 0 3462 840 1972
0.000 -1 -1 252 0 1 -1 3525 825 2000
